#Random lattice graph with connectivity C = 4
#Vertices:	Bonds:
#	1024		2048
    0     1     0.87968214
    0    31     0.46372424
    0    32     0.58286998
    0   992    -0.94734988
    1     0     0.87968214
    1     2    -0.15925535
    1    33     0.76849842
    1   993     0.10869235
    2     1    -0.15925535
    2     3     1.65398848
    2    34    -0.43438906
    2   994     0.37637856
    3     2     1.65398848
    3     4    -1.50139382
    3    35     0.47005254
    3   995     0.34976442
    4     3    -1.50139382
    4     5     1.09974055
    4    36    -0.38808450
    4   996    -0.09070272
    5     4     1.09974055
    5     6    -0.23119194
    5    37    -1.31842325
    5   997     0.34929171
    6     5    -0.23119194
    6     7    -0.19585854
    6    38     0.91888130
    6   998     0.01341804
    7     6    -0.19585854
    7     8    -0.06397817
    7    39     0.68077605
    7   999    -0.35087060
    8     7    -0.06397817
    8     9    -0.75392966
    8    40     0.09445989
    8  1000    -0.39479676
    9     8    -0.75392966
    9    10     0.45071561
    9    41    -1.19902707
    9  1001     0.74970668
   10     9     0.45071561
   10    11    -2.65832565
   10    42    -1.02137746
   10  1002    -1.29043843
   11    10    -2.65832565
   11    12     0.70172472
   11    43    -1.20920977
   11  1003     0.44179589
   12    11     0.70172472
   12    13    -1.35580727
   12    44     1.06520948
   12  1004     0.09218896
   13    12    -1.35580727
   13    14    -1.28593731
   13    45    -1.63084842
   13  1005    -0.45471615
   14    13    -1.28593731
   14    15     0.16701839
   14    46     1.67416488
   14  1006    -0.76679804
   15    14     0.16701839
   15    16     0.21781424
   15    47    -1.12714823
   15  1007    -0.73663584
   16    15     0.21781424
   16    17     0.20714048
   16    48    -1.44136870
   16  1008    -0.34452503
   17    16     0.20714048
   17    18    -0.65187056
   17    49    -0.72703696
   17  1009     1.22140064
   18    17    -0.65187056
   18    19     0.11768349
   18    50     0.33485153
   18  1010    -0.70671091
   19    18     0.11768349
   19    20     0.95849365
   19    51     2.05333633
   19  1011     0.10123636
   20    19     0.95849365
   20    21     0.64889535
   20    52    -0.22389099
   20  1012    -0.34726726
   21    20     0.64889535
   21    22     1.69342392
   21    53    -1.15349661
   21  1013    -0.97539679
   22    21     1.69342392
   22    23     1.68294395
   22    54    -2.05251370
   22  1014     1.93763641
   23    22     1.68294395
   23    24    -1.86269151
   23    55    -0.41215525
   23  1015     0.66002434
   24    23    -1.86269151
   24    25    -1.34676465
   24    56    -1.30096749
   24  1016     1.11385596
   25    24    -1.34676465
   25    26    -0.43827420
   25    57    -0.22169911
   25  1017     0.06647802
   26    25    -0.43827420
   26    27     1.01371654
   26    58     1.34391564
   26  1018     0.05012816
   27    26     1.01371654
   27    28    -0.31492135
   27    59     0.12934177
   27  1019    -1.02820382
   28    27    -0.31492135
   28    29     0.13289307
   28    60     0.93695555
   28  1020     0.09201770
   29    28     0.13289307
   29    30    -1.07296361
   29    61    -0.35074212
   29  1021    -0.48269150
   30    29    -1.07296361
   30    31    -0.52837547
   30    62     0.49831656
   30  1022     1.74939122
   31     0     0.46372424
   31    30    -0.52837547
   31    63    -1.07955676
   31  1023     1.50438134
   32     0     0.58286998
   32    33     0.93521255
   32    63     0.44955603
   32    64     1.64985253
   33     1     0.76849842
   33    32     0.93521255
   33    34     1.01539726
   33    65     0.47247729
   34     2    -0.43438906
   34    33     1.01539726
   34    35    -0.16605190
   34    66     0.08468393
   35     3     0.47005254
   35    34    -0.16605190
   35    36     1.90451536
   35    67     1.15155439
   36     4    -0.38808450
   36    35     1.90451536
   36    37     0.45658385
   36    68    -0.43853043
   37     5    -1.31842325
   37    36     0.45658385
   37    38     0.37530668
   37    69     0.23161276
   38     6     0.91888130
   38    37     0.37530668
   38    39     0.24608908
   38    70    -0.21347756
   39     7     0.68077605
   39    38     0.24608908
   39    40    -1.25133233
   39    71    -0.31169364
   40     8     0.09445989
   40    39    -1.25133233
   40    41    -0.54228042
   40    72    -0.08805517
   41     9    -1.19902707
   41    40    -0.54228042
   41    42    -1.65106544
   41    73    -0.10075975
   42    10    -1.02137746
   42    41    -1.65106544
   42    43    -1.43928122
   42    74     0.30713609
   43    11    -1.20920977
   43    42    -1.43928122
   43    44     1.85909343
   43    75     1.10751052
   44    12     1.06520948
   44    43     1.85909343
   44    45     1.34651605
   44    76     1.50180898
   45    13    -1.63084842
   45    44     1.34651605
   45    46    -0.70449423
   45    77    -0.74068364
   46    14     1.67416488
   46    45    -0.70449423
   46    47    -1.16929928
   46    78     0.75106266
   47    15    -1.12714823
   47    46    -1.16929928
   47    48    -0.81859228
   47    79    -0.07764935
   48    16    -1.44136870
   48    47    -0.81859228
   48    49    -0.37271023
   48    80    -0.75600084
   49    17    -0.72703696
   49    48    -0.37271023
   49    50     0.14156201
   49    81     0.94546649
   50    18     0.33485153
   50    49     0.14156201
   50    51     0.27177355
   50    82    -1.10268139
   51    19     2.05333633
   51    50     0.27177355
   51    52    -0.26901432
   51    83     0.62284084
   52    20    -0.22389099
   52    51    -0.26901432
   52    53    -0.04940700
   52    84    -0.11507739
   53    21    -1.15349661
   53    52    -0.04940700
   53    54     0.39290245
   53    85     2.47467289
   54    22    -2.05251370
   54    53     0.39290245
   54    55     0.23358117
   54    86    -0.66971655
   55    23    -0.41215525
   55    54     0.23358117
   55    56    -0.59126898
   55    87     0.68468621
   56    24    -1.30096749
   56    55    -0.59126898
   56    57    -0.56240404
   56    88    -1.49546653
   57    25    -0.22169911
   57    56    -0.56240404
   57    58     0.65969514
   57    89    -1.65264268
   58    26     1.34391564
   58    57     0.65969514
   58    59     0.13418764
   58    90    -0.44880646
   59    27     0.12934177
   59    58     0.13418764
   59    60     0.41040166
   59    91    -0.11904613
   60    28     0.93695555
   60    59     0.41040166
   60    61     0.30812602
   60    92     0.30709123
   61    29    -0.35074212
   61    60     0.30812602
   61    62     1.67336604
   61    93     0.97506458
   62    30     0.49831656
   62    61     1.67336604
   62    63     0.50711004
   62    94     0.74333799
   63    31    -1.07955676
   63    32     0.44955603
   63    62     0.50711004
   63    95    -1.34533450
   64    32     1.64985253
   64    65    -1.03446471
   64    95     1.09535411
   64    96     0.56277354
   65    33     0.47247729
   65    64    -1.03446471
   65    66     1.31744728
   65    97    -1.53208454
   66    34     0.08468393
   66    65     1.31744728
   66    67    -1.62488767
   66    98     0.45241734
   67    35     1.15155439
   67    66    -1.62488767
   67    68     0.99430493
   67    99     0.01717366
   68    36    -0.43853043
   68    67     0.99430493
   68    69    -0.90635973
   68   100    -0.17095395
   69    37     0.23161276
   69    68    -0.90635973
   69    70    -0.27925054
   69   101    -1.01508542
   70    38    -0.21347756
   70    69    -0.27925054
   70    71     0.28092808
   70   102    -0.24419464
   71    39    -0.31169364
   71    70     0.28092808
   71    72     0.60598250
   71   103     0.50347953
   72    40    -0.08805517
   72    71     0.60598250
   72    73     2.36439571
   72   104     0.64421945
   73    41    -0.10075975
   73    72     2.36439571
   73    74    -0.40391376
   73   105    -0.54984306
   74    42     0.30713609
   74    73    -0.40391376
   74    75     1.24001805
   74   106    -1.35633389
   75    43     1.10751052
   75    74     1.24001805
   75    76    -1.00034921
   75   107     0.07589132
   76    44     1.50180898
   76    75    -1.00034921
   76    77     1.57387296
   76   108    -1.33202653
   77    45    -0.74068364
   77    76     1.57387296
   77    78     1.54485308
   77   109     2.08758637
   78    46     0.75106266
   78    77     1.54485308
   78    79     1.75836664
   78   110    -0.81624089
   79    47    -0.07764935
   79    78     1.75836664
   79    80     0.79481410
   79   111    -0.64975320
   80    48    -0.75600084
   80    79     0.79481410
   80    81    -2.37588692
   80   112    -1.51588741
   81    49     0.94546649
   81    80    -2.37588692
   81    82     1.79578192
   81   113     1.15085994
   82    50    -1.10268139
   82    81     1.79578192
   82    83    -1.54401276
   82   114    -0.13767695
   83    51     0.62284084
   83    82    -1.54401276
   83    84     2.02151634
   83   115    -0.46051879
   84    52    -0.11507739
   84    83     2.02151634
   84    85    -0.92536808
   84   116     1.43094906
   85    53     2.47467289
   85    84    -0.92536808
   85    86    -0.05697342
   85   117    -0.05796752
   86    54    -0.66971655
   86    85    -0.05697342
   86    87     1.15340673
   86   118    -0.23157891
   87    55     0.68468621
   87    86     1.15340673
   87    88    -0.17625876
   87   119     1.93657557
   88    56    -1.49546653
   88    87    -0.17625876
   88    89     1.51548986
   88   120     0.86676666
   89    57    -1.65264268
   89    88     1.51548986
   89    90     0.07121454
   89   121     0.07972176
   90    58    -0.44880646
   90    89     0.07121454
   90    91     0.31186139
   90   122     1.48906803
   91    59    -0.11904613
   91    90     0.31186139
   91    92    -2.37829372
   91   123    -0.53584484
   92    60     0.30709123
   92    91    -2.37829372
   92    93     0.16045761
   92   124    -1.14946774
   93    61     0.97506458
   93    92     0.16045761
   93    94     1.35741255
   93   125     0.07211349
   94    62     0.74333799
   94    93     1.35741255
   94    95     0.04206733
   94   126     0.20234241
   95    63    -1.34533450
   95    64     1.09535411
   95    94     0.04206733
   95   127     0.67386459
   96    64     0.56277354
   96    97    -0.30771548
   96   127     0.13318397
   96   128     0.48152284
   97    65    -1.53208454
   97    96    -0.30771548
   97    98     0.01856089
   97   129    -0.35787188
   98    66     0.45241734
   98    97     0.01856089
   98    99     1.38382817
   98   130    -0.91658188
   99    67     0.01717366
   99    98     1.38382817
   99   100     1.90795653
   99   131     0.53070146
  100    68    -0.17095395
  100    99     1.90795653
  100   101    -0.23624875
  100   132     0.58088320
  101    69    -1.01508542
  101   100    -0.23624875
  101   102     2.19802785
  101   133    -1.18270934
  102    70    -0.24419464
  102   101     2.19802785
  102   103     0.16585728
  102   134     0.97582297
  103    71     0.50347953
  103   102     0.16585728
  103   104     0.95669831
  103   135    -1.04938546
  104    72     0.64421945
  104   103     0.95669831
  104   105    -1.43451771
  104   136    -0.42184392
  105    73    -0.54984306
  105   104    -1.43451771
  105   106     0.51506277
  105   137     1.05357072
  106    74    -1.35633389
  106   105     0.51506277
  106   107    -0.15431980
  106   138     1.78945157
  107    75     0.07589132
  107   106    -0.15431980
  107   108    -0.21837934
  107   139     1.64767523
  108    76    -1.33202653
  108   107    -0.21837934
  108   109    -0.27393225
  108   140    -0.92648066
  109    77     2.08758637
  109   108    -0.27393225
  109   110     0.71176161
  109   141    -2.38222668
  110    78    -0.81624089
  110   109     0.71176161
  110   111     0.46421161
  110   142     0.88403957
  111    79    -0.64975320
  111   110     0.46421161
  111   112     0.95655533
  111   143    -1.07453444
  112    80    -1.51588741
  112   111     0.95655533
  112   113    -1.49364360
  112   144     1.11963417
  113    81     1.15085994
  113   112    -1.49364360
  113   114    -1.35265191
  113   145     0.50820298
  114    82    -0.13767695
  114   113    -1.35265191
  114   115    -0.41346294
  114   146    -0.43218558
  115    83    -0.46051879
  115   114    -0.41346294
  115   116    -0.06649496
  115   147    -0.39701280
  116    84     1.43094906
  116   115    -0.06649496
  116   117     1.07395433
  116   148    -3.33049693
  117    85    -0.05796752
  117   116     1.07395433
  117   118     1.57529953
  117   149    -0.13771855
  118    86    -0.23157891
  118   117     1.57529953
  118   119    -0.37137151
  118   150     1.17724072
  119    87     1.93657557
  119   118    -0.37137151
  119   120    -0.91983381
  119   151     1.10681327
  120    88     0.86676666
  120   119    -0.91983381
  120   121    -1.29165339
  120   152     0.63240057
  121    89     0.07972176
  121   120    -1.29165339
  121   122    -1.82236786
  121   153    -1.11716524
  122    90     1.48906803
  122   121    -1.82236786
  122   123     1.00268731
  122   154    -0.15325505
  123    91    -0.53584484
  123   122     1.00268731
  123   124    -1.07311432
  123   155    -2.76937126
  124    92    -1.14946774
  124   123    -1.07311432
  124   125     1.02264460
  124   156    -2.94423946
  125    93     0.07211349
  125   124     1.02264460
  125   126     1.84156217
  125   157    -0.44334582
  126    94     0.20234241
  126   125     1.84156217
  126   127    -0.97352478
  126   158     0.11023796
  127    95     0.67386459
  127    96     0.13318397
  127   126    -0.97352478
  127   159     1.88013792
  128    96     0.48152284
  128   129     0.53814221
  128   159    -0.39195334
  128   160     0.28000061
  129    97    -0.35787188
  129   128     0.53814221
  129   130    -0.29711991
  129   161     1.07948265
  130    98    -0.91658188
  130   129    -0.29711991
  130   131    -0.38597519
  130   162     1.15485649
  131    99     0.53070146
  131   130    -0.38597519
  131   132    -0.68844308
  131   163    -0.54820527
  132   100     0.58088320
  132   131    -0.68844308
  132   133     0.86865963
  132   164     1.34460698
  133   101    -1.18270934
  133   132     0.86865963
  133   134    -0.24915593
  133   165     1.11039813
  134   102     0.97582297
  134   133    -0.24915593
  134   135     0.21293383
  134   166     0.65740179
  135   103    -1.04938546
  135   134     0.21293383
  135   136    -2.50394978
  135   167    -0.78102538
  136   104    -0.42184392
  136   135    -2.50394978
  136   137     0.60989086
  136   168    -2.85456631
  137   105     1.05357072
  137   136     0.60989086
  137   138     0.67257283
  137   169     0.17482593
  138   106     1.78945157
  138   137     0.67257283
  138   139     0.60919070
  138   170    -1.94785715
  139   107     1.64767523
  139   138     0.60919070
  139   140    -2.23949171
  139   171     2.04041992
  140   108    -0.92648066
  140   139    -2.23949171
  140   141    -0.81806278
  140   172     2.16801913
  141   109    -2.38222668
  141   140    -0.81806278
  141   142    -0.29927677
  141   173    -0.96982037
  142   110     0.88403957
  142   141    -0.29927677
  142   143     0.02568059
  142   174     0.66676422
  143   111    -1.07453444
  143   142     0.02568059
  143   144    -1.04590203
  143   175    -1.01472710
  144   112     1.11963417
  144   143    -1.04590203
  144   145     0.56372598
  144   176     1.04472322
  145   113     0.50820298
  145   144     0.56372598
  145   146    -0.94546008
  145   177     1.54530714
  146   114    -0.43218558
  146   145    -0.94546008
  146   147    -0.33341865
  146   178    -0.07359642
  147   115    -0.39701280
  147   146    -0.33341865
  147   148    -0.48940427
  147   179    -0.75934189
  148   116    -3.33049693
  148   147    -0.48940427
  148   149     1.80624149
  148   180    -0.01869592
  149   117    -0.13771855
  149   148     1.80624149
  149   150     1.14882886
  149   181     0.58886575
  150   118     1.17724072
  150   149     1.14882886
  150   151     1.03764949
  150   182     1.55992742
  151   119     1.10681327
  151   150     1.03764949
  151   152    -2.67309062
  151   183     0.26582306
  152   120     0.63240057
  152   151    -2.67309062
  152   153    -0.08978762
  152   184     1.33257472
  153   121    -1.11716524
  153   152    -0.08978762
  153   154     0.93234882
  153   185     0.35264117
  154   122    -0.15325505
  154   153     0.93234882
  154   155    -0.75511782
  154   186    -1.54806239
  155   123    -2.76937126
  155   154    -0.75511782
  155   156     1.07258681
  155   187    -0.35775922
  156   124    -2.94423946
  156   155     1.07258681
  156   157    -0.59875746
  156   188    -0.67166580
  157   125    -0.44334582
  157   156    -0.59875746
  157   158     1.23847998
  157   189    -0.16812901
  158   126     0.11023796
  158   157     1.23847998
  158   159    -0.62229372
  158   190     1.08159331
  159   127     1.88013792
  159   128    -0.39195334
  159   158    -0.62229372
  159   191     0.26286029
  160   128     0.28000061
  160   161    -0.63912274
  160   191    -0.44993706
  160   192    -0.09657428
  161   129     1.07948265
  161   160    -0.63912274
  161   162    -1.15413647
  161   193    -0.71170309
  162   130     1.15485649
  162   161    -1.15413647
  162   163     1.32865991
  162   194     1.27938207
  163   131    -0.54820527
  163   162     1.32865991
  163   164    -2.37913720
  163   195    -0.53547918
  164   132     1.34460698
  164   163    -2.37913720
  164   165     0.88840052
  164   196     0.77514728
  165   133     1.11039813
  165   164     0.88840052
  165   166    -1.71349137
  165   197     1.17231501
  166   134     0.65740179
  166   165    -1.71349137
  166   167    -1.31812197
  166   198     0.49755933
  167   135    -0.78102538
  167   166    -1.31812197
  167   168     0.50762513
  167   199     0.45387022
  168   136    -2.85456631
  168   167     0.50762513
  168   169    -0.04826438
  168   200     2.79513832
  169   137     0.17482593
  169   168    -0.04826438
  169   170     0.54353278
  169   201    -0.40212393
  170   138    -1.94785715
  170   169     0.54353278
  170   171     1.04877263
  170   202     0.87911373
  171   139     2.04041992
  171   170     1.04877263
  171   172    -0.48233507
  171   203     0.56728344
  172   140     2.16801913
  172   171    -0.48233507
  172   173    -0.64572050
  172   204    -0.65410321
  173   141    -0.96982037
  173   172    -0.64572050
  173   174     1.32569562
  173   205    -0.11739973
  174   142     0.66676422
  174   173     1.32569562
  174   175     0.73294929
  174   206    -0.85732869
  175   143    -1.01472710
  175   174     0.73294929
  175   176     0.62044716
  175   207     1.20679709
  176   144     1.04472322
  176   175     0.62044716
  176   177     0.35018774
  176   208     1.30914835
  177   145     1.54530714
  177   176     0.35018774
  177   178     0.89042159
  177   209     1.95089641
  178   146    -0.07359642
  178   177     0.89042159
  178   179     1.69142406
  178   210     2.30024359
  179   147    -0.75934189
  179   178     1.69142406
  179   180     0.71895817
  179   211     0.53891432
  180   148    -0.01869592
  180   179     0.71895817
  180   181    -0.84063135
  180   212     0.66906172
  181   149     0.58886575
  181   180    -0.84063135
  181   182     0.99662099
  181   213     1.10162436
  182   150     1.55992742
  182   181     0.99662099
  182   183     0.87511402
  182   214    -1.53879950
  183   151     0.26582306
  183   182     0.87511402
  183   184    -0.57287865
  183   215    -0.41242985
  184   152     1.33257472
  184   183    -0.57287865
  184   185     0.99758647
  184   216     0.14656817
  185   153     0.35264117
  185   184     0.99758647
  185   186    -1.94240163
  185   217    -0.86221306
  186   154    -1.54806239
  186   185    -1.94240163
  186   187    -1.67059378
  186   218     0.24894357
  187   155    -0.35775922
  187   186    -1.67059378
  187   188    -0.64931009
  187   219    -1.30891511
  188   156    -0.67166580
  188   187    -0.64931009
  188   189     1.42144011
  188   220     0.55354970
  189   157    -0.16812901
  189   188     1.42144011
  189   190    -0.34199378
  189   221    -0.90582158
  190   158     1.08159331
  190   189    -0.34199378
  190   191     1.00902460
  190   222    -0.61842696
  191   159     0.26286029
  191   160    -0.44993706
  191   190     1.00902460
  191   223     1.36940333
  192   160    -0.09657428
  192   193    -0.02449080
  192   223     1.05666439
  192   224     0.50623687
  193   161    -0.71170309
  193   192    -0.02449080
  193   194    -1.64241118
  193   225     0.16330503
  194   162     1.27938207
  194   193    -1.64241118
  194   195     0.13283058
  194   226     1.58208160
  195   163    -0.53547918
  195   194     0.13283058
  195   196    -1.35080581
  195   227    -0.77258511
  196   164     0.77514728
  196   195    -1.35080581
  196   197    -0.19126408
  196   228     0.50248313
  197   165     1.17231501
  197   196    -0.19126408
  197   198    -0.59844282
  197   229    -0.57284350
  198   166     0.49755933
  198   197    -0.59844282
  198   199     0.43648990
  198   230     1.06133315
  199   167     0.45387022
  199   198     0.43648990
  199   200     0.91153983
  199   231    -0.25412301
  200   168     2.79513832
  200   199     0.91153983
  200   201    -0.83897335
  200   232    -1.05811660
  201   169    -0.40212393
  201   200    -0.83897335
  201   202    -2.17085712
  201   233    -0.40251756
  202   170     0.87911373
  202   201    -2.17085712
  202   203     0.17102502
  202   234     0.75429637
  203   171     0.56728344
  203   202     0.17102502
  203   204    -0.53977269
  203   235     0.89534681
  204   172    -0.65410321
  204   203    -0.53977269
  204   205     1.05548848
  204   236     1.82989049
  205   173    -0.11739973
  205   204     1.05548848
  205   206    -0.39458412
  205   237    -0.25433831
  206   174    -0.85732869
  206   205    -0.39458412
  206   207    -0.78691384
  206   238    -0.63626121
  207   175     1.20679709
  207   206    -0.78691384
  207   208     0.36201481
  207   239    -1.09620212
  208   176     1.30914835
  208   207     0.36201481
  208   209    -0.56274325
  208   240    -0.68340669
  209   177     1.95089641
  209   208    -0.56274325
  209   210     0.26115557
  209   241    -0.78589831
  210   178     2.30024359
  210   209     0.26115557
  210   211    -1.21069892
  210   242     1.15090536
  211   179     0.53891432
  211   210    -1.21069892
  211   212     1.71361085
  211   243     0.52151586
  212   180     0.66906172
  212   211     1.71361085
  212   213     0.07856862
  212   244    -0.18913005
  213   181     1.10162436
  213   212     0.07856862
  213   214     0.25236388
  213   245     1.98014536
  214   182    -1.53879950
  214   213     0.25236388
  214   215    -0.06145547
  214   246     0.42512920
  215   183    -0.41242985
  215   214    -0.06145547
  215   216    -0.89765857
  215   247    -0.92876461
  216   184     0.14656817
  216   215    -0.89765857
  216   217    -0.31277598
  216   248     1.16411159
  217   185    -0.86221306
  217   216    -0.31277598
  217   218     0.59823786
  217   249    -0.15951468
  218   186     0.24894357
  218   217     0.59823786
  218   219     0.18642165
  218   250     0.94402491
  219   187    -1.30891511
  219   218     0.18642165
  219   220    -0.41330767
  219   251     0.20326408
  220   188     0.55354970
  220   219    -0.41330767
  220   221     0.98331153
  220   252     0.97758650
  221   189    -0.90582158
  221   220     0.98331153
  221   222    -1.01179422
  221   253     0.56758935
  222   190    -0.61842696
  222   221    -1.01179422
  222   223    -1.64719222
  222   254    -0.36132501
  223   191     1.36940333
  223   192     1.05666439
  223   222    -1.64719222
  223   255     1.16736371
  224   192     0.50623687
  224   225     0.13613716
  224   255     0.21293630
  224   256    -0.41654203
  225   193     0.16330503
  225   224     0.13613716
  225   226     1.02458266
  225   257    -1.44105621
  226   194     1.58208160
  226   225     1.02458266
  226   227    -1.51457167
  226   258     0.75244935
  227   195    -0.77258511
  227   226    -1.51457167
  227   228     0.27127221
  227   259     0.85814219
  228   196     0.50248313
  228   227     0.27127221
  228   229    -1.46899166
  228   260     0.53365567
  229   197    -0.57284350
  229   228    -1.46899166
  229   230     0.75440662
  229   261    -0.18859092
  230   198     1.06133315
  230   229     0.75440662
  230   231    -0.70420395
  230   262    -0.30002442
  231   199    -0.25412301
  231   230    -0.70420395
  231   232     0.00188489
  231   263    -0.46240114
  232   200    -1.05811660
  232   231     0.00188489
  232   233    -0.54725196
  232   264     1.33364120
  233   201    -0.40251756
  233   232    -0.54725196
  233   234    -0.64372944
  233   265    -0.21352150
  234   202     0.75429637
  234   233    -0.64372944
  234   235    -0.51449804
  234   266     0.20409259
  235   203     0.89534681
  235   234    -0.51449804
  235   236     0.44344441
  235   267    -1.59720680
  236   204     1.82989049
  236   235     0.44344441
  236   237     0.51640125
  236   268     0.13664380
  237   205    -0.25433831
  237   236     0.51640125
  237   238    -0.59035785
  237   269     0.66029027
  238   206    -0.63626121
  238   237    -0.59035785
  238   239     0.13565645
  238   270    -0.03664983
  239   207    -1.09620212
  239   238     0.13565645
  239   240     1.96543958
  239   271    -0.59932592
  240   208    -0.68340669
  240   239     1.96543958
  240   241     1.43606562
  240   272    -1.16667586
  241   209    -0.78589831
  241   240     1.43606562
  241   242     0.38715578
  241   273     0.41280638
  242   210     1.15090536
  242   241     0.38715578
  242   243    -0.60748459
  242   274     0.59307783
  243   211     0.52151586
  243   242    -0.60748459
  243   244    -0.48785349
  243   275    -0.27190099
  244   212    -0.18913005
  244   243    -0.48785349
  244   245     0.46713549
  244   276    -1.06680064
  245   213     1.98014536
  245   244     0.46713549
  245   246     1.13266703
  245   277    -0.79707587
  246   214     0.42512920
  246   245     1.13266703
  246   247     1.04509683
  246   278     0.00439029
  247   215    -0.92876461
  247   246     1.04509683
  247   248    -2.09374439
  247   279    -0.48568061
  248   216     1.16411159
  248   247    -2.09374439
  248   249     0.12836340
  248   280     0.63340395
  249   217    -0.15951468
  249   248     0.12836340
  249   250    -0.37471367
  249   281     0.58586891
  250   218     0.94402491
  250   249    -0.37471367
  250   251    -1.50580223
  250   282    -0.42696122
  251   219     0.20326408
  251   250    -1.50580223
  251   252     0.03494289
  251   283    -0.72784540
  252   220     0.97758650
  252   251     0.03494289
  252   253     1.97871896
  252   284    -0.92900347
  253   221     0.56758935
  253   252     1.97871896
  253   254    -0.20904065
  253   285    -1.64925373
  254   222    -0.36132501
  254   253    -0.20904065
  254   255    -0.23446663
  254   286    -1.81875189
  255   223     1.16736371
  255   224     0.21293630
  255   254    -0.23446663
  255   287     0.67123496
  256   224    -0.41654203
  256   257    -1.33751583
  256   287     0.15232414
  256   288    -1.37423844
  257   225    -1.44105621
  257   256    -1.33751583
  257   258     0.11135253
  257   289    -1.40520744
  258   226     0.75244935
  258   257     0.11135253
  258   259     0.83663290
  258   290     1.45380862
  259   227     0.85814219
  259   258     0.83663290
  259   260    -0.57445869
  259   291     1.54945616
  260   228     0.53365567
  260   259    -0.57445869
  260   261     0.34005805
  260   292    -0.44342730
  261   229    -0.18859092
  261   260     0.34005805
  261   262     0.37081821
  261   293    -1.44449497
  262   230    -0.30002442
  262   261     0.37081821
  262   263    -0.59859726
  262   294    -1.87939244
  263   231    -0.46240114
  263   262    -0.59859726
  263   264    -0.22645594
  263   295     0.22127686
  264   232     1.33364120
  264   263    -0.22645594
  264   265     0.61082628
  264   296     0.74853675
  265   233    -0.21352150
  265   264     0.61082628
  265   266    -2.32760937
  265   297    -0.86114659
  266   234     0.20409259
  266   265    -2.32760937
  266   267    -0.61202148
  266   298    -0.32118585
  267   235    -1.59720680
  267   266    -0.61202148
  267   268     0.66351758
  267   299    -0.80642193
  268   236     0.13664380
  268   267     0.66351758
  268   269     0.99758234
  268   300    -1.01849801
  269   237     0.66029027
  269   268     0.99758234
  269   270    -1.30192054
  269   301    -1.30177880
  270   238    -0.03664983
  270   269    -1.30192054
  270   271     0.40970068
  270   302    -0.41077289
  271   239    -0.59932592
  271   270     0.40970068
  271   272    -1.98649648
  271   303    -0.39024236
  272   240    -1.16667586
  272   271    -1.98649648
  272   273    -0.62701327
  272   304    -0.36318604
  273   241     0.41280638
  273   272    -0.62701327
  273   274     0.12931413
  273   305    -1.68825034
  274   242     0.59307783
  274   273     0.12931413
  274   275     0.54876965
  274   306    -2.39527631
  275   243    -0.27190099
  275   274     0.54876965
  275   276     0.93916450
  275   307    -0.08063210
  276   244    -1.06680064
  276   275     0.93916450
  276   277     1.41811550
  276   308    -0.60155317
  277   245    -0.79707587
  277   276     1.41811550
  277   278    -0.15790278
  277   309     0.90543226
  278   246     0.00439029
  278   277    -0.15790278
  278   279    -0.44527259
  278   310     0.32854874
  279   247    -0.48568061
  279   278    -0.44527259
  279   280     0.55808209
  279   311     1.50406248
  280   248     0.63340395
  280   279     0.55808209
  280   281    -1.17958325
  280   312    -1.74462730
  281   249     0.58586891
  281   280    -1.17958325
  281   282     0.25078964
  281   313    -0.61818325
  282   250    -0.42696122
  282   281     0.25078964
  282   283     1.06525876
  282   314    -1.44197724
  283   251    -0.72784540
  283   282     1.06525876
  283   284     0.48533877
  283   315    -0.09710145
  284   252    -0.92900347
  284   283     0.48533877
  284   285    -0.77607536
  284   316     0.24322327
  285   253    -1.64925373
  285   284    -0.77607536
  285   286    -0.18554658
  285   317    -0.47807026
  286   254    -1.81875189
  286   285    -0.18554658
  286   287    -0.64155766
  286   318     2.19786083
  287   255     0.67123496
  287   256     0.15232414
  287   286    -0.64155766
  287   319     0.80468409
  288   256    -1.37423844
  288   289     0.61910250
  288   319     0.50133145
  288   320    -0.39767718
  289   257    -1.40520744
  289   288     0.61910250
  289   290     1.24570223
  289   321    -0.80197981
  290   258     1.45380862
  290   289     1.24570223
  290   291     0.29693632
  290   322    -0.06836152
  291   259     1.54945616
  291   290     0.29693632
  291   292     0.59579072
  291   323    -1.01741209
  292   260    -0.44342730
  292   291     0.59579072
  292   293     0.18322534
  292   324    -0.25312245
  293   261    -1.44449497
  293   292     0.18322534
  293   294     0.29989875
  293   325     0.01514465
  294   262    -1.87939244
  294   293     0.29989875
  294   295    -0.47190976
  294   326     1.32591273
  295   263     0.22127686
  295   294    -0.47190976
  295   296     0.86885120
  295   327     0.59608043
  296   264     0.74853675
  296   295     0.86885120
  296   297     0.05340452
  296   328     0.53060485
  297   265    -0.86114659
  297   296     0.05340452
  297   298    -1.18730892
  297   329     0.72941132
  298   266    -0.32118585
  298   297    -1.18730892
  298   299    -2.44864481
  298   330     0.43368618
  299   267    -0.80642193
  299   298    -2.44864481
  299   300    -0.68988556
  299   331     1.16274400
  300   268    -1.01849801
  300   299    -0.68988556
  300   301     1.70589623
  300   332    -0.16247513
  301   269    -1.30177880
  301   300     1.70589623
  301   302    -0.13164097
  301   333     0.79347478
  302   270    -0.41077289
  302   301    -0.13164097
  302   303     0.06644478
  302   334    -1.30595481
  303   271    -0.39024236
  303   302     0.06644478
  303   304     0.40552465
  303   335     0.67475420
  304   272    -0.36318604
  304   303     0.40552465
  304   305     0.94794290
  304   336    -1.14390814
  305   273    -1.68825034
  305   304     0.94794290
  305   306     0.04986307
  305   337    -0.07531411
  306   274    -2.39527631
  306   305     0.04986307
  306   307    -0.26093103
  306   338    -0.85317423
  307   275    -0.08063210
  307   306    -0.26093103
  307   308    -1.22357826
  307   339     0.92243747
  308   276    -0.60155317
  308   307    -1.22357826
  308   309     0.86879663
  308   340     0.31779505
  309   277     0.90543226
  309   308     0.86879663
  309   310    -0.29334878
  309   341     0.44760635
  310   278     0.32854874
  310   309    -0.29334878
  310   311     0.48816927
  310   342    -0.30484119
  311   279     1.50406248
  311   310     0.48816927
  311   312     0.57736155
  311   343    -1.46242869
  312   280    -1.74462730
  312   311     0.57736155
  312   313     0.60715728
  312   344    -1.28374058
  313   281    -0.61818325
  313   312     0.60715728
  313   314     0.94925734
  313   345     0.67700323
  314   282    -1.44197724
  314   313     0.94925734
  314   315    -0.58115529
  314   346     0.76679610
  315   283    -0.09710145
  315   314    -0.58115529
  315   316     0.23606930
  315   347     0.82112962
  316   284     0.24322327
  316   315     0.23606930
  316   317    -0.30099916
  316   348    -0.53759325
  317   285    -0.47807026
  317   316    -0.30099916
  317   318     0.35486989
  317   349     0.13522812
  318   286     2.19786083
  318   317     0.35486989
  318   319     0.80202440
  318   350     0.38691986
  319   287     0.80468409
  319   288     0.50133145
  319   318     0.80202440
  319   351    -0.26877785
  320   288    -0.39767718
  320   321     0.84346672
  320   351    -0.11604393
  320   352    -0.93293112
  321   289    -0.80197981
  321   320     0.84346672
  321   322    -1.95020959
  321   353     0.46670155
  322   290    -0.06836152
  322   321    -1.95020959
  322   323     0.10856699
  322   354    -1.06715025
  323   291    -1.01741209
  323   322     0.10856699
  323   324     2.18929053
  323   355    -2.79666586
  324   292    -0.25312245
  324   323     2.18929053
  324   325    -1.87448788
  324   356     1.14238733
  325   293     0.01514465
  325   324    -1.87448788
  325   326     0.80955185
  325   357    -0.22398768
  326   294     1.32591273
  326   325     0.80955185
  326   327    -2.10001700
  326   358     0.69423869
  327   295     0.59608043
  327   326    -2.10001700
  327   328    -2.04119573
  327   359     1.62003017
  328   296     0.53060485
  328   327    -2.04119573
  328   329    -2.09073688
  328   360     0.10463568
  329   297     0.72941132
  329   328    -2.09073688
  329   330     0.42024704
  329   361    -0.62591743
  330   298     0.43368618
  330   329     0.42024704
  330   331     0.05140193
  330   362    -2.44630598
  331   299     1.16274400
  331   330     0.05140193
  331   332    -0.62170192
  331   363    -1.73992271
  332   300    -0.16247513
  332   331    -0.62170192
  332   333     2.51450050
  332   364    -0.85509788
  333   301     0.79347478
  333   332     2.51450050
  333   334    -0.66201567
  333   365     2.15720363
  334   302    -1.30595481
  334   333    -0.66201567
  334   335    -0.23923779
  334   366    -0.29799615
  335   303     0.67475420
  335   334    -0.23923779
  335   336    -1.81449592
  335   367    -1.25609254
  336   304    -1.14390814
  336   335    -1.81449592
  336   337    -0.27054041
  336   368     1.79554609
  337   305    -0.07531411
  337   336    -0.27054041
  337   338    -0.26750250
  337   369    -1.52583857
  338   306    -0.85317423
  338   337    -0.26750250
  338   339     0.99252197
  338   370     0.44876498
  339   307     0.92243747
  339   338     0.99252197
  339   340    -0.16254151
  339   371     0.61889001
  340   308     0.31779505
  340   339    -0.16254151
  340   341     1.06578274
  340   372     0.55095258
  341   309     0.44760635
  341   340     1.06578274
  341   342    -0.14132637
  341   373    -1.59075083
  342   310    -0.30484119
  342   341    -0.14132637
  342   343    -0.13432420
  342   374    -1.91928096
  343   311    -1.46242869
  343   342    -0.13432420
  343   344    -1.07984303
  343   375    -0.64796517
  344   312    -1.28374058
  344   343    -1.07984303
  344   345    -1.34741379
  344   376     0.39028014
  345   313     0.67700323
  345   344    -1.34741379
  345   346    -1.14198590
  345   377    -0.25987505
  346   314     0.76679610
  346   345    -1.14198590
  346   347    -1.26140129
  346   378    -0.92395293
  347   315     0.82112962
  347   346    -1.26140129
  347   348     0.61419682
  347   379     1.27304091
  348   316    -0.53759325
  348   347     0.61419682
  348   349     0.42902832
  348   380     0.22625556
  349   317     0.13522812
  349   348     0.42902832
  349   350    -1.60442943
  349   381    -0.11513432
  350   318     0.38691986
  350   349    -1.60442943
  350   351    -0.75710110
  350   382    -1.29534065
  351   319    -0.26877785
  351   320    -0.11604393
  351   350    -0.75710110
  351   383    -0.31347269
  352   320    -0.93293112
  352   353    -1.31584579
  352   383    -0.06690535
  352   384     2.28581680
  353   321     0.46670155
  353   352    -1.31584579
  353   354    -0.12789876
  353   385    -0.36055087
  354   322    -1.06715025
  354   353    -0.12789876
  354   355     0.17529129
  354   386    -0.27664329
  355   323    -2.79666586
  355   354     0.17529129
  355   356     0.34269209
  355   387     0.00090546
  356   324     1.14238733
  356   355     0.34269209
  356   357    -0.18418635
  356   388    -2.59753473
  357   325    -0.22398768
  357   356    -0.18418635
  357   358     0.32435804
  357   389     0.33584472
  358   326     0.69423869
  358   357     0.32435804
  358   359     0.05642809
  358   390     0.23220563
  359   327     1.62003017
  359   358     0.05642809
  359   360     0.42218749
  359   391     0.40296621
  360   328     0.10463568
  360   359     0.42218749
  360   361    -0.32079769
  360   392    -0.43066242
  361   329    -0.62591743
  361   360    -0.32079769
  361   362     0.88339647
  361   393    -0.01857661
  362   330    -2.44630598
  362   361     0.88339647
  362   363    -2.19673784
  362   394    -0.07812485
  363   331    -1.73992271
  363   362    -2.19673784
  363   364     0.18830465
  363   395    -0.75116130
  364   332    -0.85509788
  364   363     0.18830465
  364   365     0.15456849
  364   396    -0.81829900
  365   333     2.15720363
  365   364     0.15456849
  365   366     0.13832418
  365   397     0.34302281
  366   334    -0.29799615
  366   365     0.13832418
  366   367     0.54344807
  366   398    -1.41101773
  367   335    -1.25609254
  367   366     0.54344807
  367   368     0.72946561
  367   399     0.22978353
  368   336     1.79554609
  368   367     0.72946561
  368   369    -0.36503974
  368   400     0.82236378
  369   337    -1.52583857
  369   368    -0.36503974
