#Random lattice graph with connectivity C = 6
#Vertices:	Bonds:
#	1000		3000
    0     1    -1.10579418
    0     9    -0.35522062
    0    10     0.32385321
    0    90     0.78465588
    0   100    -0.23945241
    0   900     0.15089746
    1     0    -1.10579418
    1     2     0.50030148
    1    11     0.18691182
    1    91    -1.13409032
    1   101    -2.26837523
    1   901     0.92125905
    2     1     0.50030148
    2     3    -0.40952359
    2    12    -0.93310448
    2    92    -0.02859525
    2   102     0.09069436
    2   902     0.15807768
    3     2    -0.40952359
    3     4    -1.19649469
    3    13     2.24156984
    3    93    -0.05374799
    3   103     0.26122284
    3   903     0.14369295
    4     3    -1.19649469
    4     5     0.53662420
    4    14    -1.10874476
    4    94     0.86570388
    4   104    -1.44145046
    4   904    -0.73247004
    5     4     0.53662420
    5     6    -0.53548164
    5    15    -1.80895905
    5    95    -0.69869050
    5   105     0.98005836
    5   905    -1.68435974
    6     5    -0.53548164
    6     7     1.19095239
    6    16     0.27273280
    6    96     0.37449996
    6   106    -1.94854101
    6   906     0.25471231
    7     6     1.19095239
    7     8     0.78476931
    7    17    -0.34886319
    7    97    -1.16385614
    7   107    -0.09806913
    7   907     0.95345455
    8     7     0.78476931
    8     9    -0.07869194
    8    18     0.39890085
    8    98    -0.04626735
    8   108    -0.24361655
    8   908    -1.28261693
    9     0    -0.35522062
    9     8    -0.07869194
    9    19     0.47133866
    9    99     0.05724298
    9   109    -0.05568220
    9   909    -0.74524652
   10     0     0.32385321
   10    11     0.31807596
   10    19    -0.55042705
   10    20     0.77917567
   10   110     0.01111545
   10   910     0.45202740
   11     1     0.18691182
   11    10     0.31807596
   11    12    -0.05699861
   11    21     1.47136575
   11   111    -0.61374902
   11   911    -0.67342788
   12     2    -0.93310448
   12    11    -0.05699861
   12    13     1.03108127
   12    22     0.36186308
   12   112    -0.06046059
   12   912    -2.05548731
   13     3     2.24156984
   13    12     1.03108127
   13    14     0.75492380
   13    23     0.38202201
   13   113    -0.09806353
   13   913    -1.80269784
   14     4    -1.10874476
   14    13     0.75492380
   14    15    -1.54998241
   14    24    -0.27495604
   14   114    -1.51372217
   14   914    -0.51260936
   15     5    -1.80895905
   15    14    -1.54998241
   15    16     0.65636747
   15    25    -0.81503962
   15   115     0.42752491
   15   915    -0.34088009
   16     6     0.27273280
   16    15     0.65636747
   16    17    -0.00513287
   16    26     0.15259895
   16   116     0.20998941
   16   916    -2.93369207
   17     7    -0.34886319
   17    16    -0.00513287
   17    18    -0.10356396
   17    27    -0.02051895
   17   117    -2.40591962
   17   917    -0.87657763
   18     8     0.39890085
   18    17    -0.10356396
   18    19    -0.98540211
   18    28     0.78073378
   18   118     0.12074081
   18   918    -2.24670434
   19     9     0.47133866
   19    10    -0.55042705
   19    18    -0.98540211
   19    29     1.04125213
   19   119    -0.16914112
   19   919    -0.59994429
   20    10     0.77917567
   20    21     1.02072198
   20    29    -0.11906955
   20    30     0.75496047
   20   120    -0.07652493
   20   920    -1.22984776
   21    11     1.47136575
   21    20     1.02072198
   21    22    -0.59452847
   21    31     0.57794858
   21   121     0.09434619
   21   921    -1.05255394
   22    12     0.36186308
   22    21    -0.59452847
   22    23     2.52896345
   22    32     1.55415869
   22   122    -1.99736846
   22   922     0.65340298
   23    13     0.38202201
   23    22     2.52896345
   23    24     1.14129232
   23    33     0.54031164
   23   123    -0.00054970
   23   923     0.56775996
   24    14    -0.27495604
   24    23     1.14129232
   24    25    -1.22177544
   24    34     0.04630986
   24   124     0.64956514
   24   924     1.41746449
   25    15    -0.81503962
   25    24    -1.22177544
   25    26    -2.32914651
   25    35    -0.69888207
   25   125    -0.61243850
   25   925    -0.03571111
   26    16     0.15259895
   26    25    -2.32914651
   26    27    -0.15113012
   26    36     0.36648400
   26   126    -0.40471172
   26   926     0.29066888
   27    17    -0.02051895
   27    26    -0.15113012
   27    28     0.35559941
   27    37     0.28029619
   27   127    -0.83659814
   27   927     0.85259601
   28    18     0.78073378
   28    27     0.35559941
   28    29     1.65514902
   28    38    -1.19607502
   28   128    -0.87288318
   28   928     0.93723664
   29    19     1.04125213
   29    20    -0.11906955
   29    28     1.65514902
   29    39     0.88885378
   29   129     2.49086723
   29   929    -0.00115843
   30    20     0.75496047
   30    31     0.52406189
   30    39    -0.26558680
   30    40     0.61091450
   30   130    -0.15829128
   30   930     0.24768755
   31    21     0.57794858
   31    30     0.52406189
   31    32     0.04323255
   31    41     0.18073421
   31   131     0.62906209
   31   931     1.35139139
   32    22     1.55415869
   32    31     0.04323255
   32    33     0.14437647
   32    42     1.08883319
   32   132     0.54404677
   32   932    -1.13913128
   33    23     0.54031164
   33    32     0.14437647
   33    34     0.69254613
   33    43    -0.67993948
   33   133    -1.34486683
   33   933     0.61774724
   34    24     0.04630986
   34    33     0.69254613
   34    35     2.07319647
   34    44    -0.04152818
   34   134    -0.48359030
   34   934    -0.40071535
   35    25    -0.69888207
   35    34     2.07319647
   35    36    -1.44210579
   35    45    -1.25662085
   35   135    -0.77421025
   35   935    -0.71395436
   36    26     0.36648400
   36    35    -1.44210579
   36    37     0.76165960
   36    46     3.09541959
   36   136    -0.18077063
   36   936     0.45694064
   37    27     0.28029619
   37    36     0.76165960
   37    38     1.65910712
   37    47     0.53468014
   37   137    -0.76185748
   37   937    -0.92609651
   38    28    -1.19607502
   38    37     1.65910712
   38    39    -1.24495251
   38    48     0.43231347
   38   138     2.27436397
   38   938    -0.78939691
   39    29     0.88885378
   39    30    -0.26558680
   39    38    -1.24495251
   39    49    -0.11813735
   39   139     0.45743512
   39   939     0.53314612
   40    30     0.61091450
   40    41     1.10508794
   40    49    -0.38989619
   40    50     0.64755920
   40   140    -0.33888457
   40   940     0.09284484
   41    31     0.18073421
   41    40     1.10508794
   41    42    -0.24260110
   41    51    -0.20885057
   41   141     0.25463779
   41   941    -0.22332307
   42    32     1.08883319
   42    41    -0.24260110
   42    43     1.91650660
   42    52     0.05931313
   42   142     0.42958501
   42   942    -0.86338330
   43    33    -0.67993948
   43    42     1.91650660
   43    44    -1.50560679
   43    53     0.35228922
   43   143     0.44551778
   43   943    -1.52800426
   44    34    -0.04152818
   44    43    -1.50560679
   44    45    -0.87765422
   44    54     0.16643934
   44   144     0.98462713
   44   944    -0.26763402
   45    35    -1.25662085
   45    44    -0.87765422
   45    46    -1.21515595
   45    55    -0.43845674
   45   145    -0.07624286
   45   945     1.24159815
   46    36     3.09541959
   46    45    -1.21515595
   46    47    -0.82310340
   46    56    -0.52889655
   46   146     0.99353278
   46   946    -1.55488524
   47    37     0.53468014
   47    46    -0.82310340
   47    48     0.79201015
   47    57    -1.20198096
   47   147     0.08280067
   47   947     0.20067579
   48    38     0.43231347
   48    47     0.79201015
   48    49    -1.11515482
   48    58    -1.12468875
   48   148    -0.84386232
   48   948     0.54368427
   49    39    -0.11813735
   49    40    -0.38989619
   49    48    -1.11515482
   49    59    -0.22487881
   49   149    -0.96442335
   49   949    -1.17679618
   50    40     0.64755920
   50    51     1.24219209
   50    59     0.10032366
   50    60     0.98838504
   50   150    -0.42242470
   50   950     0.88741608
   51    41    -0.20885057
   51    50     1.24219209
   51    52     1.30764241
   51    61    -0.35417449
   51   151     2.04591701
   51   951    -0.14582505
   52    42     0.05931313
   52    51     1.30764241
   52    53    -0.47655450
   52    62    -0.36461086
   52   152    -0.49839344
   52   952     0.57230096
   53    43     0.35228922
   53    52    -0.47655450
   53    54     2.37467622
   53    63    -0.19219802
   53   153    -0.10639412
   53   953     1.64307785
   54    44     0.16643934
   54    53     2.37467622
   54    55     0.36174904
   54    64    -0.36368432
   54   154     1.13418987
   54   954    -0.59630429
   55    45    -0.43845674
   55    54     0.36174904
   55    56    -0.65440715
   55    65     0.54149168
   55   155     1.68886004
   55   955    -1.46297752
   56    46    -0.52889655
   56    55    -0.65440715
   56    57    -1.11395363
   56    66    -0.31664982
   56   156    -0.65360592
   56   956    -0.46812565
   57    47    -1.20198096
   57    56    -1.11395363
   57    58     2.04567002
   57    67    -0.60014895
   57   157    -0.81374474
   57   957    -1.33022634
   58    48    -1.12468875
   58    57     2.04567002
   58    59    -0.13975104
   58    68     1.50560231
   58   158     0.51026634
   58   958     0.32808521
   59    49    -0.22487881
   59    50     0.10032366
   59    58    -0.13975104
   59    69     0.38480677
   59   159    -0.77194666
   59   959    -0.93139872
   60    50     0.98838504
   60    61    -0.79129392
   60    69     0.15296865
   60    70    -0.34145228
   60   160    -0.18570153
   60   960    -1.02222200
   61    51    -0.35417449
   61    60    -0.79129392
   61    62     0.76400973
   61    71     0.53171614
   61   161    -0.74872004
   61   961     0.95870810
   62    52    -0.36461086
   62    61     0.76400973
   62    63     0.47504091
   62    72     1.50571730
   62   162    -0.25837430
   62   962     1.50184915
   63    53    -0.19219802
   63    62     0.47504091
   63    64     1.53086399
   63    73    -0.87793717
   63   163    -1.82437997
   63   963    -1.22929458
   64    54    -0.36368432
   64    63     1.53086399
   64    65     0.61463331
   64    74     0.21776528
   64   164    -1.18596821
   64   964    -1.75233847
   65    55     0.54149168
   65    64     0.61463331
   65    66    -2.10496686
   65    75    -1.43906478
   65   165     0.24254200
   65   965     0.36714930
   66    56    -0.31664982
   66    65    -2.10496686
   66    67    -1.57175013
   66    76    -0.25116125
   66   166    -0.93625802
   66   966    -0.31210854
   67    57    -0.60014895
   67    66    -1.57175013
   67    68     0.30758168
   67    77     0.92852172
   67   167    -0.49126072
   67   967     0.17303745
   68    58     1.50560231
   68    67     0.30758168
   68    69    -1.02268559
   68    78     0.77855803
   68   168    -0.55069639
   68   968    -2.00364936
   69    59     0.38480677
   69    60     0.15296865
   69    68    -1.02268559
   69    79    -0.63830333
   69   169    -0.93533153
   69   969    -2.35211511
   70    60    -0.34145228
   70    71     1.53656020
   70    79    -0.21121615
   70    80    -0.73799673
   70   170    -0.71832294
   70   970    -0.32572398
   71    61     0.53171614
   71    70     1.53656020
   71    72    -0.02886950
   71    81    -0.66485238
   71   171    -0.31419903
   71   971    -0.16837264
   72    62     1.50571730
   72    71    -0.02886950
   72    73    -1.73308844
   72    82     0.58138031
   72   172     0.82011976
   72   972    -0.97121147
   73    63    -0.87793717
   73    72    -1.73308844
   73    74    -0.03469910
   73    83    -0.35549636
   73   173    -2.08411438
   73   973    -0.42671140
   74    64     0.21776528
   74    73    -0.03469910
   74    75     1.39883840
   74    84    -0.74612483
   74   174    -0.92155566
   74   974    -1.29482226
   75    65    -1.43906478
   75    74     1.39883840
   75    76     0.72562251
   75    85     1.15257882
   75   175     0.98623915
   75   975     1.87710927
   76    66    -0.25116125
   76    75     0.72562251
   76    77    -0.57274052
   76    86    -1.61934795
   76   176    -1.93237907
   76   976    -0.28039650
   77    67     0.92852172
   77    76    -0.57274052
   77    78     0.17299266
   77    87    -0.97483281
   77   177     0.99184737
   77   977     2.09613494
   78    68     0.77855803
   78    77     0.17299266
   78    79    -0.19521761
   78    88    -0.37409787
   78   178     1.61790784
   78   978     0.89980194
   79    69    -0.63830333
   79    70    -0.21121615
   79    78    -0.19521761
   79    89    -0.08682322
   79   179     1.44469809
   79   979    -0.92290497
   80    70    -0.73799673
   80    81     1.24382142
   80    89    -1.31196394
   80    90     0.77111248
   80   180     1.22157328
   80   980    -0.22634387
   81    71    -0.66485238
   81    80     1.24382142
   81    82     2.06989071
   81    91     0.15339646
   81   181    -0.96656423
   81   981     0.13693197
   82    72     0.58138031
   82    81     2.06989071
   82    83    -0.80620425
   82    92    -0.35103292
   82   182    -1.14296709
   82   982    -0.39688404
   83    73    -0.35549636
   83    82    -0.80620425
   83    84     1.99103050
   83    93     1.05256747
   83   183     0.98296870
   83   983    -0.66299234
   84    74    -0.74612483
   84    83     1.99103050
   84    85    -0.26934200
   84    94    -0.09211921
   84   184    -0.79511994
   84   984     0.74963684
   85    75     1.15257882
   85    84    -0.26934200
   85    86    -1.37095904
   85    95     1.08555017
   85   185     0.65763985
   85   985    -2.40308182
   86    76    -1.61934795
   86    85    -1.37095904
   86    87    -0.61826496
   86    96    -0.42081702
   86   186    -1.11828809
   86   986     2.41769693
   87    77    -0.97483281
   87    86    -0.61826496
   87    88    -1.08907966
   87    97    -0.67283840
   87   187     2.04144892
   87   987     0.43169694
   88    78    -0.37409787
   88    87    -1.08907966
   88    89    -0.10129003
   88    98     0.40565646
   88   188     0.60633579
   88   988    -0.49163376
   89    79    -0.08682322
   89    80    -1.31196394
   89    88    -0.10129003
   89    99     0.03090889
   89   189     0.79502878
   89   989    -0.17054893
   90     0     0.78465588
   90    80     0.77111248
   90    91    -0.29610361
   90    99    -2.39682577
   90   190     0.52430909
   90   990     1.26436109
   91     1    -1.13409032
   91    81     0.15339646
   91    90    -0.29610361
   91    92    -0.91045720
   91   191    -0.49044908
   91   991    -0.52983673
   92     2    -0.02859525
   92    82    -0.35103292
   92    91    -0.91045720
   92    93     3.12320610
   92   192    -0.86158015
   92   992     1.73838093
   93     3    -0.05374799
   93    83     1.05256747
   93    92     3.12320610
   93    94    -2.14350126
   93   193     2.36269736
   93   993     0.96855338
   94     4     0.86570388
   94    84    -0.09211921
   94    93    -2.14350126
   94    95     0.64591590
   94   194     0.39106527
   94   994     0.13201698
   95     5    -0.69869050
   95    85     1.08555017
   95    94     0.64591590
   95    96     1.54401612
   95   195    -1.34965290
   95   995    -0.48034422
   96     6     0.37449996
   96    86    -0.42081702
   96    95     1.54401612
   96    97     0.70261923
   96   196    -2.14752184
   96   996    -0.89029198
   97     7    -1.16385614
   97    87    -0.67283840
   97    96     0.70261923
   97    98    -1.07076169
   97   197    -0.17045778
   97   997     0.77123266
   98     8    -0.04626735
   98    88     0.40565646
   98    97    -1.07076169
   98    99     0.89336618
   98   198    -0.47334472
   98   998     0.36099595
   99     9     0.05724298
   99    89     0.03090889
   99    90    -2.39682577
   99    98     0.89336618
   99   199    -0.88633615
   99   999     0.50077808
  100     0    -0.23945241
  100   101    -0.88430964
  100   109     0.46988803
  100   110    -0.40387268
  100   190    -0.86187172
  100   200    -0.52269558
  101     1    -2.26837523
  101   100    -0.88430964
  101   102     0.22461719
  101   111     0.40046229
  101   191    -0.55637646
  101   201    -0.58262921
  102     2     0.09069436
  102   101     0.22461719
  102   103     0.27602030
  102   112    -0.44732336
  102   192    -0.30267152
  102   202    -0.36705189
  103     3     0.26122284
  103   102     0.27602030
  103   104    -0.31115374
  103   113    -0.76571554
  103   193     0.73876705
  103   203     0.00366863
  104     4    -1.44145046
  104   103    -0.31115374
  104   105    -0.39439998
  104   114    -0.15281740
  104   194    -2.03401491
  104   204     0.39671203
  105     5     0.98005836
  105   104    -0.39439998
  105   106     0.53233405
  105   115     0.15570927
  105   195    -0.56051902
  105   205    -0.34212199
  106     6    -1.94854101
  106   105     0.53233405
  106   107     0.70785863
  106   116    -1.37939959
  106   196     0.22758072
  106   206    -1.82049152
  107     7    -0.09806913
  107   106     0.70785863
  107   108    -0.14761934
  107   117     1.22395298
  107   197    -2.54485899
  107   207    -0.44599831
  108     8    -0.24361655
  108   107    -0.14761934
  108   109     0.16872157
  108   118    -0.49735329
  108   198     0.46909367
  108   208    -1.54298891
  109     9    -0.05568220
  109   100     0.46988803
  109   108     0.16872157
  109   119     1.74917453
  109   199     0.42945036
  109   209     0.10968886
  110    10     0.01111545
  110   100    -0.40387268
  110   111    -1.78345628
  110   119    -0.54840604
  110   120     0.94848851
  110   210    -1.09678215
  111    11    -0.61374902
  111   101     0.40046229
  111   110    -1.78345628
  111   112     2.97381760
  111   121     1.18110995
  111   211     0.02312570
  112    12    -0.06046059
  112   102    -0.44732336
  112   111     2.97381760
  112   113    -1.22604289
  112   122    -1.66736252
  112   212     0.00189658
  113    13    -0.09806353
  113   103    -0.76571554
  113   112    -1.22604289
  113   114     0.47336547
  113   123     0.03796447
  113   213     0.39536489
  114    14    -1.51372217
  114   104    -0.15281740
  114   113     0.47336547
  114   115     0.55131370
  114   124    -0.42600532
  114   214     1.60777659
  115    15     0.42752491
  115   105     0.15570927
  115   114     0.55131370
  115   116     0.50532007
  115   125     1.97787097
  115   215    -1.46974055
  116    16     0.20998941
  116   106    -1.37939959
  116   115     0.50532007
  116   117    -0.52217251
  116   126     1.40273251
  116   216     0.89881619
  117    17    -2.40591962
  117   107     1.22395298
  117   116    -0.52217251
  117   118    -0.61070713
  117   127     0.25959333
  117   217    -0.36192923
  118    18     0.12074081
  118   108    -0.49735329
  118   117    -0.61070713
  118   119     0.25512601
  118   128    -0.17346298
  118   218    -0.07023743
  119    19    -0.16914112
  119   109     1.74917453
  119   110    -0.54840604
  119   118     0.25512601
  119   129     0.26482348
  119   219     1.56857763
  120    20    -0.07652493
  120   110     0.94848851
  120   121     0.42027883
  120   129     0.13032007
  120   130    -0.23586518
  120   220    -1.73523987
  121    21     0.09434619
  121   111     1.18110995
  121   120     0.42027883
  121   122    -1.61452529
  121   131     0.17644868
  121   221    -1.20533442
  122    22    -1.99736846
  122   112    -1.66736252
  122   121    -1.61452529
  122   123     0.95804643
  122   132    -0.79628244
  122   222     0.24999026
  123    23    -0.00054970
  123   113     0.03796447
  123   122     0.95804643
  123   124    -0.74734345
  123   133    -1.62108786
  123   223     1.22734350
  124    24     0.64956514
  124   114    -0.42600532
  124   123    -0.74734345
  124   125     0.49272557
  124   134     0.16842255
  124   224    -1.39755314
  125    25    -0.61243850
  125   115     1.97787097
  125   124     0.49272557
  125   126    -1.93948172
  125   135     1.38530655
  125   225     1.05667500
  126    26    -0.40471172
  126   116     1.40273251
  126   125    -1.93948172
  126   127    -1.05034403
  126   136    -1.01819545
  126   226     0.65318458
  127    27    -0.83659814
  127   117     0.25959333
  127   126    -1.05034403
  127   128    -0.24109528
  127   137     2.09288006
  127   227     0.37396812
  128    28    -0.87288318
  128   118    -0.17346298
  128   127    -0.24109528
  128   129     1.22844620
  128   138    -1.41031919
  128   228     0.31072880
  129    29     2.49086723
  129   119     0.26482348
  129   120     0.13032007
  129   128     1.22844620
  129   139     0.23381746
  129   229     0.26575872
  130    30    -0.15829128
  130   120    -0.23586518
  130   131    -0.02622368
  130   139    -0.75015888
  130   140    -1.35168392
  130   230     0.18885031
  131    31     0.62906209
  131   121     0.17644868
  131   130    -0.02622368
  131   132     0.68565240
  131   141    -0.30575767
  131   231    -0.76628713
  132    32     0.54404677
  132   122    -0.79628244
  132   131     0.68565240
  132   133     0.00839216
  132   142    -0.07867186
  132   232     0.39101928
  133    33    -1.34486683
  133   123    -1.62108786
  133   132     0.00839216
  133   134     1.76447293
  133   143     0.00721300
  133   233    -0.78446038
  134    34    -0.48359030
  134   124     0.16842255
  134   133     1.76447293
  134   135    -0.87453503
  134   144     0.13572800
  134   234     1.27213045
  135    35    -0.77421025
  135   125     1.38530655
  135   134    -0.87453503
  135   136     1.72830515
  135   145     0.69257739
  135   235    -0.92872282
  136    36    -0.18077063
  136   126    -1.01819545
  136   135     1.72830515
  136   137     0.02723996
  136   146     0.08894567
  136   236     0.16157778
  137    37    -0.76185748
  137   127     2.09288006
  137   136     0.02723996
  137   138    -0.20687650
  137   147    -1.04172311
  137   237     0.30156531
  138    38     2.27436397
  138   128    -1.41031919
  138   137    -0.20687650
  138   139     0.09155431
  138   148    -2.04210461
  138   238    -1.23540716
  139    39     0.45743512
  139   129     0.23381746
  139   130    -0.75015888
  139   138     0.09155431
  139   149     0.60616407
  139   239    -0.14216486
  140    40    -0.33888457
  140   130    -1.35168392
  140   141    -0.45880697
  140   149    -0.56510589
  140   150    -0.74419513
  140   240     0.45835311
  141    41     0.25463779
  141   131    -0.30575767
  141   140    -0.45880697
  141   142    -0.38619527
  141   151    -0.54313330
  141   241    -0.19413836
  142    42     0.42958501
  142   132    -0.07867186
  142   141    -0.38619527
  142   143    -0.12922237
  142   152     0.12992282
  142   242    -1.23778280
  143    43     0.44551778
  143   133     0.00721300
  143   142    -0.12922237
  143   144    -1.26320565
  143   153     1.29132298
  143   243    -0.82023435
  144    44     0.98462713
  144   134     0.13572800
  144   143    -1.26320565
  144   145     0.71072246
  144   154     0.52757281
  144   244    -0.04731876
  145    45    -0.07624286
  145   135     0.69257739
  145   144     0.71072246
  145   146    -0.04190319
  145   155     0.37975242
  145   245    -1.21223898
  146    46     0.99353278
  146   136     0.08894567
  146   145    -0.04190319
  146   147     0.12304268
  146   156     0.80497008
  146   246     0.12452228
  147    47     0.08280067
  147   137    -1.04172311
  147   146     0.12304268
  147   148     0.90297098
  147   157    -0.57739837
  147   247    -0.76205305
  148    48    -0.84386232
  148   138    -2.04210461
  148   147     0.90297098
  148   149    -1.15201336
  148   158     0.49080693
  148   248     1.07387663
  149    49    -0.96442335
  149   139     0.60616407
  149   140    -0.56510589
  149   148    -1.15201336
  149   159     0.44467254
  149   249     0.86476341
  150    50    -0.42242470
  150   140    -0.74419513
  150   151     0.09126448
  150   159    -1.50450656
  150   160    -1.44334186
  150   250     1.32725070
  151    51     2.04591701
  151   141    -0.54313330
  151   150     0.09126448
  151   152    -0.85908877
  151   161     0.05425920
  151   251    -0.49775628
  152    52    -0.49839344
  152   142     0.12992282
  152   151    -0.85908877
  152   153     0.10997551
  152   162    -0.22986712
  152   252    -0.72231850
  153    53    -0.10639412
  153   143     1.29132298
  153   152     0.10997551
  153   154    -0.00351395
  153   163     0.97760456
  153   253    -0.38340367
  154    54     1.13418987
  154   144     0.52757281
  154   153    -0.00351395
  154   155    -0.73797470
  154   164    -0.16380481
  154   254     1.88400949
  155    55     1.68886004
  155   145     0.37975242
  155   154    -0.73797470
  155   156    -1.42194081
  155   165     0.04993926
  155   255    -0.40090546
  156    56    -0.65360592
  156   146     0.80497008
  156   155    -1.42194081
  156   157    -1.16184479
  156   166    -0.57466218
  156   256     1.23337079
  157    57    -0.81374474
  157   147    -0.57739837
  157   156    -1.16184479
  157   158     0.95958191
  157   167     3.04213572
  157   257    -0.68131632
  158    58     0.51026634
  158   148     0.49080693
  158   157     0.95958191
  158   159     0.43644338
  158   168     0.54078012
  158   258    -0.25219578
  159    59    -0.77194666
  159   149     0.44467254
  159   150    -1.50450656
  159   158     0.43644338
  159   169    -0.43372381
  159   259    -0.91334385
  160    60    -0.18570153
  160   150    -1.44334186
  160   161     1.77756007
  160   169    -0.03162805
  160   170     0.49933144
  160   260     2.42691051
  161    61    -0.74872004
  161   151     0.05425920
  161   160     1.77756007
  161   162     1.23864469
  161   171    -0.44317288
  161   261     1.22680772
  162    62    -0.25837430
  162   152    -0.22986712
  162   161     1.23864469
  162   163     1.35905475
  162   172    -2.06568154
  162   262     2.68804342
  163    63    -1.82437997
  163   153     0.97760456
  163   162     1.35905475
  163   164     0.33790314
  163   173    -0.10935023
  163   263    -0.46636018
  164    64    -1.18596821
  164   154    -0.16380481
  164   163     0.33790314
  164   165     1.82443625
  164   174    -0.68856125
  164   264     0.42047634
  165    65     0.24254200
  165   155     0.04993926
  165   164     1.82443625
  165   166    -0.50788245
  165   175     0.39729592
  165   265     0.72999342
  166    66    -0.93625802
  166   156    -0.57466218
  166   165    -0.50788245
  166   167    -0.14251341
  166   176     0.28666593
  166   266     1.45419246
  167    67    -0.49126072
  167   157     3.04213572
  167   166    -0.14251341
  167   168     0.22034191
  167   177     1.74079261
  167   267    -0.48086871
  168    68    -0.55069639
  168   158     0.54078012
  168   167     0.22034191
  168   169    -1.35922305
  168   178    -1.36985157
  168   268    -1.20238531
  169    69    -0.93533153
  169   159    -0.43372381
  169   160    -0.03162805
  169   168    -1.35922305
  169   179    -0.62373939
  169   269     0.85218282
  170    70    -0.71832294
  170   160     0.49933144
  170   171     0.18676720
  170   179     0.35458846
  170   180     0.39619067
  170   270    -0.91146307
  171    71    -0.31419903
  171   161    -0.44317288
  171   170     0.18676720
  171   172     0.08655382
  171   181     1.58564027
  171   271    -2.07058991
  172    72     0.82011976
  172   162    -2.06568154
  172   171     0.08655382
  172   173     0.98991671
  172   182    -0.97029026
  172   272     0.60797154
  173    73    -2.08411438
  173   163    -0.10935023
  173   172     0.98991671
  173   174    -0.85219897
  173   183     1.36206900
  173   273     0.20666476
  174    74    -0.92155566
  174   164    -0.68856125
  174   173    -0.85219897
  174   175    -0.08764101
  174   184     0.73019281
  174   274     0.30151150
  175    75     0.98623915
  175   165     0.39729592
  175   174    -0.08764101
  175   176    -0.13772428
  175   185    -0.69852191
  175   275     0.41334396
  176    76    -1.93237907
  176   166     0.28666593
  176   175    -0.13772428
  176   177    -0.51698510
  176   186    -0.17058663
  176   276    -0.18814412
  177    77     0.99184737
  177   167     1.74079261
  177   176    -0.51698510
  177   178    -1.43948229
  177   187    -1.16992242
  177   277     1.98255487
  178    78     1.61790784
  178   168    -1.36985157
  178   177    -1.43948229
  178   179    -0.88122681
  178   188    -0.05317768
  178   278    -0.55151337
  179    79     1.44469809
  179   169    -0.62373939
  179   170     0.35458846
  179   178    -0.88122681
  179   189     0.19761641
  179   279    -1.05846176
  180    80     1.22157328
  180   170     0.39619067
  180   181    -1.29626859
  180   189    -1.24950244
  180   190    -0.06606213
  180   280     1.14057081
  181    81    -0.96656423
  181   171     1.58564027
  181   180    -1.29626859
  181   182     0.81755720
  181   191     0.04377817
  181   281     0.51741806
  182    82    -1.14296709
  182   172    -0.97029026
  182   181     0.81755720
  182   183     0.31331023
  182   192     1.61066334
  182   282     0.22026962
  183    83     0.98296870
  183   173     1.36206900
  183   182     0.31331023
  183   184     1.33266854
  183   193     1.18651055
  183   283    -0.06042270
  184    84    -0.79511994
  184   174     0.73019281
  184   183     1.33266854
  184   185    -0.02799591
  184   194     0.44903851
  184   284    -1.58454137
  185    85     0.65763985
  185   175    -0.69852191
  185   184    -0.02799591
  185   186     0.91359509
  185   195    -0.65909674
  185   285     1.12546085
  186    86    -1.11828809
  186   176    -0.17058663
  186   185     0.91359509
  186   187     0.38470021
  186   196     0.85997285
  186   286    -1.09917279
  187    87     2.04144892
  187   177    -1.16992242
  187   186     0.38470021
  187   188     0.47238927
  187   197    -2.05677261
  187   287    -1.18925395
  188    88     0.60633579
  188   178    -0.05317768
  188   187     0.47238927
  188   189    -0.13899675
  188   198     0.04689548
  188   288     0.26167630
  189    89     0.79502878
  189   179     0.19761641
  189   180    -1.24950244
  189   188    -0.13899675
  189   199    -0.93792631
  189   289    -1.30581356
  190    90     0.52430909
  190   100    -0.86187172
  190   180    -0.06606213
  190   191     1.67912966
  190   199    -1.36102635
  190   290     0.32645609
  191    91    -0.49044908
  191   101    -0.55637646
  191   181     0.04377817
  191   190     1.67912966
  191   192    -0.84264702
  191   291    -0.30649194
  192    92    -0.86158015
  192   102    -0.30267152
  192   182     1.61066334
  192   191    -0.84264702
  192   193     0.54978951
  192   292    -0.26910478
  193    93     2.36269736
  193   103     0.73876705
  193   183     1.18651055
  193   192     0.54978951
  193   194    -0.24120589
  193   293     0.03326107
  194    94     0.39106527
  194   104    -2.03401491
  194   184     0.44903851
  194   193    -0.24120589
  194   195    -1.60322220
  194   294    -1.01402067
  195    95    -1.34965290
  195   105    -0.56051902
  195   185    -0.65909674
  195   194    -1.60322220
  195   196    -1.89400130
  195   295     0.16703320
  196    96    -2.14752184
  196   106     0.22758072
  196   186     0.85997285
  196   195    -1.89400130
  196   197    -0.17166803
  196   296    -0.36855967
  197    97    -0.17045778
  197   107    -2.54485899
  197   187    -2.05677261
  197   196    -0.17166803
  197   198    -0.28915883
  197   297    -1.32469216
  198    98    -0.47334472
  198   108     0.46909367
  198   188     0.04689548
  198   197    -0.28915883
  198   199     0.69161067
  198   298    -0.33277515
  199    99    -0.88633615
  199   109     0.42945036
  199   189    -0.93792631
  199   190    -1.36102635
  199   198     0.69161067
  199   299     0.05708695
  200   100    -0.52269558
  200   201     2.39474051
  200   209    -1.30182415
  200   210     1.46077249
  200   290    -0.64197673
  200   300     0.18744444
  201   101    -0.58262921
  201   200     2.39474051
  201   202     0.05070686
  201   211     0.52160976
  201   291     0.49590257
  201   301     0.14617471
  202   102    -0.36705189
  202   201     0.05070686
  202   203    -0.18078388
  202   212    -0.11657338
  202   292    -0.67805577
  202   302    -1.61300311
  203   103     0.00366863
  203   202    -0.18078388
  203   204     0.32537311
  203   213    -0.16425753
  203   293     0.50983446
  203   303    -1.59610521
  204   104     0.39671203
  204   203     0.32537311
  204   205    -0.29104996
  204   214    -1.54221780
  204   294    -0.57680434
  204   304     0.85591524
  205   105    -0.34212199
  205   204    -0.29104996
  205   206     0.74165163
  205   215    -0.24061418
  205   295     1.35722834
  205   305     0.27667584
  206   106    -1.82049152
  206   205     0.74165163
  206   207     0.98590568
  206   216     0.33911153
  206   296    -0.00024811
  206   306     1.19534302
  207   107    -0.44599831
  207   206     0.98590568
  207   208    -0.91530499
  207   217     1.61463986
  207   297     1.30930529
  207   307     1.70466984
  208   108    -1.54298891
  208   207    -0.91530499
  208   209     0.98014225
  208   218    -0.21735982
  208   298    -1.34374165
  208   308     1.11042513
  209   109     0.10968886
  209   200    -1.30182415
  209   208     0.98014225
  209   219     0.92369651
  209   299     2.15091788
  209   309     0.87736841
  210   110    -1.09678215
  210   200     1.46077249
  210   211     0.42950489
  210   219    -0.89509474
  210   220     0.10811784
  210   310     0.47793313
  211   111     0.02312570
  211   201     0.52160976
  211   210     0.42950489
  211   212     1.42752147
  211   221     0.37278598
  211   311    -1.69079807
  212   112     0.00189658
  212   202    -0.11657338
  212   211     1.42752147
  212   213    -0.53506583
  212   222    -0.54400680
  212   312    -0.06890038
  213   113     0.39536489
  213   203    -0.16425753
  213   212    -0.53506583
  213   214    -1.17896307
  213   223    -0.95145446
  213   313     0.74288835
  214   114     1.60777659
  214   204    -1.54221780
  214   213    -1.17896307
  214   215     0.81588747
  214   224     1.11319242
  214   314    -0.32382712
  215   115    -1.46974055
  215   205    -0.24061418
  215   214     0.81588747
  215   216     0.37438107
  215   225     2.55904686
  215   315    -0.89460439
  216   116     0.89881619
  216   206     0.33911153
  216   215     0.37438107
  216   217     0.40071157
  216   226    -0.15877262
  216   316    -1.57798236
  217   117    -0.36192923
  217   207     1.61463986
  217   216     0.40071157
  217   218     0.82531388
  217   227     0.27599998
  217   317     0.48378022
  218   118    -0.07023743
  218   208    -0.21735982
  218   217     0.82531388
  218   219     0.10983846
  218   228     0.20020972
  218   318     0.90820924
  219   119     1.56857763
  219   209     0.92369651
  219   210    -0.89509474
  219   218     0.10983846
  219   229    -0.28979596
  219   319    -0.36128982
  220   120    -1.73523987
  220   210     0.10811784
  220   221     0.72285378
  220   229     1.25918096
  220   230     0.02719641
  220   320     1.17610218
  221   121    -1.20533442
  221   211     0.37278598
  221   220     0.72285378
  221   222    -0.26181121
  221   231     1.34385689
  221   321    -0.64456050
  222   122     0.24999026
  222   212    -0.54400680
  222   221    -0.26181121
  222   223     1.73893859
  222   232     1.59737709
  222   322    -0.36930408
  223   123     1.22734350
  223   213    -0.95145446
  223   222     1.73893859
  223   224     1.49182601
  223   233    -0.73263609
  223   323     1.45832017
  224   124    -1.39755314
  224   214     1.11319242
  224   223     1.49182601
  224   225     0.15411654
  224   234    -0.31143232
  224   324     1.76386237
  225   125     1.05667500
  225   215     2.55904686
  225   224     0.15411654
  225   226    -2.14263170
  225   235    -0.32726246
  225   325     0.24147580
  226   126     0.65318458
  226   216    -0.15877262
  226   225    -2.14263170
  226   227     1.25956432
  226   236     1.89078913
  226   326     0.95826328
  227   127     0.37396812
  227   217     0.27599998
  227   226     1.25956432
  227   228     0.00673343
  227   237     1.03560191
  227   327    -0.70300360
  228   128     0.31072880
  228   218     0.20020972
  228   227     0.00673343
  228   229    -0.12496036
  228   238     0.85143170
  228   328     0.68969392
  229   129     0.26575872
  229   219    -0.28979596
  229   220     1.25918096
  229   228    -0.12496036
  229   239     1.16719954
  229   329    -0.05289889
  230   130     0.18885031
  230   220     0.02719641
  230   231    -0.00613691
  230   239     2.04345379
  230   240    -0.22277792
  230   330    -1.10980209
  231   131    -0.76628713
  231   221     1.34385689
  231   230    -0.00613691
  231   232    -0.54260463
  231   241    -0.66353904
  231   331     0.45180415
  232   132     0.39101928
  232   222     1.59737709
  232   231    -0.54260463
  232   233     1.36546894
  232   242     0.44342044
  232   332     1.26252620
  233   133    -0.78446038
  233   223    -0.73263609
  233   232     1.36546894
  233   234    -0.08037560
  233   243     0.52895501
  233   333     0.42245455
  234   134     1.27213045
  234   224    -0.31143232
  234   233    -0.08037560
  234   235    -1.80575798
  234   244    -0.55923077
  234   334    -0.59998572
  235   135    -0.92872282
  235   225    -0.32726246
  235   234    -1.80575798
  235   236     2.05275154
  235   245     1.39808849
  235   335    -0.21134020
  236   136     0.16157778
  236   226     1.89078913
  236   235     2.05275154
  236   237     0.01317999
  236   246    -0.41593517
  236   336    -0.85037908
  237   137     0.30156531
  237   227     1.03560191
  237   236     0.01317999
  237   238    -1.24578846
  237   247    -1.26778696
  237   337    -0.09685870
  238   138    -1.23540716
  238   228     0.85143170
  238   237    -1.24578846
  238   239     1.69306335
  238   248    -1.32255291
  238   338    -0.60529504
  239   139    -0.14216486
  239   229     1.16719954
  239   230     2.04345379
  239   238     1.69306335
  239   249    -0.12242110
  239   339    -0.14082529
  240   140     0.45835311
  240   230    -0.22277792
  240   241     0.12738006
  240   249    -1.11341187
  240   250    -0.40812382
  240   340    -0.02246040
  241   141    -0.19413836
  241   231    -0.66353904
  241   240     0.12738006
  241   242    -0.54297663
  241   251    -0.32835964
  241   341     0.22112011
  242   142    -1.23778280
  242   232     0.44342044
  242   241    -0.54297663
  242   243     0.93765497
  242   252    -0.01636142
  242   342     1.19218629
  243   143    -0.82023435
  243   233     0.52895501
  243   242     0.93765497
  243   244     2.12059736
  243   253    -0.76759544
  243   343     0.20766023
  244   144    -0.04731876
  244   234    -0.55923077
  244   243     2.12059736
  244   245     0.26696440
  244   254    -2.46201351
  244   344     0.77753993
  245   145    -1.21223898
  245   235     1.39808849
  245   244     0.26696440
  245   246     2.18129034
  245   255    -0.77234841
  245   345     0.83177258
  246   146     0.12452228
  246   236    -0.41593517
