#Random lattice graph with connectivity C = 4
#Vertices:	Bonds:
#	1024		2048
    0     1    -2.32319539
    0    31     0.56646578
    0    32     0.43861528
    0   992     1.84404942
    1     0    -2.32319539
    1     2    -0.58411606
    1    33     0.47668451
    1   993     0.54533716
    2     1    -0.58411606
    2     3    -1.33570857
    2    34    -0.05851232
    2   994    -1.12473946
    3     2    -1.33570857
    3     4    -2.08208362
    3    35     0.27183026
    3   995     0.05392934
    4     3    -2.08208362
    4     5    -0.53900261
    4    36     0.56771892
    4   996    -0.25743370
    5     4    -0.53900261
    5     6    -0.48968815
    5    37    -0.33737891
    5   997    -0.31483071
    6     5    -0.48968815
    6     7    -0.03544969
    6    38     0.99599814
    6   998    -1.02386892
    7     6    -0.03544969
    7     8     2.07801570
    7    39    -0.23460648
    7   999    -1.01074158
    8     7     2.07801570
    8     9     0.44570076
    8    40    -0.14777402
    8  1000    -0.25289185
    9     8     0.44570076
    9    10    -0.86895618
    9    41    -1.59598390
    9  1001    -0.47219703
   10     9    -0.86895618
   10    11     1.47066468
   10    42     1.47380494
   10  1002    -0.03377365
   11    10     1.47066468
   11    12    -0.56811634
   11    43     1.29820600
   11  1003    -0.35832200
   12    11    -0.56811634
   12    13     0.75327152
   12    44     2.04155568
   12  1004    -0.20445347
   13    12     0.75327152
   13    14     1.12968063
   13    45     0.72590482
   13  1005     0.46389036
   14    13     1.12968063
   14    15    -0.86289503
   14    46    -0.84751045
   14  1006    -1.53839494
   15    14    -0.86289503
   15    16    -0.94978382
   15    47    -0.94835384
   15  1007     0.38520325
   16    15    -0.94978382
   16    17    -0.62729458
   16    48    -1.43180525
   16  1008    -1.01162347
   17    16    -0.62729458
   17    18     0.44668041
   17    49    -0.07415307
   17  1009     0.54171007
   18    17     0.44668041
   18    19     1.50817295
   18    50     0.56171164
   18  1010    -0.65629672
   19    18     1.50817295
   19    20    -2.36065256
   19    51    -0.61393233
   19  1011    -1.53067435
   20    19    -2.36065256
   20    21     1.93712298
   20    52    -0.06534408
   20  1012     0.30883002
   21    20     1.93712298
   21    22     0.92438581
   21    53    -0.30209446
   21  1013    -1.29010901
   22    21     0.92438581
   22    23     0.55869996
   22    54     0.63481130
   22  1014    -1.48740326
   23    22     0.55869996
   23    24     1.69197239
   23    55     1.63755183
   23  1015    -0.66045911
   24    23     1.69197239
   24    25    -0.20428777
   24    56    -0.11279922
   24  1016     0.49228870
   25    24    -0.20428777
   25    26    -1.13927785
   25    57    -1.81642608
   25  1017     0.13049860
   26    25    -1.13927785
   26    27    -0.21524161
   26    58     0.41680988
   26  1018     0.79628098
   27    26    -0.21524161
   27    28    -0.77715441
   27    59    -1.05111075
   27  1019     0.60719057
   28    27    -0.77715441
   28    29     0.93190331
   28    60    -0.21388976
   28  1020    -0.68305131
   29    28     0.93190331
   29    30     2.36401012
   29    61    -1.73176673
   29  1021     0.58420858
   30    29     2.36401012
   30    31     1.09760482
   30    62    -0.79306118
   30  1022     0.69901185
   31     0     0.56646578
   31    30     1.09760482
   31    63     0.43147740
   31  1023     1.00723610
   32     0     0.43861528
   32    33     0.64604031
   32    63    -1.45363270
   32    64     0.74939758
   33     1     0.47668451
   33    32     0.64604031
   33    34     1.40469470
   33    65     0.37343931
   34     2    -0.05851232
   34    33     1.40469470
   34    35    -0.69828831
   34    66    -0.35604892
   35     3     0.27183026
   35    34    -0.69828831
   35    36    -1.58208340
   35    67     0.16818745
   36     4     0.56771892
   36    35    -1.58208340
   36    37     0.11573587
   36    68    -0.07110788
   37     5    -0.33737891
   37    36     0.11573587
   37    38     0.20798607
   37    69    -1.37540571
   38     6     0.99599814
   38    37     0.20798607
   38    39    -2.37618411
   38    70     1.10759170
   39     7    -0.23460648
   39    38    -2.37618411
   39    40    -1.59050608
   39    71     0.37577063
   40     8    -0.14777402
   40    39    -1.59050608
   40    41     0.32497977
   40    72    -0.37673851
   41     9    -1.59598390
   41    40     0.32497977
   41    42     0.23509563
   41    73    -0.25180432
   42    10     1.47380494
   42    41     0.23509563
   42    43    -0.71284329
   42    74    -0.51102779
   43    11     1.29820600
   43    42    -0.71284329
   43    44    -1.34812165
   43    75    -0.33398709
   44    12     2.04155568
   44    43    -1.34812165
   44    45    -0.82035440
   44    76    -0.44985498
   45    13     0.72590482
   45    44    -0.82035440
   45    46     0.42497806
   45    77     0.40195354
   46    14    -0.84751045
   46    45     0.42497806
   46    47     0.77155310
   46    78    -0.05479274
   47    15    -0.94835384
   47    46     0.77155310
   47    48    -0.44514312
   47    79    -0.49038702
   48    16    -1.43180525
   48    47    -0.44514312
   48    49    -0.90569841
   48    80    -0.15699024
   49    17    -0.07415307
   49    48    -0.90569841
   49    50    -0.68686790
   49    81    -0.01609996
   50    18     0.56171164
   50    49    -0.68686790
   50    51     1.38505477
   50    82    -0.81233084
   51    19    -0.61393233
   51    50     1.38505477
   51    52    -0.64140098
   51    83     1.16449369
   52    20    -0.06534408
   52    51    -0.64140098
   52    53     1.05658451
   52    84    -1.02098780
   53    21    -0.30209446
   53    52     1.05658451
   53    54    -0.58709508
   53    85     1.87959815
   54    22     0.63481130
   54    53    -0.58709508
   54    55    -0.61836275
   54    86     0.17729129
   55    23     1.63755183
   55    54    -0.61836275
   55    56    -0.13799190
   55    87     0.39354833
   56    24    -0.11279922
   56    55    -0.13799190
   56    57     0.81556376
   56    88    -0.65101067
   57    25    -1.81642608
   57    56     0.81556376
   57    58    -1.77785744
   57    89    -0.72405386
   58    26     0.41680988
   58    57    -1.77785744
   58    59    -0.91548322
   58    90     1.33342276
   59    27    -1.05111075
   59    58    -0.91548322
   59    60    -0.12969075
   59    91     0.17844506
   60    28    -0.21388976
   60    59    -0.12969075
   60    61    -0.85983103
   60    92    -0.29629812
   61    29    -1.73176673
   61    60    -0.85983103
   61    62    -1.13997084
   61    93     0.37563286
   62    30    -0.79306118
   62    61    -1.13997084
   62    63    -1.11011513
   62    94     0.85515398
   63    31     0.43147740
   63    32    -1.45363270
   63    62    -1.11011513
   63    95    -0.38353801
   64    32     0.74939758
   64    65    -0.49746066
   64    95     1.69217958
   64    96     1.02719672
   65    33     0.37343931
   65    64    -0.49746066
   65    66     1.17255306
   65    97    -1.01360410
   66    34    -0.35604892
   66    65     1.17255306
   66    67     0.42249850
   66    98     1.75909369
   67    35     0.16818745
   67    66     0.42249850
   67    68    -1.07356942
   67    99    -0.06193812
   68    36    -0.07110788
   68    67    -1.07356942
   68    69    -0.50691799
   68   100     2.24980809
   69    37    -1.37540571
   69    68    -0.50691799
   69    70     0.98803338
   69   101     0.05001216
   70    38     1.10759170
   70    69     0.98803338
   70    71    -1.09117370
   70   102    -0.09903415
   71    39     0.37577063
   71    70    -1.09117370
   71    72    -0.65605582
   71   103    -1.38149431
   72    40    -0.37673851
   72    71    -0.65605582
   72    73     0.21840923
   72   104     0.00033398
   73    41    -0.25180432
   73    72     0.21840923
   73    74     1.18225822
   73   105     0.71509165
   74    42    -0.51102779
   74    73     1.18225822
   74    75    -1.51543657
   74   106     0.36244984
   75    43    -0.33398709
   75    74    -1.51543657
   75    76    -0.88049851
   75   107     1.25321422
   76    44    -0.44985498
   76    75    -0.88049851
   76    77     0.91544553
   76   108    -1.16478843
   77    45     0.40195354
   77    76     0.91544553
   77    78     0.08301151
   77   109     0.32840913
   78    46    -0.05479274
   78    77     0.08301151
   78    79     1.25939246
   78   110    -0.23768115
   79    47    -0.49038702
   79    78     1.25939246
   79    80     0.71301027
   79   111     0.01819256
   80    48    -0.15699024
   80    79     0.71301027
   80    81    -0.13589305
   80   112     0.24104145
   81    49    -0.01609996
   81    80    -0.13589305
   81    82     0.41167922
   81   113     0.94697297
   82    50    -0.81233084
   82    81     0.41167922
   82    83    -0.15175074
   82   114    -0.50984733
   83    51     1.16449369
   83    82    -0.15175074
   83    84    -1.75054886
   83   115     0.58270595
   84    52    -1.02098780
   84    83    -1.75054886
   84    85     0.43998954
   84   116     2.21965513
   85    53     1.87959815
   85    84     0.43998954
   85    86     0.36392914
   85   117    -2.85464072
   86    54     0.17729129
   86    85     0.36392914
   86    87     0.72031645
   86   118    -0.84962115
   87    55     0.39354833
   87    86     0.72031645
   87    88    -0.61311073
   87   119    -1.26843566
   88    56    -0.65101067
   88    87    -0.61311073
   88    89    -0.02738823
   88   120    -1.43518101
   89    57    -0.72405386
   89    88    -0.02738823
   89    90     1.02128927
   89   121     0.26888890
   90    58     1.33342276
   90    89     1.02128927
   90    91    -1.05685010
   90   122    -0.36138734
   91    59     0.17844506
   91    90    -1.05685010
   91    92     0.75622040
   91   123    -0.51199454
   92    60    -0.29629812
   92    91     0.75622040
   92    93    -0.80171224
   92   124     0.72862831
   93    61     0.37563286
   93    92    -0.80171224
   93    94    -0.43791951
   93   125    -0.87389008
   94    62     0.85515398
   94    93    -0.43791951
   94    95    -0.37490712
   94   126    -1.33839660
   95    63    -0.38353801
   95    64     1.69217958
   95    94    -0.37490712
   95   127     0.27374764
   96    64     1.02719672
   96    97    -2.76700911
   96   127    -0.13405431
   96   128    -0.06575830
   97    65    -1.01360410
   97    96    -2.76700911
   97    98     0.55415877
   97   129     0.25282663
   98    66     1.75909369
   98    97     0.55415877
   98    99    -0.42457569
   98   130     1.10270166
   99    67    -0.06193812
   99    98    -0.42457569
   99   100    -1.83686113
   99   131    -0.19782061
  100    68     2.24980809
  100    99    -1.83686113
  100   101    -0.17965799
  100   132    -0.91255061
  101    69     0.05001216
  101   100    -0.17965799
  101   102     0.97934153
  101   133    -0.24413966
  102    70    -0.09903415
  102   101     0.97934153
  102   103    -0.24177101
  102   134    -0.46129143
  103    71    -1.38149431
  103   102    -0.24177101
  103   104    -0.15876147
  103   135    -0.47747214
  104    72     0.00033398
  104   103    -0.15876147
  104   105     0.86300567
  104   136    -1.53698786
  105    73     0.71509165
  105   104     0.86300567
  105   106    -1.40817052
  105   137     1.27012846
  106    74     0.36244984
  106   105    -1.40817052
  106   107     1.27359707
  106   138     1.33643293
  107    75     1.25321422
  107   106     1.27359707
  107   108     0.53231120
  107   139     0.23163303
  108    76    -1.16478843
  108   107     0.53231120
  108   109     0.38964847
  108   140     2.10672986
  109    77     0.32840913
  109   108     0.38964847
  109   110     2.01639620
  109   141    -2.07413370
  110    78    -0.23768115
  110   109     2.01639620
  110   111    -0.98098489
  110   142     2.43522598
  111    79     0.01819256
  111   110    -0.98098489
  111   112    -0.52038434
  111   143     0.44240333
  112    80     0.24104145
  112   111    -0.52038434
  112   113    -1.02014108
  112   144     0.00324153
  113    81     0.94697297
  113   112    -1.02014108
  113   114    -1.78691041
  113   145     1.99684237
  114    82    -0.50984733
  114   113    -1.78691041
  114   115     0.48092209
  114   146     1.25322759
  115    83     0.58270595
  115   114     0.48092209
  115   116    -0.10097791
  115   147     1.62279271
  116    84     2.21965513
  116   115    -0.10097791
  116   117    -1.30949531
  116   148    -0.35978443
  117    85    -2.85464072
  117   116    -1.30949531
  117   118     0.94799736
  117   149     0.63439869
  118    86    -0.84962115
  118   117     0.94799736
  118   119     0.80104272
  118   150     2.03440214
  119    87    -1.26843566
  119   118     0.80104272
  119   120    -0.28346279
  119   151     0.51310917
  120    88    -1.43518101
  120   119    -0.28346279
  120   121    -0.42503223
  120   152    -0.68624702
  121    89     0.26888890
  121   120    -0.42503223
  121   122    -3.73807903
  121   153     2.20130403
  122    90    -0.36138734
  122   121    -3.73807903
  122   123    -0.31061317
  122   154    -0.59839124
  123    91    -0.51199454
  123   122    -0.31061317
  123   124     0.72109190
  123   155     0.44468309
  124    92     0.72862831
  124   123     0.72109190
  124   125     1.11791134
  124   156     0.93723813
  125    93    -0.87389008
  125   124     1.11791134
  125   126     0.40871234
  125   157     2.10351432
  126    94    -1.33839660
  126   125     0.40871234
  126   127     0.36144127
  126   158     0.23405656
  127    95     0.27374764
  127    96    -0.13405431
  127   126     0.36144127
  127   159     2.02538829
  128    96    -0.06575830
  128   129     1.60120235
  128   159     1.70516845
  128   160     1.97614350
  129    97     0.25282663
  129   128     1.60120235
  129   130     2.01673726
  129   161     0.97690022
  130    98     1.10270166
  130   129     2.01673726
  130   131    -0.37818409
  130   162     0.55960050
  131    99    -0.19782061
  131   130    -0.37818409
  131   132     0.06014830
  131   163    -0.60285434
  132   100    -0.91255061
  132   131     0.06014830
  132   133    -1.00329574
  132   164     0.52129315
  133   101    -0.24413966
  133   132    -1.00329574
  133   134     0.42459881
  133   165    -0.30282916
  134   102    -0.46129143
  134   133     0.42459881
  134   135    -1.08901038
  134   166     0.68960881
  135   103    -0.47747214
  135   134    -1.08901038
  135   136     0.84112171
  135   167     0.27414435
  136   104    -1.53698786
  136   135     0.84112171
  136   137    -0.24132469
  136   168    -1.35002759
  137   105     1.27012846
  137   136    -0.24132469
  137   138    -0.75707685
  137   169    -0.03514964
  138   106     1.33643293
  138   137    -0.75707685
  138   139    -0.43360460
  138   170    -0.60525697
  139   107     0.23163303
  139   138    -0.43360460
  139   140    -2.42125338
  139   171    -0.72871922
  140   108     2.10672986
  140   139    -2.42125338
  140   141     0.89935924
  140   172    -0.49846950
  141   109    -2.07413370
  141   140     0.89935924
  141   142     0.81296961
  141   173     0.73304568
  142   110     2.43522598
  142   141     0.81296961
  142   143    -0.62384227
  142   174     0.33801431
  143   111     0.44240333
  143   142    -0.62384227
  143   144    -0.47360405
  143   175     0.56615545
  144   112     0.00324153
  144   143    -0.47360405
  144   145    -1.66001632
  144   176     1.05179347
  145   113     1.99684237
  145   144    -1.66001632
  145   146    -0.91270589
  145   177    -1.28132803
  146   114     1.25322759
  146   145    -0.91270589
  146   147    -2.33243121
  146   178     0.68042872
  147   115     1.62279271
  147   146    -2.33243121
  147   148     0.33626017
  147   179    -0.73232294
  148   116    -0.35978443
  148   147     0.33626017
  148   149     0.52209407
  148   180     1.16378146
  149   117     0.63439869
  149   148     0.52209407
  149   150     0.74806114
  149   181    -1.20455513
  150   118     2.03440214
  150   149     0.74806114
  150   151    -0.20776449
  150   182     0.10213996
  151   119     0.51310917
  151   150    -0.20776449
  151   152     0.34129963
  151   183     0.23166197
  152   120    -0.68624702
  152   151     0.34129963
  152   153     2.05202379
  152   184     0.37637213
  153   121     2.20130403
  153   152     2.05202379
  153   154    -1.73263929
  153   185    -1.33919696
  154   122    -0.59839124
  154   153    -1.73263929
  154   155    -0.01297746
  154   186    -0.42535614
  155   123     0.44468309
  155   154    -0.01297746
  155   156    -0.58371218
  155   187    -0.57970482
  156   124     0.93723813
  156   155    -0.58371218
  156   157     0.53184069
  156   188     1.18808955
  157   125     2.10351432
  157   156     0.53184069
  157   158     0.41934798
  157   189     0.56801006
  158   126     0.23405656
  158   157     0.41934798
  158   159    -1.76231543
  158   190     0.72947968
  159   127     2.02538829
  159   128     1.70516845
  159   158    -1.76231543
  159   191    -0.68815991
  160   128     1.97614350
  160   161     1.11174262
  160   191    -0.28392191
  160   192    -0.85666798
  161   129     0.97690022
  161   160     1.11174262
  161   162     0.46542761
  161   193     0.28432814
  162   130     0.55960050
  162   161     0.46542761
  162   163     0.62284765
  162   194     0.18959863
  163   131    -0.60285434
  163   162     0.62284765
  163   164    -1.45663332
  163   195     0.63323933
  164   132     0.52129315
  164   163    -1.45663332
  164   165     0.00422800
  164   196     0.09870304
  165   133    -0.30282916
  165   164     0.00422800
  165   166     0.21763797
  165   197     0.71458753
  166   134     0.68960881
  166   165     0.21763797
  166   167    -0.42464239
  166   198     1.21332594
  167   135     0.27414435
  167   166    -0.42464239
  167   168    -0.33531906
  167   199     1.17961509
  168   136    -1.35002759
  168   167    -0.33531906
  168   169     1.08066172
  168   200    -0.02098604
  169   137    -0.03514964
  169   168     1.08066172
  169   170    -0.58935147
  169   201    -1.66211278
  170   138    -0.60525697
  170   169    -0.58935147
  170   171    -0.63755621
  170   202     0.67334041
  171   139    -0.72871922
  171   170    -0.63755621
  171   172    -2.27558258
  171   203    -1.14385551
  172   140    -0.49846950
  172   171    -2.27558258
  172   173    -1.15735897
  172   204     0.74257778
  173   141     0.73304568
  173   172    -1.15735897
  173   174     0.66599364
  173   205     0.13784884
  174   142     0.33801431
  174   173     0.66599364
  174   175     0.50400573
  174   206     0.23256464
  175   143     0.56615545
  175   174     0.50400573
  175   176     1.50096186
  175   207     0.71863246
  176   144     1.05179347
  176   175     1.50096186
  176   177    -0.05891339
  176   208     0.39761756
  177   145    -1.28132803
  177   176    -0.05891339
  177   178     1.58282093
  177   209    -0.73657294
  178   146     0.68042872
  178   177     1.58282093
  178   179     0.73355007
  178   210     0.61623549
  179   147    -0.73232294
  179   178     0.73355007
  179   180     0.31915650
  179   211    -0.42666860
  180   148     1.16378146
  180   179     0.31915650
  180   181     0.69645811
  180   212     1.38827165
  181   149    -1.20455513
  181   180     0.69645811
  181   182     1.06719779
  181   213     0.06566367
  182   150     0.10213996
  182   181     1.06719779
  182   183    -0.99127461
  182   214     2.16408230
  183   151     0.23166197
  183   182    -0.99127461
  183   184     0.62879481
  183   215    -0.55818993
  184   152     0.37637213
  184   183     0.62879481
  184   185     0.78643646
  184   216    -2.04317772
  185   153    -1.33919696
  185   184     0.78643646
  185   186     0.68839300
  185   217    -0.69817750
  186   154    -0.42535614
  186   185     0.68839300
  186   187     1.51792303
  186   218     0.50814518
  187   155    -0.57970482
  187   186     1.51792303
  187   188     0.80818548
  187   219    -0.29240047
  188   156     1.18808955
  188   187     0.80818548
  188   189    -1.35762821
  188   220    -0.33246286
  189   157     0.56801006
  189   188    -1.35762821
  189   190    -0.22932889
  189   221    -0.03015534
  190   158     0.72947968
  190   189    -0.22932889
  190   191     0.29837830
  190   222    -1.02823680
  191   159    -0.68815991
  191   160    -0.28392191
  191   190     0.29837830
  191   223     0.92573634
  192   160    -0.85666798
  192   193     0.23056708
  192   223     0.06693896
  192   224    -0.46963522
  193   161     0.28432814
  193   192     0.23056708
  193   194     1.01767835
  193   225     0.29259380
  194   162     0.18959863
  194   193     1.01767835
  194   195     2.74114211
  194   226     0.99804117
  195   163     0.63323933
  195   194     2.74114211
  195   196    -0.02229827
  195   227     2.08408294
  196   164     0.09870304
  196   195    -0.02229827
  196   197     1.42454163
  196   228    -1.12683705
  197   165     0.71458753
  197   196     1.42454163
  197   198     0.29226876
  197   229    -1.29996424
  198   166     1.21332594
  198   197     0.29226876
  198   199     0.20889681
  198   230     0.65471149
  199   167     1.17961509
  199   198     0.20889681
  199   200     1.14554667
  199   231    -0.66297678
  200   168    -0.02098604
  200   199     1.14554667
  200   201     0.62392746
  200   232     0.42771852
  201   169    -1.66211278
  201   200     0.62392746
  201   202    -1.79268495
  201   233     1.16960688
  202   170     0.67334041
  202   201    -1.79268495
  202   203    -0.60129815
  202   234     1.40083940
  203   171    -1.14385551
  203   202    -0.60129815
  203   204    -1.59403908
  203   235    -1.65412791
  204   172     0.74257778
  204   203    -1.59403908
  204   205    -0.86590255
  204   236    -0.19285859
  205   173     0.13784884
  205   204    -0.86590255
  205   206     1.31162550
  205   237    -0.74766739
  206   174     0.23256464
  206   205     1.31162550
  206   207     1.17135485
  206   238     0.46083137
  207   175     0.71863246
  207   206     1.17135485
  207   208     1.05960726
  207   239    -0.19938095
  208   176     0.39761756
  208   207     1.05960726
  208   209    -2.57806226
  208   240     1.31603419
  209   177    -0.73657294
  209   208    -2.57806226
  209   210     0.68665336
  209   241     0.22518632
  210   178     0.61623549
  210   209     0.68665336
  210   211    -0.78255785
  210   242     0.50873733
  211   179    -0.42666860
  211   210    -0.78255785
  211   212     0.35811785
  211   243    -0.23211719
  212   180     1.38827165
  212   211     0.35811785
  212   213    -0.81677687
  212   244    -0.86726320
  213   181     0.06566367
  213   212    -0.81677687
  213   214    -0.99600904
  213   245     2.56837451
  214   182     2.16408230
  214   213    -0.99600904
  214   215    -0.65329267
  214   246    -1.43025457
  215   183    -0.55818993
  215   214    -0.65329267
  215   216    -0.91748534
  215   247    -1.07780814
  216   184    -2.04317772
  216   215    -0.91748534
  216   217     0.73792454
  216   248     0.53774496
  217   185    -0.69817750
  217   216     0.73792454
  217   218     0.18098399
  217   249    -0.94978957
  218   186     0.50814518
  218   217     0.18098399
  218   219     0.21399625
  218   250     0.41012969
  219   187    -0.29240047
  219   218     0.21399625
  219   220     1.20930191
  219   251    -0.89149334
  220   188    -0.33246286
  220   219     1.20930191
  220   221     0.60426037
  220   252    -1.01624080
  221   189    -0.03015534
  221   220     0.60426037
  221   222    -0.22529246
  221   253     0.12072520
  222   190    -1.02823680
  222   221    -0.22529246
  222   223     1.04634930
  222   254    -0.15886733
  223   191     0.92573634
  223   192     0.06693896
  223   222     1.04634930
  223   255    -0.16452160
  224   192    -0.46963522
  224   225    -0.76787592
  224   255     0.15791346
  224   256    -1.45493399
  225   193     0.29259380
  225   224    -0.76787592
  225   226    -0.20927866
  225   257     0.45378150
  226   194     0.99804117
  226   225    -0.20927866
  226   227    -0.06465869
  226   258     0.08253791
  227   195     2.08408294
  227   226    -0.06465869
  227   228     1.77482858
  227   259    -2.22473204
  228   196    -1.12683705
  228   227     1.77482858
  228   229     0.16743117
  228   260     2.29804315
  229   197    -1.29996424
  229   228     0.16743117
  229   230     0.57270215
  229   261     0.90156559
  230   198     0.65471149
  230   229     0.57270215
  230   231    -0.19329983
  230   262     1.56903631
  231   199    -0.66297678
  231   230    -0.19329983
  231   232    -0.33457831
  231   263    -0.35332883
  232   200     0.42771852
  232   231    -0.33457831
  232   233    -0.07466414
  232   264    -1.82902779
  233   201     1.16960688
  233   232    -0.07466414
  233   234     2.55918236
  233   265     0.50263538
  234   202     1.40083940
  234   233     2.55918236
  234   235     0.55278947
  234   266    -0.88789770
  235   203    -1.65412791
  235   234     0.55278947
  235   236     0.98882394
  235   267    -0.88890634
  236   204    -0.19285859
  236   235     0.98882394
  236   237     1.47287278
  236   268    -0.31970146
  237   205    -0.74766739
  237   236     1.47287278
  237   238     0.94562490
  237   269     0.44239902
  238   206     0.46083137
  238   237     0.94562490
  238   239    -0.83145553
  238   270    -1.63492585
  239   207    -0.19938095
  239   238    -0.83145553
  239   240     0.44854338
  239   271    -1.32859140
  240   208     1.31603419
  240   239     0.44854338
  240   241     0.49146216
  240   272     0.49198328
  241   209     0.22518632
  241   240     0.49146216
  241   242    -0.48574602
  241   273    -1.53747059
  242   210     0.50873733
  242   241    -0.48574602
  242   243    -0.01779277
  242   274     0.32060168
  243   211    -0.23211719
  243   242    -0.01779277
  243   244    -0.82707598
  243   275    -1.21973227
  244   212    -0.86726320
  244   243    -0.82707598
  244   245     0.31177124
  244   276    -0.70433513
  245   213     2.56837451
  245   244     0.31177124
  245   246     1.31822728
  245   277     0.16802997
  246   214    -1.43025457
  246   245     1.31822728
  246   247     0.98509433
  246   278    -0.41236214
  247   215    -1.07780814
  247   246     0.98509433
  247   248    -1.11842663
  247   279     1.87910009
  248   216     0.53774496
  248   247    -1.11842663
  248   249     0.29496597
  248   280     0.19463720
  249   217    -0.94978957
  249   248     0.29496597
  249   250     1.21911678
  249   281     0.18501400
  250   218     0.41012969
  250   249     1.21911678
  250   251    -2.19451701
  250   282    -1.09702641
  251   219    -0.89149334
  251   250    -2.19451701
  251   252    -0.88271144
  251   283    -0.52919596
  252   220    -1.01624080
  252   251    -0.88271144
  252   253     0.48265475
  252   284    -1.28418181
  253   221     0.12072520
  253   252     0.48265475
  253   254    -0.41869952
  253   285     0.64832704
  254   222    -0.15886733
  254   253    -0.41869952
  254   255    -2.05643924
  254   286    -0.34517970
  255   223    -0.16452160
  255   224     0.15791346
  255   254    -2.05643924
  255   287     0.18096072
  256   224    -1.45493399
  256   257    -0.15764968
  256   287    -1.49198272
  256   288     1.09702550
  257   225     0.45378150
  257   256    -0.15764968
  257   258    -0.85837132
  257   289    -0.82777460
  258   226     0.08253791
  258   257    -0.85837132
  258   259    -0.11672525
  258   290    -0.34044243
  259   227    -2.22473204
  259   258    -0.11672525
  259   260    -1.46390673
  259   291     0.94753655
  260   228     2.29804315
  260   259    -1.46390673
  260   261     0.62375819
  260   292    -1.90630256
  261   229     0.90156559
  261   260     0.62375819
  261   262    -0.46204524
  261   293     1.17293819
  262   230     1.56903631
  262   261    -0.46204524
  262   263     1.72481618
  262   294    -0.34552800
  263   231    -0.35332883
  263   262     1.72481618
  263   264    -1.37897661
  263   295    -0.94039753
  264   232    -1.82902779
  264   263    -1.37897661
  264   265    -0.61949575
  264   296    -1.13751972
  265   233     0.50263538
  265   264    -0.61949575
  265   266    -0.16762961
  265   297    -2.33869957
  266   234    -0.88789770
  266   265    -0.16762961
  266   267     0.02774482
  266   298    -1.20829778
  267   235    -0.88890634
  267   266     0.02774482
  267   268     1.53939705
  267   299     1.05387823
  268   236    -0.31970146
  268   267     1.53939705
  268   269     1.31023561
  268   300    -0.01776103
  269   237     0.44239902
  269   268     1.31023561
  269   270    -1.18273557
  269   301    -1.24805998
  270   238    -1.63492585
  270   269    -1.18273557
  270   271    -0.88519015
  270   302     0.40435505
  271   239    -1.32859140
  271   270    -0.88519015
  271   272    -0.78422374
  271   303     1.11497154
  272   240     0.49198328
  272   271    -0.78422374
  272   273     0.10701553
  272   304     1.63322358
  273   241    -1.53747059
  273   272     0.10701553
  273   274    -0.07165092
  273   305    -0.66478128
  274   242     0.32060168
  274   273    -0.07165092
  274   275     0.32540167
  274   306     0.21940916
  275   243    -1.21973227
  275   274     0.32540167
  275   276    -0.44663169
  275   307    -0.01955814
  276   244    -0.70433513
  276   275    -0.44663169
  276   277    -1.08458376
  276   308    -0.59004838
  277   245     0.16802997
  277   276    -1.08458376
  277   278    -0.16771852
  277   309    -0.05780723
  278   246    -0.41236214
  278   277    -0.16771852
  278   279     0.22624484
  278   310    -0.54355590
  279   247     1.87910009
  279   278     0.22624484
  279   280    -0.90647800
  279   311     0.47071529
  280   248     0.19463720
  280   279    -0.90647800
  280   281     1.04021272
  280   312     0.31598850
  281   249     0.18501400
  281   280     1.04021272
  281   282     1.25996916
  281   313    -1.91764930
  282   250    -1.09702641
  282   281     1.25996916
  282   283     1.51197547
  282   314    -0.43066289
  283   251    -0.52919596
  283   282     1.51197547
  283   284    -0.16940055
  283   315     1.93000245
  284   252    -1.28418181
  284   283    -0.16940055
  284   285    -1.43524388
  284   316     1.07538856
  285   253     0.64832704
  285   284    -1.43524388
  285   286    -0.55879863
  285   317    -0.62589657
  286   254    -0.34517970
  286   285    -0.55879863
  286   287     0.32626863
  286   318    -0.75377835
  287   255     0.18096072
  287   256    -1.49198272
  287   286     0.32626863
  287   319    -1.15454380
  288   256     1.09702550
  288   289     0.08046193
  288   319    -1.21067333
  288   320    -0.21088726
  289   257    -0.82777460
  289   288     0.08046193
  289   290     0.85432178
  289   321     0.00103159
  290   258    -0.34044243
  290   289     0.85432178
  290   291     0.47947414
  290   322     0.93826077
  291   259     0.94753655
  291   290     0.47947414
  291   292     0.87674435
  291   323    -1.60081970
  292   260    -1.90630256
  292   291     0.87674435
  292   293     1.57408668
  292   324    -0.18969982
  293   261     1.17293819
  293   292     1.57408668
  293   294     0.43703718
  293   325     2.01266066
  294   262    -0.34552800
  294   293     0.43703718
  294   295    -0.68518302
  294   326    -0.37925129
  295   263    -0.94039753
  295   294    -0.68518302
  295   296    -1.07411186
  295   327    -0.42152884
  296   264    -1.13751972
  296   295    -1.07411186
  296   297    -0.02009438
  296   328     0.56018932
  297   265    -2.33869957
  297   296    -0.02009438
  297   298    -0.23041537
  297   329    -0.53683239
  298   266    -1.20829778
  298   297    -0.23041537
  298   299     0.40260876
  298   330     0.03694638
  299   267     1.05387823
  299   298     0.40260876
  299   300     1.96616036
  299   331    -3.25852149
  300   268    -0.01776103
  300   299     1.96616036
  300   301     0.79486368
  300   332    -0.01151563
  301   269    -1.24805998
  301   300     0.79486368
  301   302    -0.77244257
  301   333     0.09927916
  302   270     0.40435505
  302   301    -0.77244257
  302   303    -1.21303751
  302   334    -0.14113294
  303   271     1.11497154
  303   302    -1.21303751
  303   304     0.81573496
  303   335    -0.89622269
  304   272     1.63322358
  304   303     0.81573496
  304   305    -1.85352808
  304   336    -1.07475102
  305   273    -0.66478128
  305   304    -1.85352808
  305   306     2.01299831
  305   337    -1.23468336
  306   274     0.21940916
  306   305     2.01299831
  306   307     0.48660197
  306   338     0.97189961
  307   275    -0.01955814
  307   306     0.48660197
  307   308    -0.62864783
  307   339     0.39467630
  308   276    -0.59004838
  308   307    -0.62864783
  308   309    -1.20858569
  308   340     0.79016687
  309   277    -0.05780723
  309   308    -1.20858569
  309   310     0.69269006
  309   341     1.30875753
  310   278    -0.54355590
  310   309     0.69269006
  310   311    -0.48386634
  310   342     0.16529478
  311   279     0.47071529
  311   310    -0.48386634
  311   312    -0.72772680
  311   343    -0.40823086
  312   280     0.31598850
  312   311    -0.72772680
  312   313     1.97513235
  312   344    -0.43646984
  313   281    -1.91764930
  313   312     1.97513235
  313   314     0.57438025
  313   345    -0.46225828
  314   282    -0.43066289
  314   313     0.57438025
  314   315     1.03651416
  314   346     0.94043258
  315   283     1.93000245
  315   314     1.03651416
  315   316    -1.16778163
  315   347    -0.46526673
  316   284     1.07538856
  316   315    -1.16778163
  316   317     0.20308957
  316   348     0.08222303
  317   285    -0.62589657
  317   316     0.20308957
  317   318     0.25327352
  317   349     0.85462633
  318   286    -0.75377835
  318   317     0.25327352
  318   319    -0.37252917
  318   350    -0.24877649
  319   287    -1.15454380
  319   288    -1.21067333
  319   318    -0.37252917
  319   351    -0.62544374
  320   288    -0.21088726
  320   321    -0.78683166
  320   351     0.77715455
  320   352    -0.67147946
  321   289     0.00103159
  321   320    -0.78683166
  321   322     0.29086942
  321   353     0.72087462
  322   290     0.93826077
  322   321     0.29086942
  322   323    -0.54485387
  322   354    -0.46599911
  323   291    -1.60081970
  323   322    -0.54485387
  323   324     0.79818478
  323   355     0.73013833
  324   292    -0.18969982
  324   323     0.79818478
  324   325    -2.53408463
  324   356     0.25356703
  325   293     2.01266066
  325   324    -2.53408463
  325   326    -0.73134988
  325   357    -0.05290813
  326   294    -0.37925129
  326   325    -0.73134988
  326   327    -0.09563055
  326   358    -1.89096705
  327   295    -0.42152884
  327   326    -0.09563055
  327   328     0.04167038
  327   359     0.70522641
  328   296     0.56018932
  328   327     0.04167038
  328   329     0.58064814
  328   360     0.03848660
  329   297    -0.53683239
  329   328     0.58064814
  329   330    -0.77959634
  329   361     0.31446456
  330   298     0.03694638
  330   329    -0.77959634
  330   331    -1.46236280
  330   362    -1.00650518
  331   299    -3.25852149
  331   330    -1.46236280
  331   332    -0.42311307
  331   363    -1.80568680
  332   300    -0.01151563
  332   331    -0.42311307
  332   333     0.19883770
  332   364     0.13726569
  333   301     0.09927916
  333   332     0.19883770
  333   334     0.41837966
  333   365     1.19261209
  334   302    -0.14113294
  334   333     0.41837966
  334   335     1.34046089
  334   366     0.62206300
  335   303    -0.89622269
  335   334     1.34046089
  335   336    -0.47519970
  335   367     0.74331292
  336   304    -1.07475102
  336   335    -0.47519970
  336   337     0.46835037
  336   368    -0.07897409
  337   305    -1.23468336
  337   336     0.46835037
  337   338    -0.07465891
  337   369     0.48161525
  338   306     0.97189961
  338   337    -0.07465891
  338   339     1.57871331
  338   370    -0.98266720
  339   307     0.39467630
  339   338     1.57871331
  339   340    -1.17437931
  339   371    -0.84318635
  340   308     0.79016687
  340   339    -1.17437931
  340   341     0.29823752
  340   372     1.65637881
  341   309     1.30875753
  341   340     0.29823752
  341   342    -1.26286715
  341   373    -0.37280817
  342   310     0.16529478
  342   341    -1.26286715
  342   343    -1.15661441
  342   374     0.71050975
  343   311    -0.40823086
  343   342    -1.15661441
  343   344    -0.45700457
  343   375     0.17725452
  344   312    -0.43646984
  344   343    -0.45700457
  344   345     0.68834461
  344   376     0.82043070
  345   313    -0.46225828
  345   344     0.68834461
  345   346     0.31651688
  345   377     0.45487086
  346   314     0.94043258
  346   345     0.31651688
  346   347    -0.53443270
  346   378    -0.64124000
  347   315    -0.46526673
  347   346    -0.53443270
  347   348     0.36255148
  347   379     1.19930846
  348   316     0.08222303
  348   347     0.36255148
  348   349    -0.30643150
  348   380    -0.85793988
  349   317     0.85462633
  349   348    -0.30643150
  349   350     1.05682996
  349   381    -0.73600536
  350   318    -0.24877649
  350   349     1.05682996
  350   351    -0.10840532
  350   382    -1.92081930
  351   319    -0.62544374
  351   320     0.77715455
  351   350    -0.10840532
  351   383     0.31289364
  352   320    -0.67147946
  352   353     0.99162482
  352   383    -0.30818214
  352   384    -0.82786822
  353   321     0.72087462
  353   352     0.99162482
  353   354     0.31716744
  353   385     1.51117560
  354   322    -0.46599911
  354   353     0.31716744
  354   355    -1.61042631
  354   386    -0.85972295
  355   323     0.73013833
  355   354    -1.61042631
  355   356    -0.58271071
  355   387    -1.69352087
  356   324     0.25356703
  356   355    -0.58271071
  356   357     1.40372558
  356   388     0.91846139
  357   325    -0.05290813
  357   356     1.40372558
  357   358    -0.76229950
  357   389     0.54407300
  358   326    -1.89096705
  358   357    -0.76229950
  358   359     1.12562593
  358   390    -0.68024354
  359   327     0.70522641
  359   358     1.12562593
  359   360     0.76439518
  359   391     0.65757607
  360   328     0.03848660
  360   359     0.76439518
  360   361    -0.25448699
  360   392     1.31604973
  361   329     0.31446456
  361   360    -0.25448699
  361   362    -0.15058379
  361   393    -0.01173124
  362   330    -1.00650518
  362   361    -0.15058379
  362   363     0.52646575
  362   394     0.73735170
  363   331    -1.80568680
  363   362     0.52646575
  363   364    -0.18659964
  363   395    -0.01592166
  364   332     0.13726569
  364   363    -0.18659964
  364   365     0.01398258
  364   396     0.64053605
  365   333     1.19261209
  365   364     0.01398258
  365   366     1.19081289
  365   397    -2.46802033
  366   334     0.62206300
  366   365     1.19081289
  366   367     0.06252108
  366   398     2.64271607
  367   335     0.74331292
  367   366     0.06252108
  367   368     1.52938522
  367   399    -0.95406505
  368   336    -0.07897409
  368   367     1.52938522
  368   369    -1.43908880
  368   400     0.61517700
  369   337     0.48161525
  369   368    -1.43908880
