#Random lattice graph with connectivity C = 6
#Vertices:	Bonds:
#	1000		3000
    0     1     0.45825309
    0     9     0.58468440
    0    10     0.42876756
    0    90    -1.34433357
    0   100     1.65950519
    0   900    -0.33898568
    1     0     0.45825309
    1     2     0.13004635
    1    11    -0.63916479
    1    91    -1.04888603
    1   101    -2.00077567
    1   901    -0.90065012
    2     1     0.13004635
    2     3    -0.02037748
    2    12    -0.89802663
    2    92     0.92469340
    2   102     0.38128195
    2   902    -0.68669594
    3     2    -0.02037748
    3     4     0.62126716
    3    13    -0.54083160
    3    93     0.03433490
    3   103     0.52354036
    3   903     1.88310330
    4     3     0.62126716
    4     5     0.68363776
    4    14    -2.58036691
    4    94    -0.37941587
    4   104    -0.78904164
    4   904    -0.74414035
    5     4     0.68363776
    5     6     0.20252980
    5    15     0.75723177
    5    95     1.51452838
    5   105    -0.53798189
    5   905    -0.48359956
    6     5     0.20252980
    6     7    -1.50158488
    6    16     0.11046181
    6    96    -1.08378809
    6   106    -0.80087106
    6   906    -0.36624836
    7     6    -1.50158488
    7     8    -1.42925861
    7    17     0.06462854
    7    97     0.16767063
    7   107    -0.02682016
    7   907    -0.82668366
    8     7    -1.42925861
    8     9    -0.23429183
    8    18    -0.88520226
    8    98    -0.65188136
    8   108    -0.32964087
    8   908     0.32151844
    9     0     0.58468440
    9     8    -0.23429183
    9    19    -1.06303648
    9    99    -0.81520937
    9   109    -1.97847617
    9   909     0.17718614
   10     0     0.42876756
   10    11    -1.63744944
   10    19    -1.30133755
   10    20     0.39193392
   10   110     0.29170361
   10   910    -0.03055005
   11     1    -0.63916479
   11    10    -1.63744944
   11    12    -1.22119000
   11    21    -1.33781598
   11   111    -0.14331450
   11   911     0.13032116
   12     2    -0.89802663
   12    11    -1.22119000
   12    13    -0.62518388
   12    22     0.58657157
   12   112     0.96765351
   12   912     0.49455019
   13     3    -0.54083160
   13    12    -0.62518388
   13    14    -1.28464519
   13    23     0.94035718
   13   113    -2.28830732
   13   913     0.67929901
   14     4    -2.58036691
   14    13    -1.28464519
   14    15    -1.13372427
   14    24     0.24447655
   14   114     0.57293283
   14   914    -0.66988764
   15     5     0.75723177
   15    14    -1.13372427
   15    16    -1.69968599
   15    25    -0.42155220
   15   115    -1.14129068
   15   915    -1.36986852
   16     6     0.11046181
   16    15    -1.69968599
   16    17     0.18688732
   16    26    -1.18368797
   16   116     1.09968052
   16   916    -0.40071499
   17     7     0.06462854
   17    16     0.18688732
   17    18    -0.29751767
   17    27    -1.71904036
   17   117    -0.81182195
   17   917     1.27992691
   18     8    -0.88520226
   18    17    -0.29751767
   18    19    -0.58633579
   18    28     0.37465006
   18   118     0.75411654
   18   918    -0.07831289
   19     9    -1.06303648
   19    10    -1.30133755
   19    18    -0.58633579
   19    29    -0.10397107
   19   119    -1.57534965
   19   919     1.04571916
   20    10     0.39193392
   20    21     0.00496570
   20    29    -0.24616186
   20    30    -0.28732091
   20   120    -0.47756186
   20   920     0.32596628
   21    11    -1.33781598
   21    20     0.00496570
   21    22     0.17052842
   21    31     1.68533209
   21   121     0.65856079
   21   921    -0.27325503
   22    12     0.58657157
   22    21     0.17052842
   22    23     0.61049439
   22    32    -2.23155847
   22   122    -2.20584564
   22   922     0.27726802
   23    13     0.94035718
   23    22     0.61049439
   23    24    -0.58330482
   23    33     0.12033671
   23   123     0.73441637
   23   923    -2.01118456
   24    14     0.24447655
   24    23    -0.58330482
   24    25     2.38003758
   24    34     0.53641383
   24   124    -1.17252726
   24   924    -0.48654476
   25    15    -0.42155220
   25    24     2.38003758
   25    26    -0.10401750
   25    35    -0.55093520
   25   125     0.23985534
   25   925    -0.41236880
   26    16    -1.18368797
   26    25    -0.10401750
   26    27     0.34529974
   26    36    -0.13610638
   26   126    -0.52343821
   26   926     0.21445281
   27    17    -1.71904036
   27    26     0.34529974
   27    28     0.90685588
   27    37    -0.66376562
   27   127     0.52186086
   27   927     0.40774543
   28    18     0.37465006
   28    27     0.90685588
   28    29    -0.06251806
   28    38    -1.46562971
   28   128    -0.60542356
   28   928    -1.63765364
   29    19    -0.10397107
   29    20    -0.24616186
   29    28    -0.06251806
   29    39     0.85931359
   29   129    -0.35175563
   29   929     0.27735567
   30    20    -0.28732091
   30    31    -0.77436650
   30    39     0.31535900
   30    40    -0.01570046
   30   130    -0.56566333
   30   930    -0.09257458
   31    21     1.68533209
   31    30    -0.77436650
   31    32     0.70994320
   31    41    -0.45648621
   31   131    -0.34287141
   31   931    -1.35007211
   32    22    -2.23155847
   32    31     0.70994320
   32    33     1.67149923
   32    42     0.58880432
   32   132     0.18840080
   32   932     2.80343289
   33    23     0.12033671
   33    32     1.67149923
   33    34     0.56605204
   33    43    -0.07219228
   33   133    -0.24622607
   33   933    -0.05797201
   34    24     0.53641383
   34    33     0.56605204
   34    35     1.46290943
   34    44     0.16894139
   34   134    -0.36633446
   34   934     0.55101007
   35    25    -0.55093520
   35    34     1.46290943
   35    36    -0.08573386
   35    45    -0.35826178
   35   135     0.32432728
   35   935    -2.36396933
   36    26    -0.13610638
   36    35    -0.08573386
   36    37     1.24595949
   36    46     1.01387716
   36   136    -0.30648312
   36   936    -0.70747628
   37    27    -0.66376562
   37    36     1.24595949
   37    38     1.14123331
   37    47     0.09111433
   37   137     0.18462093
   37   937     0.49874273
   38    28    -1.46562971
   38    37     1.14123331
   38    39     0.28406067
   38    48     1.70026403
   38   138     1.19074992
   38   938     1.14557862
   39    29     0.85931359
   39    30     0.31535900
   39    38     0.28406067
   39    49     0.38070834
   39   139    -0.45508130
   39   939    -0.21862633
   40    30    -0.01570046
   40    41     0.48019274
   40    49    -0.03407776
   40    50     1.94022491
   40   140     1.48125518
   40   940     1.56597493
   41    31    -0.45648621
   41    40     0.48019274
   41    42     0.74082625
   41    51    -0.90955350
   41   141     0.21221625
   41   941    -0.14053368
   42    32     0.58880432
   42    41     0.74082625
   42    43     0.24129551
   42    52    -0.20925812
   42   142     0.26340765
   42   942     1.74723932
   43    33    -0.07219228
   43    42     0.24129551
   43    44    -0.95314542
   43    53    -0.10546333
   43   143     1.28084560
   43   943    -0.22838186
   44    34     0.16894139
   44    43    -0.95314542
   44    45     0.90793165
   44    54    -0.08722477
   44   144    -1.93045004
   44   944     1.90236903
   45    35    -0.35826178
   45    44     0.90793165
   45    46    -1.09313592
   45    55     0.46752857
   45   145     0.41178221
   45   945     0.17935992
   46    36     1.01387716
   46    45    -1.09313592
   46    47    -0.43478884
   46    56    -1.20492416
   46   146     2.38575146
   46   946     0.55493492
   47    37     0.09111433
   47    46    -0.43478884
   47    48    -0.32490197
   47    57     0.83248737
   47   147    -0.94969348
   47   947    -0.10677171
   48    38     1.70026403
   48    47    -0.32490197
   48    49    -0.73182780
   48    58    -1.06804814
   48   148    -1.87320095
   48   948     0.70520371
   49    39     0.38070834
   49    40    -0.03407776
   49    48    -0.73182780
   49    59     1.06776764
   49   149     1.38570026
   49   949     0.92263024
   50    40     1.94022491
   50    51     0.47338009
   50    59     1.30625462
   50    60    -0.14741121
   50   150    -0.80537046
   50   950     0.70090927
   51    41    -0.90955350
   51    50     0.47338009
   51    52     0.18941919
   51    61    -1.43531969
   51   151     0.08861350
   51   951    -0.58232635
   52    42    -0.20925812
   52    51     0.18941919
   52    53    -0.60288588
   52    62     0.81398091
   52   152    -1.38593132
   52   952    -0.07176003
   53    43    -0.10546333
   53    52    -0.60288588
   53    54    -0.64182880
   53    63     0.50943075
   53   153    -0.87385428
   53   953    -1.03420369
   54    44    -0.08722477
   54    53    -0.64182880
   54    55    -0.77967767
   54    64     0.01138168
   54   154     0.13908225
   54   954    -0.27409339
   55    45     0.46752857
   55    54    -0.77967767
   55    56     1.30630330
   55    65    -0.23061257
   55   155     0.41040479
   55   955     2.83070381
   56    46    -1.20492416
   56    55     1.30630330
   56    57     0.94912611
   56    66    -0.84922571
   56   156    -0.38794268
   56   956    -0.13914909
   57    47     0.83248737
   57    56     0.94912611
   57    58     0.00969525
   57    67     0.28069578
   57   157    -0.35733519
   57   957     0.45362265
   58    48    -1.06804814
   58    57     0.00969525
   58    59    -0.07827536
   58    68    -1.40822067
   58   158    -0.79983502
   58   958    -1.42474933
   59    49     1.06776764
   59    50     1.30625462
   59    58    -0.07827536
   59    69    -1.03585608
   59   159     0.34934636
   59   959     0.27540545
   60    50    -0.14741121
   60    61    -2.45174388
   60    69     1.20402242
   60    70    -0.16523116
   60   160     0.42325181
   60   960    -1.91187449
   61    51    -1.43531969
   61    60    -2.45174388
   61    62    -0.52170701
   61    71     0.03391025
   61   161     0.20566991
   61   961    -0.82417013
   62    52     0.81398091
   62    61    -0.52170701
   62    63    -0.78861542
   62    72     1.01339206
   62   162     0.97402437
   62   962    -0.29662720
   63    53     0.50943075
   63    62    -0.78861542
   63    64     0.34420849
   63    73    -0.14109539
   63   163    -0.54602160
   63   963    -0.81690329
   64    54     0.01138168
   64    63     0.34420849
   64    65    -0.56481171
   64    74     1.95894881
   64   164    -0.92479727
   64   964     0.86160965
   65    55    -0.23061257
   65    64    -0.56481171
   65    66     0.18615929
   65    75    -0.19125389
   65   165    -0.61643038
   65   965    -0.08494502
   66    56    -0.84922571
   66    65     0.18615929
   66    67     0.20080282
   66    76    -0.20740178
   66   166    -0.98627128
   66   966     0.73219178
   67    57     0.28069578
   67    66     0.20080282
   67    68     0.77335986
   67    77    -0.32348574
   67   167     0.76230699
   67   967     0.59332351
   68    58    -1.40822067
   68    67     0.77335986
   68    69     1.66425923
   68    78     0.41313434
   68   168     0.87495707
   68   968    -0.04785326
   69    59    -1.03585608
   69    60     1.20402242
   69    68     1.66425923
   69    79     1.69264303
   69   169    -2.27918622
   69   969     0.30131757
   70    60    -0.16523116
   70    71    -0.43843300
   70    79    -0.75972348
   70    80     2.11522838
   70   170    -1.28549299
   70   970     0.73856438
   71    61     0.03391025
   71    70    -0.43843300
   71    72     0.85066492
   71    81     1.05736054
   71   171    -1.81186442
   71   971     0.50231744
   72    62     1.01339206
   72    71     0.85066492
   72    73     0.83795042
   72    82     0.44200386
   72   172    -1.51772727
   72   972     0.37665802
   73    63    -0.14109539
   73    72     0.83795042
   73    74     0.07680364
   73    83    -0.12841777
   73   173    -1.00622147
   73   973     0.98009906
   74    64     1.95894881
   74    73     0.07680364
   74    75     0.78873221
   74    84     0.36369176
   74   174     0.47153090
   74   974     0.44723307
   75    65    -0.19125389
   75    74     0.78873221
   75    76    -0.38779947
   75    85     0.02336488
   75   175    -1.78249357
   75   975    -0.75321485
   76    66    -0.20740178
   76    75    -0.38779947
   76    77    -0.88656162
   76    86     1.56932706
   76   176    -1.12832644
   76   976     0.13853272
   77    67    -0.32348574
   77    76    -0.88656162
   77    78    -2.28860755
   77    87    -1.03755353
   77   177     0.37711784
   77   977    -1.03580370
   78    68     0.41313434
   78    77    -2.28860755
   78    79    -0.94435997
   78    88     2.04588593
   78   178     2.08370694
   78   978     0.89678836
   79    69     1.69264303
   79    70    -0.75972348
   79    78    -0.94435997
   79    89    -1.11046374
   79   179    -1.09524057
   79   979     0.02271762
   80    70     2.11522838
   80    81    -0.41516700
   80    89     0.87073610
   80    90    -0.26039962
   80   180    -1.05241368
   80   980     0.18682728
   81    71     1.05736054
   81    80    -0.41516700
   81    82     0.05432468
   81    91     3.02887940
   81   181    -0.36499877
   81   981     1.75053711
   82    72     0.44200386
   82    81     0.05432468
   82    83    -1.06355695
   82    92    -0.91764225
   82   182     0.62600469
   82   982     0.62359939
   83    73    -0.12841777
   83    82    -1.06355695
   83    84    -1.28877653
   83    93     0.59207925
   83   183    -0.93539366
   83   983    -0.85649649
   84    74     0.36369176
   84    83    -1.28877653
   84    85    -0.55221497
   84    94     2.57654372
   84   184     1.17769846
   84   984    -0.54311172
   85    75     0.02336488
   85    84    -0.55221497
   85    86    -0.41359019
   85    95     0.61865366
   85   185    -1.23117379
   85   985    -1.32446407
   86    76     1.56932706
   86    85    -0.41359019
   86    87    -0.32372510
   86    96    -0.99810138
   86   186    -0.10874018
   86   986     0.96453603
   87    77    -1.03755353
   87    86    -0.32372510
   87    88    -0.47211984
   87    97    -0.10227887
   87   187    -1.61832890
   87   987     0.19416341
   88    78     2.04588593
   88    87    -0.47211984
   88    89    -0.67574225
   88    98    -0.37589776
   88   188    -0.27578538
   88   988    -2.12898108
   89    79    -1.11046374
   89    80     0.87073610
   89    88    -0.67574225
   89    99     3.00632681
   89   189    -0.18227542
   89   989    -0.18729182
   90     0    -1.34433357
   90    80    -0.26039962
   90    91    -0.55380116
   90    99    -1.66329788
   90   190     0.49313209
   90   990     0.09878423
   91     1    -1.04888603
   91    81     3.02887940
   91    90    -0.55380116
   91    92    -0.41878790
   91   191     0.34801405
   91   991    -0.48406121
   92     2     0.92469340
   92    82    -0.91764225
   92    91    -0.41878790
   92    93     1.71842044
   92   192    -1.35569272
   92   992     0.52766624
   93     3     0.03433490
   93    83     0.59207925
   93    92     1.71842044
   93    94    -0.41049232
   93   193     2.69620949
   93   993     1.24617891
   94     4    -0.37941587
   94    84     2.57654372
   94    93    -0.41049232
   94    95    -1.81313988
   94   194    -2.15561759
   94   994    -0.59904566
   95     5     1.51452838
   95    85     0.61865366
   95    94    -1.81313988
   95    96    -0.53079658
   95   195     2.44217478
   95   995    -0.66847060
   96     6    -1.08378809
   96    86    -0.99810138
   96    95    -0.53079658
   96    97    -1.32398416
   96   196     1.16739009
   96   996    -0.74619562
   97     7     0.16767063
   97    87    -0.10227887
   97    96    -1.32398416
   97    98    -0.33337003
   97   197    -0.96334014
   97   997     1.01784842
   98     8    -0.65188136
   98    88    -0.37589776
   98    97    -0.33337003
   98    99    -0.19048123
   98   198     0.16753845
   98   998     0.57019363
   99     9    -0.81520937
   99    89     3.00632681
   99    90    -1.66329788
   99    98    -0.19048123
   99   199     2.03363296
   99   999    -0.40940977
  100     0     1.65950519
  100   101     0.84229494
  100   109    -1.03629630
  100   110     0.93195043
  100   190    -2.33090946
  100   200     0.21708627
  101     1    -2.00077567
  101   100     0.84229494
  101   102    -0.17994519
  101   111     0.17342939
  101   191     0.05903370
  101   201     1.53247758
  102     2     0.38128195
  102   101    -0.17994519
  102   103    -0.22426381
  102   112     1.33876406
  102   192     0.95928281
  102   202     0.62071614
  103     3     0.52354036
  103   102    -0.22426381
  103   104    -0.07716114
  103   113    -0.12488488
  103   193     1.06533191
  103   203    -0.44792279
  104     4    -0.78904164
  104   103    -0.07716114
  104   105     0.39158831
  104   114     0.81638020
  104   194    -1.70680021
  104   204     0.05640966
  105     5    -0.53798189
  105   104     0.39158831
  105   106     1.04616019
  105   115     0.14900007
  105   195    -0.72423728
  105   205     0.75957767
  106     6    -0.80087106
  106   105     1.04616019
  106   107    -0.02790257
  106   116     0.58605927
  106   196    -1.90170270
  106   206    -0.00827535
  107     7    -0.02682016
  107   106    -0.02790257
  107   108    -1.64560913
  107   117     0.37407818
  107   197     1.11931050
  107   207    -0.31647313
  108     8    -0.32964087
  108   107    -1.64560913
  108   109     0.55463926
  108   118     1.45445110
  108   198     0.11638309
  108   208     1.26219224
  109     9    -1.97847617
  109   100    -1.03629630
  109   108     0.55463926
  109   119    -1.19075929
  109   199     1.52664907
  109   209    -0.73515249
  110    10     0.29170361
  110   100     0.93195043
  110   111    -0.54262244
  110   119    -0.51476562
  110   120     0.48377117
  110   210     1.01081617
  111    11    -0.14331450
  111   101     0.17342939
  111   110    -0.54262244
  111   112    -1.08031765
  111   121     1.78788406
  111   211    -0.84778616
  112    12     0.96765351
  112   102     1.33876406
  112   111    -1.08031765
  112   113     2.32782407
  112   122    -1.03044395
  112   212     0.04928951
  113    13    -2.28830732
  113   103    -0.12488488
  113   112     2.32782407
  113   114    -1.47921076
  113   123     0.48412839
  113   213    -1.00103613
  114    14     0.57293283
  114   104     0.81638020
  114   113    -1.47921076
  114   115    -0.91625233
  114   124    -0.12698608
  114   214    -2.72027543
  115    15    -1.14129068
  115   105     0.14900007
  115   114    -0.91625233
  115   116     0.53654828
  115   125    -0.36148744
  115   215    -0.09481023
  116    16     1.09968052
  116   106     0.58605927
  116   115     0.53654828
  116   117    -0.66963216
  116   126     0.83890216
  116   216     1.59093474
  117    17    -0.81182195
  117   107     0.37407818
  117   116    -0.66963216
  117   118    -2.39491280
  117   127    -1.07959982
  117   217     0.66081191
  118    18     0.75411654
  118   108     1.45445110
  118   117    -2.39491280
  118   119     2.05225229
  118   128     1.18627203
  118   218     1.20147449
  119    19    -1.57534965
  119   109    -1.19075929
  119   110    -0.51476562
  119   118     2.05225229
  119   129     0.25571677
  119   219    -0.93543174
  120    20    -0.47756186
  120   110     0.48377117
  120   121    -0.32631369
  120   129    -1.24475238
  120   130    -0.34326710
  120   220     1.96259136
  121    21     0.65856079
  121   111     1.78788406
  121   120    -0.32631369
  121   122     2.04493180
  121   131    -0.14760832
  121   221     0.40089584
  122    22    -2.20584564
  122   112    -1.03044395
  122   121     2.04493180
  122   123    -0.44234461
  122   132     0.18244903
  122   222     1.37209090
  123    23     0.73441637
  123   113     0.48412839
  123   122    -0.44234461
  123   124    -2.01813547
  123   133    -0.75798763
  123   223    -1.53124718
  124    24    -1.17252726
  124   114    -0.12698608
  124   123    -2.01813547
  124   125     0.15827090
  124   134     0.62457807
  124   224    -0.01417128
  125    25     0.23985534
  125   115    -0.36148744
  125   124     0.15827090
  125   126     1.49454772
  125   135    -0.62395928
  125   225     0.68508485
  126    26    -0.52343821
  126   116     0.83890216
  126   125     1.49454772
  126   127    -0.71112406
  126   136    -0.71004078
  126   226    -0.25046498
  127    27     0.52186086
  127   117    -1.07959982
  127   126    -0.71112406
  127   128     1.00620883
  127   137    -0.82899343
  127   227    -1.08344511
  128    28    -0.60542356
  128   118     1.18627203
  128   127     1.00620883
  128   129    -2.16472716
  128   138     0.41037770
  128   228    -1.06995772
  129    29    -0.35175563
  129   119     0.25571677
  129   120    -1.24475238
  129   128    -2.16472716
  129   139    -3.40086718
  129   229     2.03136443
  130    30    -0.56566333
  130   120    -0.34326710
  130   131    -0.79016650
  130   139     0.88379163
  130   140    -0.65398287
  130   230    -0.61044105
  131    31    -0.34287141
  131   121    -0.14760832
  131   130    -0.79016650
  131   132    -2.35547597
  131   141     0.62253058
  131   231     0.08043218
  132    32     0.18840080
  132   122     0.18244903
  132   131    -2.35547597
  132   133    -0.07802146
  132   142     2.51966852
  132   232    -0.78974344
  133    33    -0.24622607
  133   123    -0.75798763
  133   132    -0.07802146
  133   134     0.87006197
  133   143     0.26721879
  133   233    -0.71765321
  134    34    -0.36633446
  134   124     0.62457807
  134   133     0.87006197
  134   135    -0.76664369
  134   144    -2.39608712
  134   234    -0.69247141
  135    35     0.32432728
  135   125    -0.62395928
  135   134    -0.76664369
  135   136     0.95444709
  135   145    -0.81461968
  135   235    -0.49928232
  136    36    -0.30648312
  136   126    -0.71004078
  136   135     0.95444709
  136   137     0.29668282
  136   146    -0.94421044
  136   236     1.85190356
  137    37     0.18462093
  137   127    -0.82899343
  137   136     0.29668282
  137   138    -0.45659597
  137   147     1.59448746
  137   237     1.47548017
  138    38     1.19074992
  138   128     0.41037770
  138   137    -0.45659597
  138   139    -0.37555830
  138   148     0.60483385
  138   238    -0.44911379
  139    39    -0.45508130
  139   129    -3.40086718
  139   130     0.88379163
  139   138    -0.37555830
  139   149     1.21109504
  139   239     0.99204039
  140    40     1.48125518
  140   130    -0.65398287
  140   141     0.45308720
  140   149    -0.61549847
  140   150    -0.01732529
  140   240     0.25894899
  141    41     0.21221625
  141   131     0.62253058
  141   140     0.45308720
  141   142    -0.92382246
  141   151    -0.15199797
  141   241    -0.49409269
  142    42     0.26340765
  142   132     2.51966852
  142   141    -0.92382246
  142   143    -1.24605817
  142   152    -0.35807109
  142   242     1.02472337
  143    43     1.28084560
  143   133     0.26721879
  143   142    -1.24605817
  143   144     0.24001220
  143   153    -1.67542930
  143   243     0.10771268
  144    44    -1.93045004
  144   134    -2.39608712
  144   143     0.24001220
  144   145     0.33821729
  144   154     0.35759556
  144   244    -0.70605729
  145    45     0.41178221
  145   135    -0.81461968
  145   144     0.33821729
  145   146    -0.79221802
  145   155     0.76705376
  145   245     0.40627995
  146    46     2.38575146
  146   136    -0.94421044
  146   145    -0.79221802
  146   147    -0.53229304
  146   156    -2.58669072
  146   246    -0.91490223
  147    47    -0.94969348
  147   137     1.59448746
  147   146    -0.53229304
  147   148     2.04707487
  147   157    -2.37972129
  147   247    -0.91817781
  148    48    -1.87320095
  148   138     0.60483385
  148   147     2.04707487
  148   149    -0.20835696
  148   158     0.51695848
  148   248     1.21815100
  149    49     1.38570026
  149   139     1.21109504
  149   140    -0.61549847
  149   148    -0.20835696
  149   159    -0.78353299
  149   249    -1.05361388
  150    50    -0.80537046
  150   140    -0.01732529
  150   151    -1.18846499
  150   159    -1.31043313
  150   160     0.38074132
  150   250    -1.12263700
  151    51     0.08861350
  151   141    -0.15199797
  151   150    -1.18846499
  151   152     0.03707328
  151   161     0.03676236
  151   251    -0.08622060
  152    52    -1.38593132
  152   142    -0.35807109
  152   151     0.03707328
  152   153     0.24218299
  152   162     0.94322268
  152   252     0.66827443
  153    53    -0.87385428
  153   143    -1.67542930
  153   152     0.24218299
  153   154     1.19555024
  153   163     1.26414363
  153   253    -0.17170800
  154    54     0.13908225
  154   144     0.35759556
  154   153     1.19555024
  154   155     0.20499772
  154   164     1.18617158
  154   254    -0.78951555
  155    55     0.41040479
  155   145     0.76705376
  155   154     0.20499772
  155   156    -0.94544688
  155   165    -0.47378152
  155   255    -0.00255402
  156    56    -0.38794268
  156   146    -2.58669072
  156   155    -0.94544688
  156   157     2.64176327
  156   166    -0.07588492
  156   256     1.64205041
  157    57    -0.35733519
  157   147    -2.37972129
  157   156     2.64176327
  157   158     0.23636974
  157   167     1.04814100
  157   257     0.80151391
  158    58    -0.79983502
  158   148     0.51695848
  158   157     0.23636974
  158   159     0.13240035
  158   168    -1.13194286
  158   258    -0.04316021
  159    59     0.34934636
  159   149    -0.78353299
  159   150    -1.31043313
  159   158     0.13240035
  159   169    -0.23977297
  159   259     1.47071156
  160    60     0.42325181
  160   150     0.38074132
  160   161     0.67133322
  160   169    -0.23396062
  160   170    -0.42972229
  160   260     0.18327131
  161    61     0.20566991
  161   151     0.03676236
  161   160     0.67133322
  161   162     1.80636639
  161   171     0.41785906
  161   261    -0.32384934
  162    62     0.97402437
  162   152     0.94322268
  162   161     1.80636639
  162   163    -0.82666541
  162   172    -0.74500767
  162   262    -0.67095778
  163    63    -0.54602160
  163   153     1.26414363
  163   162    -0.82666541
  163   164     1.56000327
  163   173    -0.27747141
  163   263    -0.32733947
  164    64    -0.92479727
  164   154     1.18617158
  164   163     1.56000327
  164   165    -0.21252384
  164   174    -1.32749904
  164   264    -1.47239544
  165    65    -0.61643038
  165   155    -0.47378152
  165   164    -0.21252384
  165   166    -0.83362651
  165   175     1.12609416
  165   265     0.88211331
  166    66    -0.98627128
  166   156    -0.07588492
  166   165    -0.83362651
  166   167    -1.37147799
  166   176     0.95174432
  166   266     0.96750310
  167    67     0.76230699
  167   157     1.04814100
  167   166    -1.37147799
  167   168     2.85305714
  167   177     0.30177102
  167   267    -1.01417020
  168    68     0.87495707
  168   158    -1.13194286
  168   167     2.85305714
  168   169     0.51999500
  168   178    -2.57147847
  168   268    -0.31753471
  169    69    -2.27918622
  169   159    -0.23977297
  169   160    -0.23396062
  169   168     0.51999500
  169   179     0.46377909
  169   269    -0.32315880
  170    70    -1.28549299
  170   160    -0.42972229
  170   171     0.07386808
  170   179     0.19707357
  170   180     0.67869223
  170   270    -0.69134328
  171    71    -1.81186442
  171   161     0.41785906
  171   170     0.07386808
  171   172    -0.16235572
  171   181    -0.31543716
  171   271     2.18141740
  172    72    -1.51772727
  172   162    -0.74500767
  172   171    -0.16235572
  172   173     0.87798834
  172   182     0.12705378
  172   272     0.42298165
  173    73    -1.00622147
  173   163    -0.27747141
  173   172     0.87798834
  173   174    -0.30636270
  173   183     1.04489933
  173   273    -1.06076818
  174    74     0.47153090
  174   164    -1.32749904
  174   173    -0.30636270
  174   175    -1.71088537
  174   184     0.10795465
  174   274     0.57595685
  175    75    -1.78249357
  175   165     1.12609416
  175   174    -1.71088537
  175   176    -0.48024423
  175   185     1.01413448
  175   275    -2.15142186
  176    76    -1.12832644
  176   166     0.95174432
  176   175    -0.48024423
  176   177    -0.93137204
  176   186    -1.14433330
  176   276    -0.64278566
  177    77     0.37711784
  177   167     0.30177102
  177   176    -0.93137204
  177   178     1.16274453
  177   187    -0.76063516
  177   277    -0.13160027
  178    78     2.08370694
  178   168    -2.57147847
  178   177     1.16274453
  178   179    -0.31615233
  178   188     1.13286956
  178   278     1.58141470
  179    79    -1.09524057
  179   169     0.46377909
  179   170     0.19707357
  179   178    -0.31615233
  179   189     0.65253224
  179   279    -0.21094821
  180    80    -1.05241368
  180   170     0.67869223
  180   181    -0.30629735
  180   189     0.85221237
  180   190    -1.75575089
  180   280     0.50781197
  181    81    -0.36499877
  181   171    -0.31543716
  181   180    -0.30629735
  181   182    -0.03125393
  181   191    -0.15443380
  181   281     0.27248324
  182    82     0.62600469
  182   172     0.12705378
  182   181    -0.03125393
  182   183     1.16820115
  182   192     2.25023757
  182   282     1.42823607
  183    83    -0.93539366
  183   173     1.04489933
  183   182     1.16820115
  183   184    -0.25004737
  183   193    -0.56524409
  183   283     0.37100470
  184    84     1.17769846
  184   174     0.10795465
  184   183    -0.25004737
  184   185     0.32807965
  184   194     0.63788539
  184   284     0.53110219
  185    85    -1.23117379
  185   175     1.01413448
  185   184     0.32807965
  185   186     0.50056294
  185   195     1.44071573
  185   285    -0.57777421
  186    86    -0.10874018
  186   176    -1.14433330
  186   185     0.50056294
  186   187    -0.35922093
  186   196     0.70016613
  186   286    -0.61174056
  187    87    -1.61832890
  187   177    -0.76063516
  187   186    -0.35922093
  187   188    -1.18880455
  187   197     0.26308829
  187   287    -0.09393776
  188    88    -0.27578538
  188   178     1.13286956
  188   187    -1.18880455
  188   189    -1.16949806
  188   198    -0.58704827
  188   288     1.19445597
  189    89    -0.18227542
  189   179     0.65253224
  189   180     0.85221237
  189   188    -1.16949806
  189   199     1.61841107
  189   289     1.41018442
  190    90     0.49313209
  190   100    -2.33090946
  190   180    -1.75575089
  190   191     0.22779228
  190   199     0.79739882
  190   290    -1.13286426
  191    91     0.34801405
  191   101     0.05903370
  191   181    -0.15443380
  191   190     0.22779228
  191   192     1.54537941
  191   291     0.65594809
  192    92    -1.35569272
  192   102     0.95928281
  192   182     2.25023757
  192   191     1.54537941
  192   193    -0.44329683
  192   292     0.90620119
  193    93     2.69620949
  193   103     1.06533191
  193   183    -0.56524409
  193   192    -0.44329683
  193   194    -0.31290513
  193   293    -1.35556442
  194    94    -2.15561759
  194   104    -1.70680021
  194   184     0.63788539
  194   193    -0.31290513
  194   195    -0.20413982
  194   294    -1.12100756
  195    95     2.44217478
  195   105    -0.72423728
  195   185     1.44071573
  195   194    -0.20413982
  195   196     0.57909717
  195   295     0.80416752
  196    96     1.16739009
  196   106    -1.90170270
  196   186     0.70016613
  196   195     0.57909717
  196   197    -1.83563607
  196   296     0.83795299
  197    97    -0.96334014
  197   107     1.11931050
  197   187     0.26308829
  197   196    -1.83563607
  197   198    -0.13005811
  197   297     0.62613523
  198    98     0.16753845
  198   108     0.11638309
  198   188    -0.58704827
  198   197    -0.13005811
  198   199    -0.99269326
  198   298    -1.20669679
  199    99     2.03363296
  199   109     1.52664907
  199   189     1.61841107
  199   190     0.79739882
  199   198    -0.99269326
  199   299    -1.74143637
  200   100     0.21708627
  200   201     1.31407053
  200   209     0.17438344
  200   210     0.95599454
  200   290     0.42924084
  200   300    -0.53519161
  201   101     1.53247758
  201   200     1.31407053
  201   202    -0.30522135
  201   211     0.52261331
  201   291     0.98234925
  201   301    -0.33800523
  202   102     0.62071614
  202   201    -0.30522135
  202   203     0.94303727
  202   212     0.12373832
  202   292    -0.67816485
  202   302    -1.19526744
  203   103    -0.44792279
  203   202     0.94303727
  203   204    -0.12609938
  203   213    -0.16350137
  203   293    -1.15638445
  203   303     0.87056035
  204   104     0.05640966
  204   203    -0.12609938
  204   205     0.59799311
  204   214    -0.03857745
  204   294     0.76108153
  204   304    -1.67967245
  205   105     0.75957767
  205   204     0.59799311
  205   206    -0.75680831
  205   215    -0.67751740
  205   295    -0.84983386
  205   305     0.64572073
  206   106    -0.00827535
  206   205    -0.75680831
  206   207     0.31406567
  206   216    -0.30472376
  206   296     2.24829047
  206   306    -0.07497912
  207   107    -0.31647313
  207   206     0.31406567
  207   208    -1.08088274
  207   217    -1.08547625
  207   297    -0.17532826
  207   307    -1.21439417
  208   108     1.26219224
  208   207    -1.08088274
  208   209    -1.48857558
  208   218    -0.57963920
  208   298     0.05137653
  208   308     0.69066517
  209   109    -0.73515249
  209   200     0.17438344
  209   208    -1.48857558
  209   219    -0.83309063
  209   299     0.25782778
  209   309    -0.02562028
  210   110     1.01081617
  210   200     0.95599454
  210   211    -0.90842977
  210   219     0.35972653
  210   220     0.50007532
  210   310     0.67014777
  211   111    -0.84778616
  211   201     0.52261331
  211   210    -0.90842977
  211   212     0.83972885
  211   221     0.58661620
  211   311    -1.34818733
  212   112     0.04928951
  212   202     0.12373832
  212   211     0.83972885
  212   213    -1.12002418
  212   222     0.42032726
  212   312     0.82482214
  213   113    -1.00103613
  213   203    -0.16350137
  213   212    -1.12002418
  213   214    -0.24284365
  213   223     0.73376685
  213   313     0.18183989
  214   114    -2.72027543
  214   204    -0.03857745
  214   213    -0.24284365
  214   215     0.14974624
  214   224     0.88032657
  214   314    -0.69709031
  215   115    -0.09481023
  215   205    -0.67751740
  215   214     0.14974624
  215   216    -0.70775510
  215   225    -1.41832034
  215   315    -1.06140352
  216   116     1.59093474
  216   206    -0.30472376
  216   215    -0.70775510
  216   217     0.24743598
  216   226    -1.55192863
  216   316    -0.67241128
  217   117     0.66081191
  217   207    -1.08547625
  217   216     0.24743598
  217   218     1.68923447
  217   227     0.18204051
  217   317     2.13778092
  218   118     1.20147449
  218   208    -0.57963920
  218   217     1.68923447
  218   219    -1.00706344
  218   228     1.22740451
  218   318    -0.24908508
  219   119    -0.93543174
  219   209    -0.83309063
  219   210     0.35972653
  219   218    -1.00706344
  219   229    -0.44636309
  219   319    -0.54709904
  220   120     1.96259136
  220   210     0.50007532
  220   221    -0.56215301
  220   229    -0.88168771
  220   230    -0.14393541
  220   320     1.07365208
  221   121     0.40089584
  221   211     0.58661620
  221   220    -0.56215301
  221   222     0.09548208
  221   231    -0.06962091
  221   321     1.34252477
  222   122     1.37209090
  222   212     0.42032726
  222   221     0.09548208
  222   223    -0.27236233
  222   232    -0.62784953
  222   322     0.54889295
  223   123    -1.53124718
  223   213     0.73376685
  223   222    -0.27236233
  223   224    -2.81130860
  223   233     2.09958282
  223   323     0.04356026
  224   124    -0.01417128
  224   214     0.88032657
  224   223    -2.81130860
  224   225    -0.81498510
  224   234     1.22555472
  224   324    -0.04456835
  225   125     0.68508485
  225   215    -1.41832034
  225   224    -0.81498510
  225   226     0.06501001
  225   235    -0.64416467
  225   325    -0.18452069
  226   126    -0.25046498
  226   216    -1.55192863
  226   225     0.06501001
  226   227     1.31159462
  226   236     0.01817827
  226   326    -0.19926653
  227   127    -1.08344511
  227   217     0.18204051
  227   226     1.31159462
  227   228     3.06734749
  227   237     1.71309852
  227   327     0.35995359
  228   128    -1.06995772
  228   218     1.22740451
  228   227     3.06734749
  228   229     0.50016707
  228   238    -1.70052347
  228   328    -0.58297788
  229   129     2.03136443
  229   219    -0.44636309
  229   220    -0.88168771
  229   228     0.50016707
  229   239     0.58467039
  229   329     0.21027116
  230   130    -0.61044105
  230   220    -0.14393541
  230   231     1.84253896
  230   239    -1.28886612
  230   240    -0.11907466
  230   330    -0.73185441
  231   131     0.08043218
  231   221    -0.06962091
  231   230     1.84253896
  231   232    -1.24630103
  231   241     0.30605700
  231   331    -1.22833759
  232   132    -0.78974344
  232   222    -0.62784953
  232   231    -1.24630103
  232   233    -0.54856239
  232   242     0.74764424
  232   332     1.06259479
  233   133    -0.71765321
  233   223     2.09958282
  233   232    -0.54856239
  233   234    -2.62276980
  233   243    -0.93998710
  233   333    -1.45999610
  234   134    -0.69247141
  234   224     1.22555472
  234   233    -2.62276980
  234   235     1.61845711
  234   244     0.21789876
  234   334    -1.00060720
  235   135    -0.49928232
  235   225    -0.64416467
  235   234     1.61845711
  235   236    -0.09215033
  235   245     0.51297321
  235   335     1.88430050
  236   136     1.85190356
  236   226     0.01817827
  236   235    -0.09215033
  236   237    -1.63680750
  236   246     0.64523880
  236   336    -0.79834380
  237   137     1.47548017
  237   227     1.71309852
  237   236    -1.63680750
  237   238    -1.66421888
  237   247    -0.89638442
  237   337     0.59756498
  238   138    -0.44911379
  238   228    -1.70052347
  238   237    -1.66421888
  238   239     0.98159819
  238   248    -1.01555065
  238   338     0.26018099
  239   139     0.99204039
  239   229     0.58467039
  239   230    -1.28886612
  239   238     0.98159819
  239   249    -0.47561251
  239   339     0.00382787
  240   140     0.25894899
  240   230    -0.11907466
  240   241    -0.03478237
  240   249    -0.85639490
  240   250    -0.62892534
  240   340    -0.96666860
  241   141    -0.49409269
  241   231     0.30605700
  241   240    -0.03478237
  241   242     1.36806423
  241   251    -0.71391380
  241   341     1.19386352
  242   142     1.02472337
  242   232     0.74764424
  242   241     1.36806423
  242   243     0.26551114
  242   252     0.97633182
  242   342    -0.14150493
  243   143     0.10771268
  243   233    -0.93998710
  243   242     0.26551114
  243   244     1.17734358
  243   253    -0.80147656
  243   343     0.76684074
  244   144    -0.70605729
  244   234     0.21789876
  244   243     1.17734358
  244   245    -2.63369271
  244   254     0.28961770
  244   344     0.18665526
  245   145     0.40627995
  245   235     0.51297321
  245   244    -2.63369271
  245   246     0.46218325
  245   255     0.07686153
  245   345    -0.75634319
  246   146    -0.91490223
  246   236     0.64523880
