#Random regular graph with connectivity C = 4
#Vertices:	Bonds:
#	1000		2000
    0   100    -0.25778694
    0   487     1.97168668
    0   520     1.06574921
    0   942     0.27538970
    1   574    -0.23169487
    1   980    -0.65151260
    1   166    -1.83058612
    1   520     0.40360836
    2   442     1.12738628
    2   887     0.60703792
    2   734    -0.21223152
    2   156    -0.36720707
    3   473     0.01129397
    3   333    -0.06759802
    3   237     0.41032278
    3   945    -1.38964151
    4   211     0.04929850
    4   953     0.70305363
    4   169    -1.67155904
    4   972    -0.71236016
    5   663     0.87534321
    5   980    -0.14304680
    5   534    -0.43899620
    5   837     0.78662750
    6   251    -1.32868110
    6   434     0.42300966
    6   510    -0.11590492
    6    84    -0.06759716
    7   161    -0.06101446
    7   647     0.90056957
    7   555    -0.21037884
    7   951     1.11448313
    8   528    -2.02465078
    8   985    -0.24601729
    8    89    -1.77752479
    8   335    -0.42913305
    9   180    -0.85290615
    9   780    -0.22386401
    9   787    -0.04617047
    9   351    -0.92404750
   10   671    -0.43007364
   10   789    -3.11436864
   10   528    -0.82005085
   10   870     1.13836294
   11   270    -1.02054458
   11    14    -1.39525550
   11   948     1.05282507
   11   809    -0.11133452
   12   505    -0.52257390
   12   188     0.71176529
   12   946    -1.49050486
   12   849     2.19093987
   13   928    -0.08422152
   13   829     0.48228487
   13   825     0.68298493
   13   994     0.00779569
   14   767     0.11850220
   14   175     0.73353256
   14    11    -1.39525550
   14   827    -1.31457108
   15   886    -0.60756316
   15   461    -1.82097832
   15   914    -1.05734212
   15   754    -1.15321009
   16   568    -0.27672013
   16   684     0.17388474
   16   113     0.13207836
   16   792    -0.88400442
   17   210    -1.00011427
   17   519     0.88992285
   17   545    -0.64992671
   17   616    -0.05518012
   18   213    -0.95862569
   18   660    -0.94090522
   18   492    -0.23630697
   18   147     1.32305933
   19   497    -0.21621971
   19   720    -1.49901220
   19   955    -1.42232716
   19   478     0.45682892
   20   392     0.03015468
   20    56     0.89732415
   20   659    -0.19422528
   20   837    -0.21747549
   21   159     1.02826637
   21   297     1.26183941
   21   753     1.36138498
   21   554     0.27200018
   22   602    -1.48059504
   22   820    -1.54491380
   22   453     0.56379573
   22   649    -0.99580857
   23   320    -0.06932315
   23   447    -0.24205147
   23   822     0.79732400
   23   541    -0.83848800
   24   644     2.02655988
   24   813     1.30958622
   24   356    -0.23284221
   24   183    -0.92385403
   25    93    -1.52106478
   25   662     0.99553562
   25   325     2.50956818
   25   233    -0.61806278
   26   898     0.10606898
   26   955     0.90613881
   26   386    -0.68722750
   26   904     2.55870113
   27   185    -0.92960038
   27   444    -0.22602638
   27   208     0.51628102
   27   232    -0.22011886
   28   502     0.57744639
   28   228    -0.89054992
   28   733     1.05376432
   28    89     3.16475947
   29   639     1.08120595
   29   570    -0.31992297
   29   207     0.44967144
   29   439    -1.20857821
   30   507     1.31902205
   30   584    -2.05284773
   30   830     0.13830115
   30   420     0.00086410
   31   771    -0.31873528
   31   104     1.07961252
   31   966    -0.90133675
   31   587    -0.35015428
   32   206    -1.00287128
   32   586     0.47409004
   32   798     0.76481944
   32   949    -0.27717257
   33   163    -0.67758121
   33    89     0.56548353
   33   427     0.63778947
   33   603    -0.12899418
   34   268    -0.91501657
   34   596    -1.64804252
   34   766    -0.88672415
   34   305     0.43974710
   35   719    -0.92826240
   35   756     0.04658504
   35    67    -0.80970843
   35   467     0.49348999
   36   248     1.05392463
   36   243    -0.31827927
   36   220    -0.16598211
   36   247    -0.39561341
   37   529     0.37442353
   37   408    -1.69991233
   37   264     0.78420387
   37   423    -0.58629937
   38   777     0.74663190
   38   152     0.94400678
   38    78     0.24393784
   38   619    -2.88575956
   39   239     0.05979513
   39   784     1.17726701
   39   206     1.74853001
   39    95    -0.69789492
   40   142    -1.25879055
   40   628    -0.94842571
   40   203     1.13179289
   40   289    -1.32966815
   41   404     1.84341926
   41   342    -3.04370026
   41   878     0.89033487
   41   202    -0.90662518
   42   858    -0.38891670
   42   329     1.52759641
   42   465     1.27896220
   42   962     0.91744002
   43   117    -0.81933712
   43    59     0.17693280
   43   327     1.86896258
   43   967     1.25886145
   44   685    -0.09709235
   44   542     0.77879920
   44   589     0.68491955
   44   889     0.06569565
   45   566     0.42646822
   45   937    -1.25721448
   45   602     0.15161031
   45   419     0.41105752
   46   220     0.01504498
   46   925     0.28471756
   46   687     0.50025634
   46   357     0.39632297
   47   290     0.67108958
   47   258     0.32662608
   47    97     0.46325641
   47   760    -0.06532548
   48   399     0.42258075
   48   872    -0.59475962
   48   192    -0.68528333
   48   179     3.60027768
   49   170    -0.79993670
   49   299     0.59654958
   49   705    -0.52031286
   49   846     0.84191027
   50   697    -0.14121737
   50   272    -0.38240189
   50   364    -0.98560472
   50    76     0.98106994
   51   999    -0.76646667
   51   368    -1.10406467
   51   398     2.66218278
   51   385     0.56075204
   52   145    -0.75456580
   52   986    -0.25871554
   52   537    -2.05075832
   52   380    -2.05015225
   53   843     0.34199550
   53   189     0.71718801
   53   624     0.64266219
   53   633    -1.88585503
   54   812     0.32554312
   54   876     0.46130023
   54   699    -0.78393035
   54   459    -1.09830282
   55   682    -0.59665031
   55   102     0.47793422
   55   829    -1.23505965
   55   390    -2.35301530
   56   461     2.11002468
   56    20     0.89732415
   56   315     1.22898661
   56   454     1.86779328
   57   121    -0.46406943
   57   610     0.49766275
   57   132     1.26715283
   57   524    -0.57139151
   58   584    -1.35535290
   58   419    -0.02416334
   58   599    -2.50412142
   58   844     1.84316837
   59    43     0.17693280
   59    94     0.71062949
   59   974    -0.17782997
   59   877    -0.00504882
   60   714     1.60505295
   60   462     0.32130138
   60   936    -0.87003734
   60   963     0.06186941
   61   493     2.02091810
   61   739    -2.39628664
   61   504    -0.27806199
   61   936     0.04258652
   62   145     0.72809704
   62   879    -0.82074977
   62   675    -0.79332230
   62   303    -0.82340021
   63   180    -1.77221167
   63   389     0.14290893
   63   249    -0.23073789
   63   999    -0.63425427
   64   206     1.00283673
   64   607    -0.49006908
   64   628     0.47390287
   64   819     1.60134764
   65   330    -0.96120375
   65   556     0.69892556
   65   594    -0.40671371
   65   944     0.22400391
   66   304    -1.02304979
   66   696    -0.50676002
   66   588    -0.67065930
   66   674    -0.92955223
   67    35    -0.80970843
   67   715     0.15952931
   67   671     0.41513267
   67   690     1.08004958
   68    92     0.06103450
   68   187     1.68887609
   68   881     2.10076661
   68   280     0.08754225
   69   553    -0.16613315
   69   972     0.34533925
   69   661    -1.06840171
   69   826     0.43065204
   70   105     0.87133842
   70   455    -0.30311731
   70   895     0.98268391
   70   996    -0.04381064
   71   461    -1.24314741
   71   126     1.28447223
   71   271     0.01549686
   71   670    -0.38821760
   72   501     0.43653416
   72    73    -0.20777261
   72   730     0.39850044
   72   667    -0.18278228
   73   345     1.14789304
   73    72    -0.20777261
   73   532    -0.97353360
   73   204     0.04306299
   74   573     0.25498108
   74   736    -0.51589900
   74   419    -1.15152555
   74   990    -1.09485222
   75   397     1.20672311
   75   975    -0.78936167
   75   230     0.02318259
   75   898     1.03755870
   76   148    -3.58118961
   76    50     0.98106994
   76   847     1.92661182
   76   996    -1.54983959
   77   429    -0.60511139
   77   475    -2.07783561
   77   657     1.43997581
   77   296    -0.82185125
   78   690    -1.56485890
   78   615     0.07602563
   78    38     0.24393784
   78   704     1.89456135
   79   982     1.06183679
   79   456     0.73670100
   79   494     1.10752879
   79   339    -0.34107190
   80   971     0.39223163
   80   505    -1.10434809
   80   551     0.04168328
   80   168    -0.26971516
   81   458    -0.51433000
   81   766    -0.31624254
   81   449     0.37426358
   81   120    -1.45515741
   82   751    -1.01072170
   82   502    -0.86208977
   82   626     0.05068869
   82   698    -1.11068366
   83   392    -0.60275283
   83   424     0.20022050
   83   643     1.06846121
   83   619     2.33223816
   84   764     1.33896099
   84     6    -0.06759716
   84   707    -1.96632487
   84   151    -0.33686582
   85   140     0.40319703
   85   686    -0.13783113
   85   470     0.51963996
   85   782     1.00974411
   86   510    -0.39585431
   86   668    -1.06359252
   86   221    -0.96108358
   86   654    -0.49689616
   87   606     0.12619819
   87   722     1.57460680
   87   135     0.04762728
   87   359    -0.36389733
   88   175    -1.84709811
   88   473     0.07355518
   88   703    -0.33694379
   88   969     0.33930838
   89   200    -0.15681240
   89    33     0.56548353
   89     8    -1.77752479
   89    28     3.16475947
   90   697     0.56404554
   90   931     0.75217408
   90   927    -0.88180239
   90   404    -0.85953162
   91   688     0.76934397
   91   253    -1.78625623
   91   162    -1.58677537
   91   286    -0.70659824
   92    68     0.06103450
   92   291     0.18218668
   92   479     1.17057904
   92   827     1.61510156
   93    25    -1.52106478
   93   818     0.56220719
   93   791     0.97656291
   93   897     0.51745874
   94   539    -1.95365407
   94    59     0.71062949
   94   560     0.11941600
   94   829     0.32938885
   95   618    -0.75274517
   95   224     0.46837231
   95   155    -1.10904169
   95    39    -0.69789492
   96   269     0.69100942
   96   537     0.51647185
   96   131     0.43079003
   96   706    -0.77831847
   97   571     1.03587389
   97   235    -0.28954014
   97    47     0.46325641
   97   449     0.43763637
   98   247    -0.16482458
   98   836     0.19480336
   98   178    -0.94888602
   98   901    -0.70781251
   99   252     0.38519812
   99   445    -0.00312345
   99   336     1.21843703
   99   247    -0.77538478
  100     0    -0.25778694
  100   759    -1.11820737
  100   885    -0.27298197
  100   612     0.92277413
  101   905    -1.60919611
  101   253     0.29470219
  101   218     0.28820550
  101   779    -0.26030689
  102   748     0.34314647
  102   211     0.48193728
  102   973     0.27016823
  102    55     0.47793422
  103   657    -1.65411931
  103   319     0.60266942
  103   818     1.12973773
  103   154     0.38592435
  104   168    -0.37659173
  104    31     1.07961252
  104   746     1.26114518
  104   400    -1.94996823
  105    70     0.87133842
  105   854    -0.01234633
  105   184    -0.64462112
  105   928     1.28614048
  106   821     0.86496221
  106   893     0.92213309
  106   580    -0.68624165
  106   529    -0.02118521
  107   528     0.73496244
  107   853    -0.92054962
  107   565     1.04660059
  107   724     1.02876684
  108   930     1.04834449
  108   923    -2.25847812
  108   869     0.51002862
  108   366    -1.65701187
  109   642     1.99210277
  109   488    -0.64034095
  109   390     1.47260006
  109   439    -0.06440592
  110   297    -0.20715057
  110   356    -1.73774725
  110   629     0.09725603
  110   869    -0.79103514
  111   683    -0.03398955
  111   406     1.49238605
  111   383     1.05272077
  111   181    -0.06599864
  112   175     1.82142665
  112   486     0.42475397
  112   932     0.96215918
  112   619     1.67032213
  113   716    -0.04961581
  113    16     0.13207836
  113   423     0.15442985
  113   353     0.66900170
  114   319    -0.25920950
  114   732     1.05466882
  114   646     1.04738541
  114   458     0.07850716
  115   656     1.55626995
  115   243    -1.10109689
  115   611    -0.24330051
  115   224    -0.67152563
  116   363    -0.29967108
  116   410    -0.80506741
  116   418     1.07109003
  116   432    -0.35652481
  117    43    -0.81933712
  117   457     0.27783718
  117   346    -0.27388831
  117   803    -0.77013792
  118   881     0.71072865
  118   618     0.54372209
  118   554    -0.48717021
  118   752     1.58896083
  119   563    -0.71478586
  119   931     0.42806595
  119   564     1.29430620
  119   753    -0.25131931
  120   421     0.21420063
  120   496    -0.96957215
  120    81    -1.45515741
  120   510     0.93888764
  121    57    -0.46406943
  121   277     0.06191439
  121   997     0.57147437
  121   947    -0.54321947
  122   152     1.38130327
  122   206     1.16209293
  122   209    -1.63338888
  122   898    -0.43582855
  123   874     0.11133697
  123   941     1.70362169
  123   517    -1.88098221
  123   579    -1.11618070
  124   167     0.16414113
  124   670     1.94910946
  124   703    -1.24961671
  124   816    -0.49088103
  125   947    -1.06579903
  125   680     0.67585435
  125   884    -0.99886885
  125   669    -1.22418993
  126   637     0.20425710
  126   935    -0.40547184
  126    71     1.28447223
  126   360    -0.76931483
  127   138     0.92908173
  127   292     2.42477974
  127   719     0.96185935
  127   371     0.03982945
  128   411     0.55028002
  128   355    -0.48629328
  128   678     0.80704493
  128   183     2.79587892
  129   349    -1.02023410
  129   515     2.67233000
  129   739    -0.37291291
  129   280     0.34572142
  130   295    -0.22133655
  130   812     2.23399445
  130   204    -0.45442913
  130   607    -0.50045027
  131    96     0.43079003
  131   320    -0.71469039
  131   787    -0.47284589
  131   495     0.34389210
  132    57     1.26715283
  132   811    -0.42941426
  132   662     0.62732945
  132   884    -0.00043156
  133   605     0.27262920
  133   221    -0.11465792
  133   721     1.23157555
  133   370    -0.12172188
  134   476    -1.04212037
  134   940     1.49562485
  134   795    -0.90409038
  134   488     0.51126743
  135   318     0.01592009
  135   840     0.51311257
  135    87     0.04762728
  135   172    -1.24342492
  136   708     0.80432575
  136   227     1.31896403
  136   204    -0.10150006
  136   317    -2.36161159
  137   388     0.52936626
  137   509    -0.42916270
  137   308     0.21325285
  137   680    -1.03428423
  138   245    -0.17509675
  138   127     0.92908173
  138   543     0.78784282
  138   298     0.47636571
  139   485    -0.06555836
  139   765    -0.82263870
  139   340     0.98515847
  139   513    -0.25350829
  140   394    -0.39948461
  140    85     0.40319703
  140   921     0.99197740
  140   666    -0.49357085
  141   824    -0.61550522
  141   723    -0.86129936
  141   803    -0.22473071
  141   232     0.95434611
  142    40    -1.25879055
  142   236    -0.48996876
  142   761    -1.07202013
  142   676     0.07586281
  143   654    -1.36268869
  143   688    -0.85310124
  143   722     0.62004133
  143   925     0.83694161
  144   168     0.26819458
  144   501     0.24092191
  144   550     0.41282388
  144   979    -1.19930393
  145    62     0.72809704
  145    52    -0.75456580
  145   689    -0.31329341
  145   681    -0.33108016
  146   493     0.68842919
  146   529    -1.11631500
  146   607     0.04353185
  146   593    -0.62992394
  147   910    -1.00793105
  147   192     1.07224672
  147   245     1.56523204
  147    18     1.32305933
  148    76    -3.58118961
  148   934     0.32156058
  148   704     0.38948762
  148   274     1.20637700
  149   294     0.57474935
  149   475    -0.32199928
  149   175     0.41952896
  149   855    -0.62631595
  150   416    -1.97605758
  150   966     0.45586933
  150   176    -0.05237559
  150   656    -0.40263162
  151   896     2.10213197
  151   841     2.53731737
  151   423    -1.21299024
  151    84    -0.33686582
  152   122     1.38130327
  152   678     1.18210200
  152    38     0.94400678
  152   497    -0.92003730
  153   988    -0.32389421
  153   731     1.25963667
  153   859    -1.94255994
  153   886     1.36028699
  154   442    -0.95610036
  154   576    -1.43401068
  154   838    -0.58704619
  154   103     0.38592435
  155   265     1.12102441
  155   372     1.70733004
  155    95    -1.10904169
  155   431     0.54830305
  156   597    -1.62305770
  156   872    -0.97993157
  156   880     2.37735671
  156     2    -0.36720707
  157   513    -0.63463576
  157   819     1.35525716
  157   408     0.28872058
  157   349    -1.92647319
  158   863     1.95982472
  158   640    -1.22070067
  158   429     1.48009824
  158   477    -0.84889970
  159    21     1.02826637
  159   982     1.33633520
  159   578    -0.48410821
  159   632    -1.98883548
  160   569    -1.56795694
  160   248    -0.52692305
  160   319    -0.06562783
  160   748    -0.99365960
  161     7    -0.06101446
  161   926     0.51365109
  161   951    -0.44637248
  161   640     0.63976715
  162   880    -0.60593041
  162   778     0.60039936
  162   194     0.82012510
  162    91    -1.58677537
  163    33    -0.67758121
  163   315    -0.02343324
  163   476     0.18474533
  163   929     0.50203726
  164   532    -0.32181053
  164   234    -1.12313846
  164   260    -0.41733216
  164   787    -1.29143203
  165   288     1.27790512
  165   422     1.22196950
  165   349     0.56724888
  165   526     0.99037810
  166   520     0.02207091
  166   682    -0.38709521
  166     1    -1.83058612
  166   240     0.21344679
  167   547    -0.00475896
  167   124     0.16414113
  167   989    -0.36534940
  167   463    -0.81710300
  168   144     0.26819458
  168   104    -0.37659173
  168   214    -0.27273399
  168    80    -0.26971516
  169   345     1.42402267
  169     4    -1.67155904
  169   778    -0.35954272
  169   255     0.15099445
  170    49    -0.79993670
  170   330    -0.02899227
  170   782    -0.11848045
  170   793     1.25955097
  171   286    -1.07785138
  171   343    -0.53917227
  171   546    -0.33241615
  171   342    -0.23314802
  172   222     1.09433997
  172   867     0.37797767
  172   462     1.20745510
  172   135    -1.24342492
  173   809    -0.26626735
  173   598     0.34170065
  173   820     0.07397855
  173   183    -0.24755466
  174   393     0.91828252
  174   874     1.80321978
  174   591     1.48056005
  174   359    -1.38399243
  175    88    -1.84709811
  175   112     1.82142665
  175    14     0.73353256
  175   149     0.41952896
  176   296    -0.84635688
  176   295     1.12462913
  176   150    -0.05237559
  176   582     0.37992741
  177   395     0.39429057
  177   599     0.72603068
  177   713    -2.82216413
  177   595     0.70806942
  178   241    -1.08695937
  178   323     0.72990942
  178   757     1.00594012
  178    98    -0.94888602
  179   595     0.15270573
  179   535    -0.69822878
  179   971     0.59676607
  179    48     3.60027768
  180    63    -1.77221167
  180   474     0.22675813
  180     9    -0.85290615
  180   594     0.78604505
  181   808     0.59134724
  181   396    -1.42291106
  181   111    -0.06599864
  181   670    -0.47448979
  182   993     0.73369058
  182   975     0.09076306
  182   987    -0.63763371
  182   284     0.50161795
  183    24    -0.92385403
  183   173    -0.24755466
  183   820     0.79274280
  183   128     2.79587892
  184   700     1.16194592
  184   992     1.11884189
  184   105    -0.64462112
  184   696    -0.29934025
  185   652    -1.07786266
  185   397     0.97178787
  185    27    -0.92960038
  185   546    -0.19612362
  186   671    -0.27355469
  186   494    -0.01054687
  186   483    -1.05905086
  186   311     0.00122357
  187    68     1.68887609
  187   679     0.54453838
  187   627    -0.31509534
  187   405     1.65887549
  188   514    -0.62014065
  188    12     0.71176529
  188   882     0.51472362
  188   583     0.17096705
  189   705     0.88599098
  189    53     0.71718801
  189   304     0.82612705
  189   813    -0.36344498
  190   608     1.71894523
  190   475    -0.49839201
  190   491    -0.94027700
  190   531    -0.46937354
  191   422     0.09539169
  191   840    -1.23834578
  191   592    -1.36701967
  191   978     0.62409545
  192   147     1.07224672
  192   970    -0.41184635
  192   337     0.16315619
  192    48    -0.68528333
  193   489    -0.26203608
  193   939    -0.23610798
  193   442    -0.39235992
  193   441     0.09058289
  194   676    -0.84928810
  194   655     0.13923498
  194   162     0.82012510
  194   203     0.71956615
  195   208     1.34806836
  195   937    -0.45505125
  195   324    -1.50611293
  195   371     0.79933973
  196   538    -1.08821274
  196   747     1.26916572
  196   857    -0.12233769
  196   312     0.56066810
  197   362     0.22869697
  197   496    -0.91187228
  197   968     1.23096255
  197   913     0.48881270
  198   260    -0.06641449
  198   844    -0.53028490
  198   613    -0.30074740
  198   842    -1.63401617
  199   888    -0.55464618
  199   348    -0.51016283
  199   367     0.63968785
  199   454    -0.56903922
  200   845    -1.04763348
  200    89    -0.15681240
  200   345     1.67548514
  200   437    -1.11557138
  201   227     0.28421076
  201   914    -0.21275755
  201   463    -1.35889288
  201   454     2.15339488
  202   644    -0.20090662
  202   294     0.22393820
  202    41    -0.90662518
  202   289     0.40520331
  203   948     0.48697358
  203   800     0.41836253
  203    40     1.13179289
  203   194     0.71956615
  204   130    -0.45442913
  204   407    -1.07423732
  204   136    -0.10150006
  204    73     0.04306299
  205   623     0.44936572
  205   513    -0.50191481
  205   884    -0.79720445
  205   542    -0.58251706
  206   122     1.16209293
  206    32    -1.00287128
  206    64     1.00283673
  206    39     1.74853001
  207   763    -0.17806321
  207   246     0.23673694
  207   276     0.05511220
  207    29     0.44967144
  208   909    -0.87169526
  208   195     1.34806836
  208    27     0.51628102
  208   598     1.38810496
  209   256     0.14117292
  209   462     0.63012881
  209   385    -0.67031570
  209   122    -1.63338888
  210    17    -1.00011427
  210   391    -1.00542612
  210   818    -0.09245235
  210   990     0.15736155
  211   230     0.03929499
  211     4     0.04929850
  211   102     0.48193728
  211   217    -1.77535839
  212   469     0.11300878
  212   983     0.75022627
  212   900     0.03681660
  212   455    -0.29653034
  213    18    -0.95862569
  213   977    -1.26349216
  213   989     1.32430332
  213   785     1.60838781
  214   233     1.05058632
  214   281     0.68866869
  214   168    -0.27273399
  214   432     0.90244783
  215   549     0.47373743
  215   730    -0.70897636
  215   324    -0.14493159
  215   713     0.35150834
  216   900     1.23015273
  216   935    -0.33445471
  216   842    -1.87899712
  216   577     1.15281686
  217   598    -0.48991195
  217   211    -1.77535839
  217   256     0.65961180
  217   883    -2.53177894
  218   342    -0.32080991
  218   413    -1.61967759
  218   101     0.28820550
  218   977    -1.37082344
  219   386     1.40616395
  219   599    -1.76997023
  219   239     1.71882017
  219   722     0.29257533
  220    46     0.01504498
  220   530    -2.43177045
  220    36    -0.16598211
  220   261     0.89780594
  221   271     0.88558140
  221   133    -0.11465792
  221    86    -0.96108358
  221   940    -1.36372626
  222   727    -0.66000444
  222   712     1.94118744
  222   172     1.09433997
  222   983    -0.51379939
  223   275     1.06437802
  223   921     0.48141785
  223   792     0.07143608
  223   290    -1.26504758
  224    95     0.46837231
  224   115    -0.67152563
  224   346     1.17587027
  224   333    -0.58294600
  225   643     0.50890650
  225   397    -0.62503338
  225   672    -0.86796851
  225   615    -1.34043073
  226   870     0.55173845
  226   836    -1.21193375
  226   821     0.07298463
  226   971    -1.03530175
  227   201     0.28421076
  227   352    -0.68239848
  227   136     1.31896403
  227   268     0.08353869
  228    28    -0.89054992
  228   891     1.09172054
  228   805     1.04771789
  228   371    -0.34006784
  229   864    -0.54508517
  229   277     0.20855765
  229   267    -0.45815323
  229   893     0.31683123
  230   211     0.03929499
  230   373    -1.31426702
  230    75     0.02318259
  230   931    -0.08182518
  231   943     0.43699061
  231   646    -0.31847214
  231   384     1.33984778
  231   686    -0.02668741
  232   279    -0.51023316
  232   943     0.34535253
  232   141     0.95434611
  232    27    -0.22011886
  233   214     1.05058632
  233   806     1.82208792
  233   957    -0.99689295
  233    25    -0.61806278
  234   164    -1.12313846
  234   745     0.11674114
  234   590     0.84032497
  234   850    -0.39264105
  235   262     0.91476075
  235   774     0.82469520
  235    97    -0.28954014
  235   498     1.52070280
  236   142    -0.48996876
  236   885     0.62846193
  236   978    -0.82872019
  236   314     0.66159654
  237   328     2.21197295
  237   631    -0.53146069
  237     3     0.41032278
  237   692     0.16478654
  238   950     1.17677029
  238   445    -0.56334870
  238   817    -1.28813703
  238   244     0.05873542
  239    39     0.05979513
  239   566    -0.85541704
  239   219     1.71882017
  239   855     1.69166445
  240   888    -0.57446163
  240   810    -0.59152890
  240   806     0.36339980
  240   166     0.21344679
  241   178    -1.08695937
  241   412     0.04014351
  241   803    -0.20739450
  241   338    -0.59132385
  242   730     0.46274290
  242   448    -0.81096455
  242   906     0.83629551
  242   586    -1.04683970
  243   115    -1.10109689
  243   399    -1.70030660
  243    36    -0.31827927
  243   759     0.05170475
  244   517     0.15801217
  244   952     0.01181885
  244   830     1.47194484
  244   238     0.05873542
  245   138    -0.17509675
  245   147     1.56523204
  245   747     0.68300900
  245   879    -0.04692191
  246   395     0.42874415
  246   207     0.23673694
  246   378    -0.42200284
  246   717     0.78792763
  247   534    -2.42913315
  247    98    -0.16482458
  247    99    -0.77538478
  247    36    -0.39561341
  248   560    -0.06227896
  248    36     1.05392463
  248   160    -0.52692305
  248   278     0.72900440
  249   408     1.41903095
  249   612     0.26379471
  249    63    -0.23073789
  249   910     0.55220574
  250   684    -1.31033041
  250   304    -0.35121762
  250   549     0.06405971
  250   318     0.08838911
  251     6    -1.32868110
  251   865     1.00532661
  251   641    -0.47369990
  251   361    -2.04995840
  252    99     0.38519812
  252   535     1.22398207
  252   452    -0.11180934
  252   850    -0.10444147
  253    91    -1.78625623
  253   101     0.29470219
  253   653     1.04993882
  253   579    -0.96992426
  254   424    -1.31832737
  254   652     0.51750267
  254   313     0.38420270
  254   392     0.77954195
  255   906    -0.62820392
  255   169     0.15099445
  255   525     0.13980663
  255   952    -0.39943704
  256   209     0.14117292
  256   862     0.39613693
  256   802     1.28655674
  256   217     0.65961180
  257   614     0.27878666
  257   708    -1.63671889
  257   632    -0.69376787
  257   372    -0.85867303
  258   841     0.26782793
  258   562     0.46789842
  258    47     0.32662608
  258   344     0.19537953
  259   772    -0.54549927
  259   569     0.14868704
  259   584    -0.33419241
  259   598     0.33447302
  260   198    -0.06641449
  260   164    -0.41733216
  260   685    -0.95044410
  260   618    -1.39087152
  261   809    -2.34738590
  261   912    -0.14333215
  261   553    -2.25832378
  261   220     0.89780594
  262   822    -0.53866547
  262   235     0.91476075
  262   559    -0.36219430
  262   959     0.67196666
  263   605     0.20671656
  263   698    -0.03103927
  263   932     0.83368226
  263   310    -0.57954387
  264   958     0.85647622
  264   489    -1.45341428
  264   370    -0.46873120
  264    37     0.78420387
  265   155     1.12102441
  265   849     0.84716900
  265   380     0.57982400
  265   665     0.29401227
  266   767     0.14715250
  266   699    -0.17878030
  266   402    -0.02669904
  266   400     0.07857261
  267   435     1.41812506
  267   446     0.61686447
  267   341    -0.17066402
  267   229    -0.45815323
  268    34    -0.91501657
  268   897     1.61653463
  268   677     1.13264396
  268   227     0.08353869
  269    96     0.69100942
  269   830     0.26576651
  269   500     0.22610575
  269   437    -0.87736487
  270    11    -1.02054458
  270   961     0.83075291
  270   635    -0.91393832
  270   355    -0.90499584
  271   221     0.88558140
  271   788     0.95942160
  271   332    -0.20910923
  271    71     0.01549686
  272   364    -0.52899823
  272   911     0.49491271
  272    50    -0.38240189
  272   645    -0.54942679
  273   823     0.02403569
  273   755     0.85828241
  273   737     2.30968419
  273   901     1.88742140
  274   682     1.21997232
  274   968    -0.01417273
  274   839    -0.01608952
  274   148     1.20637700
  275   223     1.06437802
  275   281    -1.09786714
  275   589     1.36578368
  275   407     1.69145062
  276   750     0.44098476
  276   207     0.05511220
  276   824    -0.09960638
  276   302    -2.78829518
  277   229     0.20855765
  277   798     0.25773461
  277   121     0.06191439
  277   605    -0.92261334
  278   859    -0.20425985
  278   903    -0.45336396
  278   248     0.72900440
  278   946    -1.52777377
  279   660    -0.89411506
  279   232    -0.51023316
  279   411     0.94240946
  279   631    -1.06750730
  280   931     0.52600606
  280   129     0.34572142
  280   542    -0.25107610
  280    68     0.08754225
  281   275    -1.09786714
  281   946     0.95055942
  281   214     0.68866869
  281   519     0.09894860
  282   396    -0.52550629
  282   585     1.22955053
  282   736    -0.94886468
  282   932     0.07105332
  283   540     0.70181428
  283   343     0.48005590
  283   486     0.31092807
  283   576    -0.79182898
  284   565    -0.19267013
  284   393     1.49532197
  284   642     2.08039184
  284   182     0.50161795
  285   331    -0.86144356
  285   734     2.00830585
  285   984    -1.11360298
  285   905    -1.07959686
  286   171    -1.07785138
  286   680    -0.12843403
  286   409    -1.18228292
  286    91    -0.70659824
  287   387     0.83843068
  287   311    -0.37394275
  287   555    -0.16415251
  287   930     0.95513267
  288   401    -1.06908035
  288   165     1.27790512
  288   985     0.33594037
  288   395    -0.35421996
  289   800    -0.88508258
  289   539    -0.44569018
  289    40    -1.32966815
  289   202     0.40520331
  290    47     0.67108958
  290   223    -1.26504758
  290   297     1.63147786
  290   890    -0.57186660
  291   548    -0.12053616
  291    92     0.18218668
  291   400     0.63907182
  291   523    -0.51313473
  292   127     2.42477974
  292   844    -0.13710973
  292   341     0.95346508
  292   425    -0.57666126
  293   653    -0.05497766
  293   835     0.43579052
  293   712    -0.87049609
  293   568     1.83858426
  294   711    -0.99110362
  294   149     0.57474935
  294   202     0.22393820
  294   296     0.41323561
  295   130    -0.22133655
  295   484    -1.33142047
  295   176     1.12462913
  295   875    -0.39589367
  296   176    -0.84635688
  296   294     0.41323561
  296   668    -0.04276326
  296    77    -0.82185125
  297   110    -0.20715057
  297   735     1.28896300
  297    21     1.26183941
  297   290     1.63147786
  298   546     0.30351972
  298   613     1.90075068
  298   748     0.71816962
  298   138     0.47636571
  299    49     0.59654958
  299   609    -2.11052269
  299   658     2.05321482
  299   357     0.17472140
  300   355    -0.58785653
  300   789    -0.41671866
  300   460    -0.25689956
  300   728    -1.98609740
  301   896     0.97845059
  301   724     0.48932477
  301   679    -0.23324718
  301   376     0.78386543
  302   434    -0.53962056
  302   536    -1.18827643
  302   976    -0.01366748
  302   276    -2.78829518
  303    62    -0.82340021
  303   606     0.64053513
  303   934     0.14792393
  303   906     0.18599999
  304   250    -0.35121762
  304   837    -0.99721848
  304    66    -1.02304979
  304   189     0.82612705
  305   923     2.09337882
  305   365    -0.39504225
  305   337    -0.43527251
  305    34     0.43974710
  306   351    -1.18738892
  306   640     0.12596292
  306   314     1.10559991
  306   368    -1.17051415
  307   856    -0.21152139
  307   688     1.38931793
  307   518     0.25032601
  307   716     0.26325538
  308   417     0.83265861
  308   776     2.22838178
  308   350     0.22682777
  308   137     0.21325285
  309   843     0.58834427
  309   738     0.09202446
  309   560     1.33827401
  309   593    -1.85614612
  310   543     0.98573093
  310   515    -0.46771967
  310   263    -0.57954387
  310   575     1.95546676
  311   756    -2.85094247
  311   287    -0.37394275
  311   604     0.22724676
  311   186     0.00122357
  312   627     0.21926913
  312   626     0.39711979
  312   196     0.56066810
  312   937    -0.50187310
  313   254     0.38420270
  313   364    -0.13390983
  313   916    -0.74472018
  313   711    -0.05877462
  314   335     0.42948093
  314   782    -1.89767837
  314   306     1.10559991
  314   236     0.66159654
  315   163    -0.02343324
  315   416     0.82388153
  315    56     1.22898661
  315   913     0.85016743
  316   320    -0.85765391
  316   358    -1.21261809
  316   800    -1.04416427
  316   317    -0.32371492
  317   316    -0.32371492
  317   594     0.64628131
  317   136    -2.36161159
  317   699     0.62785475
  318   135     0.01592009
  318   807    -0.90539171
  318   536    -0.86093415
  318   250     0.08838911
  319   114    -0.25920950
  319   689    -0.21738477
  319   160    -0.06562783
  319   103     0.60266942
  320   316    -0.85765391
  320   444     0.23719081
  320    23    -0.06932315
  320   131    -0.71469039
  321   365     0.35081962
  321   614    -0.91057189
  321   624     0.40276312
  321   879    -0.76660176
  322   913    -0.93451774
  322   439     0.05806756
  322   466     2.71244585
  322   704     0.12849542
  323   625     0.97501871
  323   343    -1.25966632
  323   178     0.72990942
  323   702    -0.38310425
  324   215    -0.14493159
  324   846     0.12615371
  324   195    -1.50611293
  324   346     0.81570837
  325    25     2.50956818
  325   793     2.64672205
  325   375    -0.21896991
  325   592     0.12518614
  326   826    -0.27643337
  326   375     1.65145764
  326   410    -0.98809409
  326   606    -0.23870133
  327    43     1.86896258
  327   421     1.00542471
  327   374    -1.44806076
  327   873    -0.59183384
  328   673    -1.39908000
  328   237     2.21197295
  328   468     1.48411644
  328   965     1.81779784
  329   555    -1.14160703
  329    42     1.52759641
  329   997     0.57865175
  329   989    -1.50921374
  330    65    -0.96120375
  330   942    -1.50126025
  330   170    -0.02899227
  330   747    -1.50718571
  331   285    -0.86144356
  331   491    -1.24982965
  331   965     0.54370124
  331   902     1.79841618
  332   271    -0.20910923
  332   743    -0.90922001
  332   873    -0.87962616
  332   798     0.18841457
  333     3    -0.06759802
  333   733     1.13968449
  333   518    -0.75233742
  333   224    -0.58294600
  334   739     1.03313546
  334   601    -0.37636953
  334   403    -0.13351204
  334   866    -2.01142902
  335   359     1.39790733
  335   314     0.42948093
  335   887    -0.11924931
  335     8    -0.42913305
  336   437    -0.18979749
  336   823    -0.04698358
  336   900     0.54367361
  336    99     1.21843703
  337   740     1.36169136
  337   192     0.16315619
  337   305    -0.43527251
  337   873     0.29441630
  338   757    -0.37695860
  338   978    -0.94531475
  338   241    -0.59132385
  338   972     2.94708865
  339   999    -1.36340382
  339   455     0.79635738
  339    79    -0.34107190
  339   657     1.67621735
  340   902     1.56731028
  340   999     0.33272206
  340   139     0.98515847
  340   907    -0.91718113
  341   292     0.95346508
  341   802     0.14167661
  341   968     0.83501998
  341   267    -0.17066402
  342   218    -0.32080991
  342   721     0.67566888
  342    41    -3.04370026
  342   171    -0.23314802
  343   676     0.17172686
  343   171    -0.53917227
  343   323    -1.25966632
  343   283     0.48005590
  344   575     0.44303501
  344   845     1.30428948
  344   480    -1.64438858
  344   258     0.19537953
  345   467     0.34490807
  345   169     1.42402267
  345    73     1.14789304
  345   200     1.67548514
  346   765     0.53758555
  346   324     0.81570837
  346   117    -0.27388831
  346   224     1.17587027
  347   532    -1.20934734
  347   396     1.07584775
  347   695    -0.49515248
  347   595    -0.33238345
  348   904     1.48171857
  348   199    -0.51016283
  348   468     1.76825750
  348   643    -1.04392987
  349   129    -1.02023410
  349   165     0.56724888
  349   380     0.76677576
  349   157    -1.92647319
  350   822     0.42882087
  350   308     0.22682777
  350   648     0.23038985
  350   754    -1.22081283
  351   398     0.22715297
  351   306    -1.18738892
  351   656     0.45651503
  351     9    -0.92404750
  352   952     1.94515300
  352   674    -0.40034519
  352   227    -0.68239848
  352   918    -0.18411508
  353   428     0.65374422
  353   993     0.45206107
  353   356     0.25316230
  353   113     0.66900170
  354   654     1.65824349
  354   606     1.18412550
  354   482     1.27099147
  354   407     1.10752720
  355   300    -0.58785653
  355   128    -0.48629328
  355   270    -0.90499584
  355   969     0.00140615
  356   110    -1.73774725
  356   545     1.23255428
  356    24    -0.23284221
  356   353     0.25316230
  357   481     0.22663345
  357   299     0.17472140
  357   821    -0.54286297
  357    46     0.39632297
  358   417     0.82275966
  358   316    -1.21261809
  358   373    -0.31469423
  358   426    -0.94848743
  359   335     1.39790733
  359    87    -0.36389733
  359   174    -1.38399243
  359   814     0.63761276
  360   585     0.52649929
  360   581     0.35375980
  360   126    -0.76931483
  360   388    -0.48812080
  361   824     0.75583692
  361   251    -2.04995840
  361   741    -0.24549461
  361   998     1.57481473
  362   197     0.22869697
  362   677     0.97607164
  362   911    -0.87596156
  362   596     0.51509000
  363   116    -0.29967108
  363   846    -0.23307980
  363   917     0.61564439
  363   650    -1.15967904
  364   272    -0.52899823
  364   564     0.91419123
  364    50    -0.98560472
  364   313    -0.13390983
  365   575     0.24404085
  365   321     0.35081962
  365   305    -0.39504225
  365   599    -0.10639020
  366   505     2.92316756
  366   636    -1.06475979
  366   553    -1.11010456
  366   108    -1.65701187
  367   447     1.45574052
  367   445    -0.10114612
  367   441     0.77365424
  367   199     0.63968785
  368    51    -1.10406467
  368   641     1.24522821
  368   636     0.74009859
  368   306    -1.17051415
  369   706    -0.40829274
  369   530     1.61270451
