#Random lattice graph with connectivity C = 4
#Vertices:	Bonds:
#	1024		2048
    0     1     0.58248929
    0    31     0.34471763
    0    32     0.04385168
    0   992    -1.66945372
    1     0     0.58248929
    1     2    -0.64291075
    1    33     0.68471052
    1   993    -1.49052542
    2     1    -0.64291075
    2     3     0.90650811
    2    34     0.59892552
    2   994     0.03882400
    3     2     0.90650811
    3     4    -0.70117818
    3    35    -1.84443544
    3   995     0.10835696
    4     3    -0.70117818
    4     5    -0.10631199
    4    36     0.25479331
    4   996     0.88855803
    5     4    -0.10631199
    5     6    -1.32437872
    5    37     0.55594887
    5   997    -0.15883102
    6     5    -1.32437872
    6     7    -1.27076866
    6    38     0.27070840
    6   998     0.04299664
    7     6    -1.27076866
    7     8    -0.40380616
    7    39     0.58693482
    7   999    -0.47292044
    8     7    -0.40380616
    8     9     0.96482918
    8    40     1.32077326
    8  1000     0.22687605
    9     8     0.96482918
    9    10    -0.31858239
    9    41    -1.47590600
    9  1001     0.42669967
   10     9    -0.31858239
   10    11     2.16864578
   10    42    -2.01638862
   10  1002     0.18595908
   11    10     2.16864578
   11    12    -0.21532714
   11    43     0.54411647
   11  1003    -0.30103862
   12    11    -0.21532714
   12    13     1.15971360
   12    44     1.79747553
   12  1004     0.56750554
   13    12     1.15971360
   13    14     0.45239548
   13    45     0.65622129
   13  1005     0.02581804
   14    13     0.45239548
   14    15     0.09674344
   14    46    -0.64628664
   14  1006    -1.69235528
   15    14     0.09674344
   15    16    -0.80569187
   15    47     0.58198057
   15  1007    -1.68498847
   16    15    -0.80569187
   16    17     0.17002607
   16    48    -0.65380819
   16  1008     1.37487387
   17    16     0.17002607
   17    18    -1.49310333
   17    49    -0.00555625
   17  1009     0.96971206
   18    17    -1.49310333
   18    19     0.88824132
   18    50     1.25762201
   18  1010     0.94060325
   19    18     0.88824132
   19    20    -0.34242241
   19    51     0.73242419
   19  1011     1.49754204
   20    19    -0.34242241
   20    21    -0.86428095
   20    52    -0.09648275
   20  1012    -0.85888504
   21    20    -0.86428095
   21    22    -0.37735922
   21    53    -1.78175457
   21  1013    -1.24972142
   22    21    -0.37735922
   22    23    -0.07853874
   22    54     0.49273628
   22  1014    -0.25681125
   23    22    -0.07853874
   23    24     0.47317161
   23    55    -1.39333511
   23  1015     0.58701680
   24    23     0.47317161
   24    25    -0.24378580
   24    56    -0.74021322
   24  1016    -1.74007056
   25    24    -0.24378580
   25    26    -1.62131260
   25    57    -1.23576174
   25  1017     1.58031024
   26    25    -1.62131260
   26    27    -0.99340847
   26    58     1.14856727
   26  1018    -0.72145106
   27    26    -0.99340847
   27    28    -0.74061461
   27    59     1.57419550
   27  1019     0.43107790
   28    27    -0.74061461
   28    29     0.47565391
   28    60    -0.12940930
   28  1020    -0.78351245
   29    28     0.47565391
   29    30     0.34524138
   29    61    -0.26541808
   29  1021    -0.43252441
   30    29     0.34524138
   30    31     0.84938576
   30    62     0.58077802
   30  1022     1.70592854
   31     0     0.34471763
   31    30     0.84938576
   31    63    -1.19300872
   31  1023    -0.45956139
   32     0     0.04385168
   32    33     0.38090428
   32    63     1.81420940
   32    64     0.49122077
   33     1     0.68471052
   33    32     0.38090428
   33    34     0.19059563
   33    65     0.33414422
   34     2     0.59892552
   34    33     0.19059563
   34    35     0.50264100
   34    66     2.20706128
   35     3    -1.84443544
   35    34     0.50264100
   35    36     0.62055744
   35    67     0.39804945
   36     4     0.25479331
   36    35     0.62055744
   36    37     1.35665241
   36    68     0.03586417
   37     5     0.55594887
   37    36     1.35665241
   37    38    -1.63263232
   37    69    -1.24062207
   38     6     0.27070840
   38    37    -1.63263232
   38    39    -0.70061128
   38    70     0.18389498
   39     7     0.58693482
   39    38    -0.70061128
   39    40     0.64902554
   39    71    -0.50174846
   40     8     1.32077326
   40    39     0.64902554
   40    41     1.04635331
   40    72    -1.18247662
   41     9    -1.47590600
   41    40     1.04635331
   41    42     1.22129137
   41    73     1.69855342
   42    10    -2.01638862
   42    41     1.22129137
   42    43     0.19385873
   42    74    -0.17278671
   43    11     0.54411647
   43    42     0.19385873
   43    44     0.07468473
   43    75     0.61838720
   44    12     1.79747553
   44    43     0.07468473
   44    45     0.77403378
   44    76     0.09709120
   45    13     0.65622129
   45    44     0.77403378
   45    46     1.71303280
   45    77     0.87802265
   46    14    -0.64628664
   46    45     1.71303280
   46    47    -0.83379102
   46    78    -0.39961247
   47    15     0.58198057
   47    46    -0.83379102
   47    48    -1.53967872
   47    79    -0.96281592
   48    16    -0.65380819
   48    47    -1.53967872
   48    49     0.33490037
   48    80    -1.21445562
   49    17    -0.00555625
   49    48     0.33490037
   49    50    -0.01722849
   49    81     1.04888764
   50    18     1.25762201
   50    49    -0.01722849
   50    51     0.18154079
   50    82    -0.43194890
   51    19     0.73242419
   51    50     0.18154079
   51    52     0.19127497
   51    83    -1.16345306
   52    20    -0.09648275
   52    51     0.19127497
   52    53    -1.34250734
   52    84     0.83969352
   53    21    -1.78175457
   53    52    -1.34250734
   53    54    -0.99342197
   53    85    -1.72450251
   54    22     0.49273628
   54    53    -0.99342197
   54    55     0.63697136
   54    86    -1.66450553
   55    23    -1.39333511
   55    54     0.63697136
   55    56    -1.31775493
   55    87    -1.03559278
   56    24    -0.74021322
   56    55    -1.31775493
   56    57    -0.38237311
   56    88     0.30535428
   57    25    -1.23576174
   57    56    -0.38237311
   57    58    -1.15996092
   57    89    -0.89843613
   58    26     1.14856727
   58    57    -1.15996092
   58    59     0.45421164
   58    90     0.11469423
   59    27     1.57419550
   59    58     0.45421164
   59    60    -1.05858688
   59    91    -0.59872824
   60    28    -0.12940930
   60    59    -1.05858688
   60    61     0.10527781
   60    92     0.17933228
   61    29    -0.26541808
   61    60     0.10527781
   61    62    -0.18796012
   61    93     0.04635526
   62    30     0.58077802
   62    61    -0.18796012
   62    63    -0.36988426
   62    94     0.48922714
   63    31    -1.19300872
   63    32     1.81420940
   63    62    -0.36988426
   63    95    -0.02619364
   64    32     0.49122077
   64    65    -0.52450199
   64    95    -0.97897264
   64    96     1.62191460
   65    33     0.33414422
   65    64    -0.52450199
   65    66    -0.40038136
   65    97    -2.17191847
   66    34     2.20706128
   66    65    -0.40038136
   66    67     2.03473006
   66    98     0.78134046
   67    35     0.39804945
   67    66     2.03473006
   67    68     1.21056081
   67    99     0.44272856
   68    36     0.03586417
   68    67     1.21056081
   68    69     1.14523653
   68   100    -0.31234533
   69    37    -1.24062207
   69    68     1.14523653
   69    70     0.00153915
   69   101     1.10590141
   70    38     0.18389498
   70    69     0.00153915
   70    71    -1.30828737
   70   102    -1.65624854
   71    39    -0.50174846
   71    70    -1.30828737
   71    72     0.63417282
   71   103    -0.36110897
   72    40    -1.18247662
   72    71     0.63417282
   72    73     0.27495312
   72   104    -1.77997470
   73    41     1.69855342
   73    72     0.27495312
   73    74     0.39490611
   73   105    -1.77519148
   74    42    -0.17278671
   74    73     0.39490611
   74    75     2.13238756
   74   106     1.18285035
   75    43     0.61838720
   75    74     2.13238756
   75    76     0.33933724
   75   107     0.83253536
   76    44     0.09709120
   76    75     0.33933724
   76    77     1.80993905
   76   108     0.58135224
   77    45     0.87802265
   77    76     1.80993905
   77    78    -0.08239839
   77   109     0.62475995
   78    46    -0.39961247
   78    77    -0.08239839
   78    79    -0.18650819
   78   110     0.91027351
   79    47    -0.96281592
   79    78    -0.18650819
   79    80     0.08383028
   79   111    -0.56080184
   80    48    -1.21445562
   80    79     0.08383028
   80    81    -0.36057853
   80   112    -0.35254111
   81    49     1.04888764
   81    80    -0.36057853
   81    82    -0.47016249
   81   113     2.31385287
   82    50    -0.43194890
   82    81    -0.47016249
   82    83     0.57156697
   82   114     1.13805566
   83    51    -1.16345306
   83    82     0.57156697
   83    84    -1.06708030
   83   115    -0.78557956
   84    52     0.83969352
   84    83    -1.06708030
   84    85     0.84724346
   84   116    -0.21316245
   85    53    -1.72450251
   85    84     0.84724346
   85    86     0.81622816
   85   117     0.79109219
   86    54    -1.66450553
   86    85     0.81622816
   86    87    -0.60285791
   86   118    -0.57250902
   87    55    -1.03559278
   87    86    -0.60285791
   87    88    -1.63853853
   87   119    -0.04131313
   88    56     0.30535428
   88    87    -1.63853853
   88    89    -0.29829428
   88   120    -0.63435172
   89    57    -0.89843613
   89    88    -0.29829428
   89    90     0.91690903
   89   121    -1.04720873
   90    58     0.11469423
   90    89     0.91690903
   90    91    -0.90362554
   90   122     0.61374033
   91    59    -0.59872824
   91    90    -0.90362554
   91    92    -0.28919507
   91   123     0.68117565
   92    60     0.17933228
   92    91    -0.28919507
   92    93    -1.01377293
   92   124     1.20689216
   93    61     0.04635526
   93    92    -1.01377293
   93    94     1.10013586
   93   125     1.77782955
   94    62     0.48922714
   94    93     1.10013586
   94    95     1.80295005
   94   126    -1.71276310
   95    63    -0.02619364
   95    64    -0.97897264
   95    94     1.80295005
   95   127     0.78608794
   96    64     1.62191460
   96    97    -0.52601505
   96   127     1.20975570
   96   128    -1.82889934
   97    65    -2.17191847
   97    96    -0.52601505
   97    98     0.84853391
   97   129    -0.22311419
   98    66     0.78134046
   98    97     0.84853391
   98    99     0.02193167
   98   130    -0.14210924
   99    67     0.44272856
   99    98     0.02193167
   99   100    -0.02544639
   99   131     1.18935962
  100    68    -0.31234533
  100    99    -0.02544639
  100   101     1.41793242
  100   132     0.63938711
  101    69     1.10590141
  101   100     1.41793242
  101   102     2.04274386
  101   133    -0.37889616
  102    70    -1.65624854
  102   101     2.04274386
  102   103    -1.88290596
  102   134    -1.55797023
  103    71    -0.36110897
  103   102    -1.88290596
  103   104     0.34034024
  103   135     0.59553029
  104    72    -1.77997470
  104   103     0.34034024
  104   105    -0.37394005
  104   136     0.62727843
  105    73    -1.77519148
  105   104    -0.37394005
  105   106     1.67435551
  105   137    -1.76908613
  106    74     1.18285035
  106   105     1.67435551
  106   107     0.73823669
  106   138     0.16185996
  107    75     0.83253536
  107   106     0.73823669
  107   108     1.61102262
  107   139    -0.96285949
  108    76     0.58135224
  108   107     1.61102262
  108   109    -0.07003835
  108   140    -0.68172861
  109    77     0.62475995
  109   108    -0.07003835
  109   110     0.86350521
  109   141     0.38639508
  110    78     0.91027351
  110   109     0.86350521
  110   111     0.98124696
  110   142    -0.27301694
  111    79    -0.56080184
  111   110     0.98124696
  111   112    -0.81848448
  111   143     0.31384140
  112    80    -0.35254111
  112   111    -0.81848448
  112   113    -0.54644662
  112   144     0.36341927
  113    81     2.31385287
  113   112    -0.54644662
  113   114     1.60084066
  113   145    -0.80021655
  114    82     1.13805566
  114   113     1.60084066
  114   115     2.06381604
  114   146    -1.66675908
  115    83    -0.78557956
  115   114     2.06381604
  115   116     1.05836220
  115   147     1.19491874
  116    84    -0.21316245
  116   115     1.05836220
  116   117    -1.09684528
  116   148    -0.83977437
  117    85     0.79109219
  117   116    -1.09684528
  117   118    -0.06023450
  117   149    -1.07817793
  118    86    -0.57250902
  118   117    -0.06023450
  118   119     0.90443074
  118   150     1.49534414
  119    87    -0.04131313
  119   118     0.90443074
  119   120     0.25869085
  119   151     0.66426074
  120    88    -0.63435172
  120   119     0.25869085
  120   121    -1.47089029
  120   152    -0.79928757
  121    89    -1.04720873
  121   120    -1.47089029
  121   122    -0.50391097
  121   153     1.97039923
  122    90     0.61374033
  122   121    -0.50391097
  122   123    -1.07900652
  122   154     0.29123198
  123    91     0.68117565
  123   122    -1.07900652
  123   124    -0.77350285
  123   155    -1.10469198
  124    92     1.20689216
  124   123    -0.77350285
  124   125    -1.77341369
  124   156    -1.19417327
  125    93     1.77782955
  125   124    -1.77341369
  125   126    -0.08783749
  125   157    -0.19810267
  126    94    -1.71276310
  126   125    -0.08783749
  126   127    -2.04759736
  126   158     2.02594369
  127    95     0.78608794
  127    96     1.20975570
  127   126    -2.04759736
  127   159     0.31359351
  128    96    -1.82889934
  128   129    -0.15531705
  128   159    -0.36218262
  128   160    -0.06662703
  129    97    -0.22311419
  129   128    -0.15531705
  129   130     0.05279441
  129   161     0.26116690
  130    98    -0.14210924
  130   129     0.05279441
  130   131     0.91689891
  130   162    -0.70570568
  131    99     1.18935962
  131   130     0.91689891
  131   132    -1.19641355
  131   163    -0.89559265
  132   100     0.63938711
  132   131    -1.19641355
  132   133     0.22524515
  132   164    -0.90567122
  133   101    -0.37889616
  133   132     0.22524515
  133   134     0.65099490
  133   165     0.36956792
  134   102    -1.55797023
  134   133     0.65099490
  134   135     0.33099540
  134   166     0.84990775
  135   103     0.59553029
  135   134     0.33099540
  135   136    -0.55796402
  135   167     2.10551165
  136   104     0.62727843
  136   135    -0.55796402
  136   137    -0.02097299
  136   168     0.16144934
  137   105    -1.76908613
  137   136    -0.02097299
  137   138    -1.51199626
  137   169     0.22223287
  138   106     0.16185996
  138   137    -1.51199626
  138   139    -0.08808437
  138   170     0.68184362
  139   107    -0.96285949
  139   138    -0.08808437
  139   140     1.39311963
  139   171    -1.70214580
  140   108    -0.68172861
  140   139     1.39311963
  140   141     0.80732779
  140   172    -0.98312824
  141   109     0.38639508
  141   140     0.80732779
  141   142     0.45636957
  141   173     0.20102306
  142   110    -0.27301694
  142   141     0.45636957
  142   143     0.39950464
  142   174    -1.61405622
  143   111     0.31384140
  143   142     0.39950464
  143   144    -0.16555756
  143   175     1.44413342
  144   112     0.36341927
  144   143    -0.16555756
  144   145    -0.69314952
  144   176    -0.54137978
  145   113    -0.80021655
  145   144    -0.69314952
  145   146    -0.87981906
  145   177     2.10825509
  146   114    -1.66675908
  146   145    -0.87981906
  146   147    -1.31627336
  146   178    -1.18971213
  147   115     1.19491874
  147   146    -1.31627336
  147   148    -1.25239710
  147   179     1.56265086
  148   116    -0.83977437
  148   147    -1.25239710
  148   149    -0.98101199
  148   180    -2.15538822
  149   117    -1.07817793
  149   148    -0.98101199
  149   150    -1.40720183
  149   181     1.37334713
  150   118     1.49534414
  150   149    -1.40720183
  150   151    -0.54644881
  150   182    -0.57422567
  151   119     0.66426074
  151   150    -0.54644881
  151   152     0.34683083
  151   183    -0.91839534
  152   120    -0.79928757
  152   151     0.34683083
  152   153     0.75514135
  152   184    -0.23909814
  153   121     1.97039923
  153   152     0.75514135
  153   154    -0.32978605
  153   185    -0.22268834
  154   122     0.29123198
  154   153    -0.32978605
  154   155    -1.12864279
  154   186    -1.14659713
  155   123    -1.10469198
  155   154    -1.12864279
  155   156    -1.40756874
  155   187     0.35920041
  156   124    -1.19417327
  156   155    -1.40756874
  156   157     0.04464760
  156   188    -0.87651087
  157   125    -0.19810267
  157   156     0.04464760
  157   158     0.41569649
  157   189     0.36253133
  158   126     2.02594369
  158   157     0.41569649
  158   159     1.30655241
  158   190     1.97990059
  159   127     0.31359351
  159   128    -0.36218262
  159   158     1.30655241
  159   191     0.22472214
  160   128    -0.06662703
  160   161     0.47802353
  160   191    -0.62510816
  160   192    -0.09725952
  161   129     0.26116690
  161   160     0.47802353
  161   162     0.57751537
  161   193     0.81810492
  162   130    -0.70570568
  162   161     0.57751537
  162   163     2.14497298
  162   194     1.79614584
  163   131    -0.89559265
  163   162     2.14497298
  163   164     0.52242145
  163   195     1.06489247
  164   132    -0.90567122
  164   163     0.52242145
  164   165     0.96449171
  164   196     0.85483059
  165   133     0.36956792
  165   164     0.96449171
  165   166     0.64985856
  165   197     0.39957412
  166   134     0.84990775
  166   165     0.64985856
  166   167     0.51524255
  166   198    -0.41629247
  167   135     2.10551165
  167   166     0.51524255
  167   168     1.65450838
  167   199    -0.28222086
  168   136     0.16144934
  168   167     1.65450838
  168   169     0.12598386
  168   200    -0.26440949
  169   137     0.22223287
  169   168     0.12598386
  169   170    -0.26189793
  169   201    -0.29898625
  170   138     0.68184362
  170   169    -0.26189793
  170   171    -1.04910338
  170   202    -1.43333395
  171   139    -1.70214580
  171   170    -1.04910338
  171   172     0.82815486
  171   203     0.48524281
  172   140    -0.98312824
  172   171     0.82815486
  172   173     1.88473917
  172   204     1.02660533
  173   141     0.20102306
  173   172     1.88473917
  173   174    -1.09213497
  173   205    -0.64565163
  174   142    -1.61405622
  174   173    -1.09213497
  174   175    -0.18112227
  174   206    -0.10364894
  175   143     1.44413342
  175   174    -0.18112227
  175   176    -0.24382137
  175   207    -0.42045781
  176   144    -0.54137978
  176   175    -0.24382137
  176   177    -0.14922995
  176   208     0.75490602
  177   145     2.10825509
  177   176    -0.14922995
  177   178     0.20701016
  177   209     0.13818088
  178   146    -1.18971213
  178   177     0.20701016
  178   179    -1.32365589
  178   210    -1.72756999
  179   147     1.56265086
  179   178    -1.32365589
  179   180     0.26840921
  179   211     0.38222582
  180   148    -2.15538822
  180   179     0.26840921
  180   181    -0.90745258
  180   212     0.36278183
  181   149     1.37334713
  181   180    -0.90745258
  181   182     0.25014476
  181   213    -1.16410921
  182   150    -0.57422567
  182   181     0.25014476
  182   183     0.35863285
  182   214    -0.68030652
  183   151    -0.91839534
  183   182     0.35863285
  183   184     0.27751317
  183   215     0.23902408
  184   152    -0.23909814
  184   183     0.27751317
  184   185    -1.26053855
  184   216     0.11902443
  185   153    -0.22268834
  185   184    -1.26053855
  185   186     0.82946645
  185   217     1.06003710
  186   154    -1.14659713
  186   185     0.82946645
  186   187    -1.03758608
  186   218    -1.70857804
  187   155     0.35920041
  187   186    -1.03758608
  187   188     1.88322947
  187   219     1.00403776
  188   156    -0.87651087
  188   187     1.88322947
  188   189     0.10823771
  188   220     0.44847685
  189   157     0.36253133
  189   188     0.10823771
  189   190     0.85769118
  189   221     1.08370892
  190   158     1.97990059
  190   189     0.85769118
  190   191    -0.49338535
  190   222    -1.06002209
  191   159     0.22472214
  191   160    -0.62510816
  191   190    -0.49338535
  191   223     0.04969376
  192   160    -0.09725952
  192   193    -0.43225366
  192   223    -0.11438700
  192   224    -0.88604358
  193   161     0.81810492
  193   192    -0.43225366
  193   194    -0.05763694
  193   225     0.47887545
  194   162     1.79614584
  194   193    -0.05763694
  194   195     0.63852986
  194   226    -0.15397709
  195   163     1.06489247
  195   194     0.63852986
  195   196    -0.81485204
  195   227    -1.59650404
  196   164     0.85483059
  196   195    -0.81485204
  196   197    -1.73796752
  196   228    -0.78082102
  197   165     0.39957412
  197   196    -1.73796752
  197   198     0.38608816
  197   229    -1.88583508
  198   166    -0.41629247
  198   197     0.38608816
  198   199     1.25749172
  198   230    -0.27551128
  199   167    -0.28222086
  199   198     1.25749172
  199   200    -0.97342492
  199   231    -0.83295125
  200   168    -0.26440949
  200   199    -0.97342492
  200   201    -0.70659614
  200   232     0.49844549
  201   169    -0.29898625
  201   200    -0.70659614
  201   202    -1.62369290
  201   233    -0.32470715
  202   170    -1.43333395
  202   201    -1.62369290
  202   203     0.75744121
  202   234     1.31774238
  203   171     0.48524281
  203   202     0.75744121
  203   204     1.46298747
  203   235    -0.35913609
  204   172     1.02660533
  204   203     1.46298747
  204   205     0.96109000
  204   236     1.76264450
  205   173    -0.64565163
  205   204     0.96109000
  205   206    -2.58041623
  205   237     0.40823020
  206   174    -0.10364894
  206   205    -2.58041623
  206   207     0.57828615
  206   238    -0.97719523
  207   175    -0.42045781
  207   206     0.57828615
  207   208     0.87146547
  207   239    -0.39479156
  208   176     0.75490602
  208   207     0.87146547
  208   209     0.29177032
  208   240    -0.37445169
  209   177     0.13818088
  209   208     0.29177032
  209   210    -0.97563688
  209   241    -0.00427475
  210   178    -1.72756999
  210   209    -0.97563688
  210   211    -1.81273422
  210   242     0.36545216
  211   179     0.38222582
  211   210    -1.81273422
  211   212     0.77641209
  211   243     2.09853211
  212   180     0.36278183
  212   211     0.77641209
  212   213    -1.17719333
  212   244     0.39348633
  213   181    -1.16410921
  213   212    -1.17719333
  213   214    -2.26342060
  213   245     0.85731125
  214   182    -0.68030652
  214   213    -2.26342060
  214   215    -0.33527026
  214   246    -1.31460830
  215   183     0.23902408
  215   214    -0.33527026
  215   216    -0.21541459
  215   247    -0.00636037
  216   184     0.11902443
  216   215    -0.21541459
  216   217    -1.15895940
  216   248     0.01483659
  217   185     1.06003710
  217   216    -1.15895940
  217   218     1.43819706
  217   249    -0.63366565
  218   186    -1.70857804
  218   217     1.43819706
  218   219    -0.30485694
  218   250    -0.57930700
  219   187     1.00403776
  219   218    -0.30485694
  219   220    -0.74412428
  219   251    -1.87349757
  220   188     0.44847685
  220   219    -0.74412428
  220   221     0.36171050
  220   252    -1.85017395
  221   189     1.08370892
  221   220     0.36171050
  221   222     0.77180855
  221   253     0.70185189
  222   190    -1.06002209
  222   221     0.77180855
  222   223     0.10473242
  222   254     1.68948406
  223   191     0.04969376
  223   192    -0.11438700
  223   222     0.10473242
  223   255     0.90859285
  224   192    -0.88604358
  224   225    -2.99461169
  224   255    -0.16163754
  224   256    -0.32033407
  225   193     0.47887545
  225   224    -2.99461169
  225   226     0.13619324
  225   257     0.29643822
  226   194    -0.15397709
  226   225     0.13619324
  226   227    -0.63658301
  226   258     1.21152498
  227   195    -1.59650404
  227   226    -0.63658301
  227   228     1.50318304
  227   259     0.19582365
  228   196    -0.78082102
  228   227     1.50318304
  228   229     0.22861791
  228   260    -1.31994427
  229   197    -1.88583508
  229   228     0.22861791
  229   230     1.13505662
  229   261     0.82884068
  230   198    -0.27551128
  230   229     1.13505662
  230   231    -0.08865584
  230   262    -0.26871790
  231   199    -0.83295125
  231   230    -0.08865584
  231   232    -0.72228529
  231   263    -0.51115610
  232   200     0.49844549
  232   231    -0.72228529
  232   233    -1.96143009
  232   264    -0.09947329
  233   201    -0.32470715
  233   232    -1.96143009
  233   234    -1.30097458
  233   265     2.95195676
  234   202     1.31774238
  234   233    -1.30097458
  234   235     0.33442776
  234   266    -0.63689753
  235   203    -0.35913609
  235   234     0.33442776
  235   236     1.21583936
  235   267    -1.31097620
  236   204     1.76264450
  236   235     1.21583936
  236   237     1.14778995
  236   268    -0.09338460
  237   205     0.40823020
  237   236     1.14778995
  237   238     0.70674629
  237   269     0.69569551
  238   206    -0.97719523
  238   237     0.70674629
  238   239    -0.21351460
  238   270    -0.65873832
  239   207    -0.39479156
  239   238    -0.21351460
  239   240    -1.10968972
  239   271     0.58181657
  240   208    -0.37445169
  240   239    -1.10968972
  240   241    -0.36365121
  240   272     0.98705114
  241   209    -0.00427475
  241   240    -0.36365121
  241   242     1.94868422
  241   273    -0.78995392
  242   210     0.36545216
  242   241     1.94868422
  242   243     1.30815676
  242   274    -0.91682421
  243   211     2.09853211
  243   242     1.30815676
  243   244    -1.51501862
  243   275     0.28270555
  244   212     0.39348633
  244   243    -1.51501862
  244   245     0.01450098
  244   276    -0.05819165
  245   213     0.85731125
  245   244     0.01450098
  245   246    -0.09073391
  245   277    -0.22145002
  246   214    -1.31460830
  246   245    -0.09073391
  246   247    -0.69134006
  246   278    -0.00474615
  247   215    -0.00636037
  247   246    -0.69134006
  247   248     0.12132645
  247   279     0.05524289
  248   216     0.01483659
  248   247     0.12132645
  248   249    -1.33350271
  248   280     0.23750030
  249   217    -0.63366565
  249   248    -1.33350271
  249   250    -0.79302523
  249   281    -0.24678178
  250   218    -0.57930700
  250   249    -0.79302523
  250   251    -0.07615950
  250   282     0.79242395
  251   219    -1.87349757
  251   250    -0.07615950
  251   252     0.00579112
  251   283     1.27695446
  252   220    -1.85017395
  252   251     0.00579112
  252   253    -0.09804815
  252   284    -0.64421616
  253   221     0.70185189
  253   252    -0.09804815
  253   254    -0.17178291
  253   285    -0.39370389
  254   222     1.68948406
  254   253    -0.17178291
  254   255    -1.73325633
  254   286     1.27991109
  255   223     0.90859285
  255   224    -0.16163754
  255   254    -1.73325633
  255   287     0.19809776
  256   224    -0.32033407
  256   257    -0.35543882
  256   287     0.18117980
  256   288     0.71797377
  257   225     0.29643822
  257   256    -0.35543882
  257   258    -1.38365891
  257   289     0.06432605
  258   226     1.21152498
  258   257    -1.38365891
  258   259    -1.38803419
  258   290     0.38878889
  259   227     0.19582365
  259   258    -1.38803419
  259   260     0.09264734
  259   291    -1.19181873
  260   228    -1.31994427
  260   259     0.09264734
  260   261     0.59653388
  260   292    -1.20773995
  261   229     0.82884068
  261   260     0.59653388
  261   262     0.26721214
  261   293     2.17111998
  262   230    -0.26871790
  262   261     0.26721214
  262   263    -1.78268489
  262   294     1.88484191
  263   231    -0.51115610
  263   262    -1.78268489
  263   264     1.64217612
  263   295     0.70260222
  264   232    -0.09947329
  264   263     1.64217612
  264   265    -0.73129366
  264   296     0.40837286
  265   233     2.95195676
  265   264    -0.73129366
  265   266     0.27017021
  265   297    -0.13590167
  266   234    -0.63689753
  266   265     0.27017021
  266   267     0.71385439
  266   298    -0.58845211
  267   235    -1.31097620
  267   266     0.71385439
  267   268    -0.22819906
  267   299     0.17014350
  268   236    -0.09338460
  268   267    -0.22819906
  268   269    -0.56005035
  268   300     0.83939058
  269   237     0.69569551
  269   268    -0.56005035
  269   270    -2.21814880
  269   301    -1.73894997
  270   238    -0.65873832
  270   269    -2.21814880
  270   271     1.41273679
  270   302    -0.18229127
  271   239     0.58181657
  271   270     1.41273679
  271   272    -0.99380271
  271   303     0.05955189
  272   240     0.98705114
  272   271    -0.99380271
  272   273     1.03727589
  272   304    -0.16621939
  273   241    -0.78995392
  273   272     1.03727589
  273   274    -1.25893511
  273   305    -1.44731644
  274   242    -0.91682421
  274   273    -1.25893511
  274   275     0.95157059
  274   306    -0.41675688
  275   243     0.28270555
  275   274     0.95157059
  275   276    -0.87038239
  275   307    -0.67249131
  276   244    -0.05819165
  276   275    -0.87038239
  276   277    -0.47108447
  276   308     2.34553976
  277   245    -0.22145002
  277   276    -0.47108447
  277   278     0.68286751
  277   309    -1.68313121
  278   246    -0.00474615
  278   277     0.68286751
  278   279     0.61899407
  278   310     1.57315736
  279   247     0.05524289
  279   278     0.61899407
  279   280    -0.96802148
  279   311     1.86294573
  280   248     0.23750030
  280   279    -0.96802148
  280   281     1.96946134
  280   312    -0.88417394
  281   249    -0.24678178
  281   280     1.96946134
  281   282     0.58931970
  281   313     1.01484519
  282   250     0.79242395
  282   281     0.58931970
  282   283    -1.41832850
  282   314    -0.20998741
  283   251     1.27695446
  283   282    -1.41832850
  283   284     1.75774682
  283   315    -0.18949199
  284   252    -0.64421616
  284   283     1.75774682
  284   285    -1.95547331
  284   316     1.29761465
  285   253    -0.39370389
  285   284    -1.95547331
  285   286     0.07473569
  285   317    -0.72711217
  286   254     1.27991109
  286   285     0.07473569
  286   287    -0.87935045
  286   318    -1.00279494
  287   255     0.19809776
  287   256     0.18117980
  287   286    -0.87935045
  287   319    -1.77550509
  288   256     0.71797377
  288   289     0.13823477
  288   319    -1.73879158
  288   320     1.78709907
  289   257     0.06432605
  289   288     0.13823477
  289   290    -0.32886408
  289   321     0.50092416
  290   258     0.38878889
  290   289    -0.32886408
  290   291     0.94639347
  290   322    -1.19930928
  291   259    -1.19181873
  291   290     0.94639347
  291   292     0.67151323
  291   323     0.47896141
  292   260    -1.20773995
  292   291     0.67151323
  292   293    -0.03201791
  292   324     0.74441491
  293   261     2.17111998
  293   292    -0.03201791
  293   294    -0.28848398
  293   325     0.59099917
  294   262     1.88484191
  294   293    -0.28848398
  294   295    -2.57456542
  294   326     0.16216666
  295   263     0.70260222
  295   294    -2.57456542
  295   296     0.95822749
  295   327     1.56620361
  296   264     0.40837286
  296   295     0.95822749
  296   297    -0.04073432
  296   328     0.10179274
  297   265    -0.13590167
  297   296    -0.04073432
  297   298     1.98465698
  297   329     0.72543797
  298   266    -0.58845211
  298   297     1.98465698
  298   299    -1.74144600
  298   330     0.45363396
  299   267     0.17014350
  299   298    -1.74144600
  299   300    -0.49131256
  299   331     1.63320993
  300   268     0.83939058
  300   299    -0.49131256
  300   301     0.14106754
  300   332    -3.02398815
  301   269    -1.73894997
  301   300     0.14106754
  301   302     1.76295192
  301   333     0.11237818
  302   270    -0.18229127
  302   301     1.76295192
  302   303    -0.92574175
  302   334    -0.03993997
  303   271     0.05955189
  303   302    -0.92574175
  303   304     1.55249319
  303   335     1.44055647
  304   272    -0.16621939
  304   303     1.55249319
  304   305     1.14879423
  304   336     0.00035976
  305   273    -1.44731644
  305   304     1.14879423
  305   306    -1.37727674
  305   337     0.20036368
  306   274    -0.41675688
  306   305    -1.37727674
  306   307     0.61470828
  306   338    -0.39802833
  307   275    -0.67249131
  307   306     0.61470828
  307   308    -2.40395609
  307   339     1.38952438
  308   276     2.34553976
  308   307    -2.40395609
  308   309    -0.10863230
  308   340    -0.69737377
  309   277    -1.68313121
  309   308    -0.10863230
  309   310    -1.52242915
  309   341    -0.23620616
  310   278     1.57315736
  310   309    -1.52242915
  310   311     1.31490363
  310   342     0.52352394
  311   279     1.86294573
  311   310     1.31490363
  311   312    -0.85527088
  311   343     1.66089533
  312   280    -0.88417394
  312   311    -0.85527088
  312   313     1.25036811
  312   344     0.96877329
  313   281     1.01484519
  313   312     1.25036811
  313   314    -0.94065284
  313   345    -1.90372749
  314   282    -0.20998741
  314   313    -0.94065284
  314   315     0.33956699
  314   346    -0.66467537
  315   283    -0.18949199
  315   314     0.33956699
  315   316     0.34903431
  315   347    -0.32083637
  316   284     1.29761465
  316   315     0.34903431
  316   317    -0.40390229
  316   348    -1.51038364
  317   285    -0.72711217
  317   316    -0.40390229
  317   318    -0.77165212
  317   349    -0.32152871
  318   286    -1.00279494
  318   317    -0.77165212
  318   319     0.53520592
  318   350    -0.83305856
  319   287    -1.77550509
  319   288    -1.73879158
  319   318     0.53520592
  319   351     0.74246669
  320   288     1.78709907
  320   321    -1.07944585
  320   351    -0.22946219
  320   352     0.46008101
  321   289     0.50092416
  321   320    -1.07944585
  321   322     0.54485841
  321   353    -1.52027242
  322   290    -1.19930928
  322   321     0.54485841
  322   323    -0.17060049
  322   354     0.09378248
  323   291     0.47896141
  323   322    -0.17060049
  323   324    -0.47048403
  323   355    -0.26490173
  324   292     0.74441491
  324   323    -0.47048403
  324   325     1.50829454
  324   356     1.47539655
  325   293     0.59099917
  325   324     1.50829454
  325   326     1.35594510
  325   357    -2.87046889
  326   294     0.16216666
  326   325     1.35594510
  326   327     0.22983534
  326   358     1.08203172
  327   295     1.56620361
  327   326     0.22983534
  327   328     0.33022411
  327   359     0.29216748
  328   296     0.10179274
  328   327     0.33022411
  328   329    -0.54077136
  328   360     0.55583930
  329   297     0.72543797
  329   328    -0.54077136
  329   330     0.96190400
  329   361    -0.02188929
  330   298     0.45363396
  330   329     0.96190400
  330   331     0.96935325
  330   362    -0.58841133
  331   299     1.63320993
  331   330     0.96935325
  331   332     0.05131266
  331   363    -0.04857474
  332   300    -3.02398815
  332   331     0.05131266
  332   333     0.60002728
  332   364    -0.54302220
  333   301     0.11237818
  333   332     0.60002728
  333   334     1.54468313
  333   365     0.22786473
  334   302    -0.03993997
  334   333     1.54468313
  334   335    -0.17384617
  334   366    -0.14808063
  335   303     1.44055647
  335   334    -0.17384617
  335   336     0.38043011
  335   367     1.78267524
  336   304     0.00035976
  336   335     0.38043011
  336   337    -0.11741113
  336   368    -0.66913294
  337   305     0.20036368
  337   336    -0.11741113
  337   338    -1.77367319
  337   369     1.67257674
  338   306    -0.39802833
  338   337    -1.77367319
  338   339    -0.68446918
  338   370    -0.35791661
  339   307     1.38952438
  339   338    -0.68446918
  339   340    -0.34476188
  339   371    -0.48951258
  340   308    -0.69737377
  340   339    -0.34476188
  340   341    -0.59884008
  340   372     0.29533644
  341   309    -0.23620616
  341   340    -0.59884008
  341   342    -1.22974409
  341   373     0.47455905
  342   310     0.52352394
  342   341    -1.22974409
  342   343    -0.14870650
  342   374     0.05505288
  343   311     1.66089533
  343   342    -0.14870650
  343   344     0.56422358
  343   375    -0.06738199
  344   312     0.96877329
  344   343     0.56422358
  344   345    -0.05859329
  344   376    -0.45908642
  345   313    -1.90372749
  345   344    -0.05859329
  345   346    -1.19661411
  345   377     0.32554438
  346   314    -0.66467537
  346   345    -1.19661411
  346   347     0.33348372
  346   378     1.78331130
  347   315    -0.32083637
  347   346     0.33348372
  347   348    -1.96461825
  347   379     0.04955258
  348   316    -1.51038364
  348   347    -1.96461825
  348   349    -2.13787949
  348   380     0.95745286
  349   317    -0.32152871
  349   348    -2.13787949
  349   350     0.17199345
  349   381    -0.61956042
  350   318    -0.83305856
  350   349     0.17199345
  350   351    -0.01827530
  350   382     0.57410805
  351   319     0.74246669
  351   320    -0.22946219
  351   350    -0.01827530
  351   383     0.23603912
  352   320     0.46008101
  352   353     1.84128234
  352   383    -0.57175165
  352   384    -0.54408292
  353   321    -1.52027242
  353   352     1.84128234
  353   354    -0.32942469
  353   385     0.05430762
  354   322     0.09378248
  354   353    -0.32942469
  354   355    -0.48961437
  354   386     1.35581901
  355   323    -0.26490173
  355   354    -0.48961437
  355   356    -0.97992284
  355   387    -0.82039687
  356   324     1.47539655
  356   355    -0.97992284
  356   357     0.21112411
  356   388     0.32235325
  357   325    -2.87046889
  357   356     0.21112411
  357   358    -0.59052588
  357   389     0.99265811
  358   326     1.08203172
  358   357    -0.59052588
  358   359    -0.04972059
  358   390     0.32382671
  359   327     0.29216748
  359   358    -0.04972059
  359   360    -0.53188865
  359   391    -0.42706589
  360   328     0.55583930
  360   359    -0.53188865
  360   361     0.35945039
  360   392    -0.29122110
  361   329    -0.02188929
  361   360     0.35945039
  361   362    -0.82771057
  361   393    -0.38421244
  362   330    -0.58841133
  362   361    -0.82771057
  362   363     2.61402915
  362   394    -0.08829753
  363   331    -0.04857474
  363   362     2.61402915
  363   364     0.66773976
  363   395     0.99558907
  364   332    -0.54302220
  364   363     0.66773976
  364   365     1.28497427
  364   396    -1.44037868
  365   333     0.22786473
  365   364     1.28497427
  365   366    -1.73181809
  365   397     1.72793572
  366   334    -0.14808063
  366   365    -1.73181809
  366   367     0.01048884
  366   398     0.11008957
  367   335     1.78267524
  367   366     0.01048884
  367   368     0.38673065
  367   399    -0.80476270
  368   336    -0.66913294
  368   367     0.38673065
  368   369    -0.41498257
  368   400    -1.51610176
  369   337     1.67257674
  369   368    -0.41498257
