#Random lattice graph with connectivity C = 4
#Vertices:	Bonds:
#	1024		2048
    0     1     1.07028924
    0    31     1.72157607
    0    32     1.24150292
    0   992    -1.38884349
    1     0     1.07028924
    1     2    -0.11683204
    1    33     0.07381968
    1   993     0.94713966
    2     1    -0.11683204
    2     3    -0.67640963
    2    34     0.53912530
    2   994    -1.61464628
    3     2    -0.67640963
    3     4     2.98546221
    3    35    -0.06930982
    3   995     0.20059912
    4     3     2.98546221
    4     5     0.57506223
    4    36    -1.00901286
    4   996    -0.56710244
    5     4     0.57506223
    5     6     0.75104528
    5    37     0.80446429
    5   997    -0.56805819
    6     5     0.75104528
    6     7     1.19673578
    6    38     0.41210199
    6   998    -1.37102892
    7     6     1.19673578
    7     8     0.46619325
    7    39     0.52114576
    7   999    -0.26928099
    8     7     0.46619325
    8     9     0.19102778
    8    40    -0.81936401
    8  1000     0.31748675
    9     8     0.19102778
    9    10    -0.71114405
    9    41    -0.00070229
    9  1001    -0.61151504
   10     9    -0.71114405
   10    11     0.67566461
   10    42     0.28053949
   10  1002     2.53908838
   11    10     0.67566461
   11    12    -0.47957376
   11    43    -0.75886762
   11  1003     0.64702923
   12    11    -0.47957376
   12    13    -0.87700644
   12    44    -1.06310084
   12  1004    -1.09399793
   13    12    -0.87700644
   13    14    -0.14666952
   13    45     0.22163436
   13  1005     0.51177879
   14    13    -0.14666952
   14    15     1.60402200
   14    46     1.10308758
   14  1006     1.02378533
   15    14     1.60402200
   15    16     0.23932483
   15    47     0.81427370
   15  1007    -1.22122624
   16    15     0.23932483
   16    17     0.04287730
   16    48     1.62296106
   16  1008     2.02832605
   17    16     0.04287730
   17    18    -0.25166250
   17    49     0.35999080
   17  1009     0.72902920
   18    17    -0.25166250
   18    19    -0.03197781
   18    50    -0.59150300
   18  1010     1.63157229
   19    18    -0.03197781
   19    20     0.56428605
   19    51     0.71807353
   19  1011     1.56094278
   20    19     0.56428605
   20    21     1.15799458
   20    52     2.99298625
   20  1012     0.01862053
   21    20     1.15799458
   21    22     1.81448340
   21    53     0.13994756
   21  1013    -0.76437084
   22    21     1.81448340
   22    23    -2.06811684
   22    54    -0.11053460
   22  1014     2.24301583
   23    22    -2.06811684
   23    24    -0.16591642
   23    55     0.12922439
   23  1015     0.11297664
   24    23    -0.16591642
   24    25    -0.29523936
   24    56     0.24868906
   24  1016     0.08388497
   25    24    -0.29523936
   25    26    -0.52049272
   25    57    -1.22568174
   25  1017    -1.00295083
   26    25    -0.52049272
   26    27     0.95548198
   26    58     1.39768338
   26  1018     1.86145686
   27    26     0.95548198
   27    28    -0.57616337
   27    59    -0.79746421
   27  1019     0.07410870
   28    27    -0.57616337
   28    29    -0.02025328
   28    60     1.51793564
   28  1020    -0.14315273
   29    28    -0.02025328
   29    30     0.67803347
   29    61     1.73021823
   29  1021     1.12366926
   30    29     0.67803347
   30    31     0.16972761
   30    62    -1.62140994
   30  1022     0.05535063
   31     0     1.72157607
   31    30     0.16972761
   31    63    -0.23657108
   31  1023    -1.12314391
   32     0     1.24150292
   32    33    -0.41524369
   32    63    -0.32765598
   32    64     0.75206507
   33     1     0.07381968
   33    32    -0.41524369
   33    34     1.04662613
   33    65     0.25279858
   34     2     0.53912530
   34    33     1.04662613
   34    35     1.07629478
   34    66     0.17175456
   35     3    -0.06930982
   35    34     1.07629478
   35    36     0.72122985
   35    67     0.14628325
   36     4    -1.00901286
   36    35     0.72122985
   36    37     0.22760127
   36    68     1.92695684
   37     5     0.80446429
   37    36     0.22760127
   37    38    -1.35556392
   37    69     1.05504385
   38     6     0.41210199
   38    37    -1.35556392
   38    39     0.77563440
   38    70    -1.85885534
   39     7     0.52114576
   39    38     0.77563440
   39    40     0.09983373
   39    71    -0.92177377
   40     8    -0.81936401
   40    39     0.09983373
   40    41     1.28154443
   40    72     1.54400151
   41     9    -0.00070229
   41    40     1.28154443
   41    42    -0.02903977
   41    73     0.49404739
   42    10     0.28053949
   42    41    -0.02903977
   42    43    -0.66575592
   42    74    -0.44571009
   43    11    -0.75886762
   43    42    -0.66575592
   43    44    -0.05751238
   43    75     0.54286787
   44    12    -1.06310084
   44    43    -0.05751238
   44    45     0.19582660
   44    76    -1.67071136
   45    13     0.22163436
   45    44     0.19582660
   45    46     0.78353887
   45    77     0.24345811
   46    14     1.10308758
   46    45     0.78353887
   46    47     0.16905387
   46    78    -1.02000953
   47    15     0.81427370
   47    46     0.16905387
   47    48    -0.96342270
   47    79     1.99507274
   48    16     1.62296106
   48    47    -0.96342270
   48    49     0.76762185
   48    80    -0.10744427
   49    17     0.35999080
   49    48     0.76762185
   49    50     0.18316342
   49    81    -0.54590182
   50    18    -0.59150300
   50    49     0.18316342
   50    51     0.42665904
   50    82    -0.89001266
   51    19     0.71807353
   51    50     0.42665904
   51    52    -0.70534554
   51    83    -1.34335104
   52    20     2.99298625
   52    51    -0.70534554
   52    53     0.19037980
   52    84    -0.15659777
   53    21     0.13994756
   53    52     0.19037980
   53    54     0.87094180
   53    85     1.00766068
   54    22    -0.11053460
   54    53     0.87094180
   54    55    -1.20918870
   54    86    -0.46357307
   55    23     0.12922439
   55    54    -1.20918870
   55    56     1.05675945
   55    87     2.04832659
   56    24     0.24868906
   56    55     1.05675945
   56    57    -2.29864019
   56    88    -0.02607703
   57    25    -1.22568174
   57    56    -2.29864019
   57    58    -0.04587162
   57    89    -1.17506541
   58    26     1.39768338
   58    57    -0.04587162
   58    59    -1.25314925
   58    90    -0.32445836
   59    27    -0.79746421
   59    58    -1.25314925
   59    60    -0.77983831
   59    91    -0.03830858
   60    28     1.51793564
   60    59    -0.77983831
   60    61     0.27901500
   60    92     0.17114239
   61    29     1.73021823
   61    60     0.27901500
   61    62     0.44717825
   61    93    -0.53524147
   62    30    -1.62140994
   62    61     0.44717825
   62    63     2.97963490
   62    94    -0.69487273
   63    31    -0.23657108
   63    32    -0.32765598
   63    62     2.97963490
   63    95    -0.85888749
   64    32     0.75206507
   64    65    -0.73798445
   64    95     1.23861558
   64    96    -0.87392227
   65    33     0.25279858
   65    64    -0.73798445
   65    66     0.53025355
   65    97    -1.55914994
   66    34     0.17175456
   66    65     0.53025355
   66    67    -0.81231727
   66    98    -0.20766103
   67    35     0.14628325
   67    66    -0.81231727
   67    68    -1.00526038
   67    99     1.76082230
   68    36     1.92695684
   68    67    -1.00526038
   68    69    -0.14049812
   68   100    -0.66866642
   69    37     1.05504385
   69    68    -0.14049812
   69    70     1.86362529
   69   101     0.50298477
   70    38    -1.85885534
   70    69     1.86362529
   70    71     0.38788458
   70   102     2.32271424
   71    39    -0.92177377
   71    70     0.38788458
   71    72     0.22886486
   71   103    -2.67868557
   72    40     1.54400151
   72    71     0.22886486
   72    73     0.32815843
   72   104    -1.32619696
   73    41     0.49404739
   73    72     0.32815843
   73    74     0.20204573
   73   105    -2.83484040
   74    42    -0.44571009
   74    73     0.20204573
   74    75     0.07685484
   74   106     1.34918643
   75    43     0.54286787
   75    74     0.07685484
   75    76    -0.56191869
   75   107     0.79106043
   76    44    -1.67071136
   76    75    -0.56191869
   76    77     0.99044735
   76   108     0.18046651
   77    45     0.24345811
   77    76     0.99044735
   77    78    -0.26128339
   77   109     0.21034943
   78    46    -1.02000953
   78    77    -0.26128339
   78    79    -0.16698457
   78   110     2.13297529
   79    47     1.99507274
   79    78    -0.16698457
   79    80    -1.46262621
   79   111     1.40026330
   80    48    -0.10744427
   80    79    -1.46262621
   80    81     0.60908347
   80   112     1.35277185
   81    49    -0.54590182
   81    80     0.60908347
   81    82     0.96629720
   81   113     0.76642315
   82    50    -0.89001266
   82    81     0.96629720
   82    83     0.19687152
   82   114     0.25205865
   83    51    -1.34335104
   83    82     0.19687152
   83    84     1.48053000
   83   115    -0.24630316
   84    52    -0.15659777
   84    83     1.48053000
   84    85     0.37418306
   84   116    -0.50009175
   85    53     1.00766068
   85    84     0.37418306
   85    86    -0.01055943
   85   117    -1.03056017
   86    54    -0.46357307
   86    85    -0.01055943
   86    87     0.15153633
   86   118     0.07088922
   87    55     2.04832659
   87    86     0.15153633
   87    88    -1.08267710
   87   119    -0.46697162
   88    56    -0.02607703
   88    87    -1.08267710
   88    89     0.74496817
   88   120     1.64411046
   89    57    -1.17506541
   89    88     0.74496817
   89    90     1.24467388
   89   121    -0.40861716
   90    58    -0.32445836
   90    89     1.24467388
   90    91     0.52755243
   90   122    -0.40623076
   91    59    -0.03830858
   91    90     0.52755243
   91    92     1.89119941
   91   123    -0.23333899
   92    60     0.17114239
   92    91     1.89119941
   92    93    -0.78142883
   92   124    -0.40880317
   93    61    -0.53524147
   93    92    -0.78142883
   93    94    -1.15081303
   93   125     1.56250057
   94    62    -0.69487273
   94    93    -1.15081303
   94    95     1.15163979
   94   126     1.58734635
   95    63    -0.85888749
   95    64     1.23861558
   95    94     1.15163979
   95   127    -0.93624205
   96    64    -0.87392227
   96    97    -0.42060207
   96   127    -0.30742754
   96   128     0.49417051
   97    65    -1.55914994
   97    96    -0.42060207
   97    98    -0.17878682
   97   129    -0.58776809
   98    66    -0.20766103
   98    97    -0.17878682
   98    99     0.10535603
   98   130    -0.54963878
   99    67     1.76082230
   99    98     0.10535603
   99   100     0.86723264
   99   131     0.24976250
  100    68    -0.66866642
  100    99     0.86723264
  100   101     2.10851966
  100   132    -0.07641544
  101    69     0.50298477
  101   100     2.10851966
  101   102     0.57570205
  101   133    -0.25053477
  102    70     2.32271424
  102   101     0.57570205
  102   103    -0.11971267
  102   134     0.31088260
  103    71    -2.67868557
  103   102    -0.11971267
  103   104     0.13588983
  103   135    -2.27702474
  104    72    -1.32619696
  104   103     0.13588983
  104   105     0.27406801
  104   136    -0.24015756
  105    73    -2.83484040
  105   104     0.27406801
  105   106     0.90542769
  105   137    -0.29234165
  106    74     1.34918643
  106   105     0.90542769
  106   107     0.26410750
  106   138    -0.83049417
  107    75     0.79106043
  107   106     0.26410750
  107   108    -0.40244512
  107   139     0.66447965
  108    76     0.18046651
  108   107    -0.40244512
  108   109    -1.28917888
  108   140    -0.09264895
  109    77     0.21034943
  109   108    -1.28917888
  109   110    -0.87845221
  109   141     0.14504887
  110    78     2.13297529
  110   109    -0.87845221
  110   111     0.73803625
  110   142     1.32463352
  111    79     1.40026330
  111   110     0.73803625
  111   112    -0.22972434
  111   143     0.59473766
  112    80     1.35277185
  112   111    -0.22972434
  112   113    -0.46336808
  112   144    -0.42664592
  113    81     0.76642315
  113   112    -0.46336808
  113   114     0.44274061
  113   145    -0.07028421
  114    82     0.25205865
  114   113     0.44274061
  114   115    -0.62873220
  114   146    -0.02873741
  115    83    -0.24630316
  115   114    -0.62873220
  115   116     0.14505659
  115   147    -1.08440314
  116    84    -0.50009175
  116   115     0.14505659
  116   117    -2.06602599
  116   148     0.35663510
  117    85    -1.03056017
  117   116    -2.06602599
  117   118    -0.01172946
  117   149    -2.03502728
  118    86     0.07088922
  118   117    -0.01172946
  118   119     0.23915350
  118   150    -2.19308841
  119    87    -0.46697162
  119   118     0.23915350
  119   120     0.79364016
  119   151    -0.37953953
  120    88     1.64411046
  120   119     0.79364016
  120   121     0.55170334
  120   152    -0.93987268
  121    89    -0.40861716
  121   120     0.55170334
  121   122     0.83303762
  121   153     0.66214252
  122    90    -0.40623076
  122   121     0.83303762
  122   123    -0.04392039
  122   154    -1.24058752
  123    91    -0.23333899
  123   122    -0.04392039
  123   124    -0.39335233
  123   155     1.14528879
  124    92    -0.40880317
  124   123    -0.39335233
  124   125    -0.82933159
  124   156    -0.73249861
  125    93     1.56250057
  125   124    -0.82933159
  125   126    -0.96793300
  125   157    -1.18512367
  126    94     1.58734635
  126   125    -0.96793300
  126   127    -1.00117442
  126   158     0.78039525
  127    95    -0.93624205
  127    96    -0.30742754
  127   126    -1.00117442
  127   159     0.88015792
  128    96     0.49417051
  128   129     0.18426951
  128   159     0.68557509
  128   160    -2.48649372
  129    97    -0.58776809
  129   128     0.18426951
  129   130     0.99987482
  129   161    -0.36274046
  130    98    -0.54963878
  130   129     0.99987482
  130   131     0.31891762
  130   162     0.23032915
  131    99     0.24976250
  131   130     0.31891762
  131   132     0.96281501
  131   163    -0.67064093
  132   100    -0.07641544
  132   131     0.96281501
  132   133    -0.26802518
  132   164     0.54972706
  133   101    -0.25053477
  133   132    -0.26802518
  133   134     0.31445644
  133   165    -0.22017859
  134   102     0.31088260
  134   133     0.31445644
  134   135    -1.05696522
  134   166    -0.74768004
  135   103    -2.27702474
  135   134    -1.05696522
  135   136    -1.78392003
  135   167     0.99729421
  136   104    -0.24015756
  136   135    -1.78392003
  136   137     0.64302989
  136   168     0.57904334
  137   105    -0.29234165
  137   136     0.64302989
  137   138     0.57541904
  137   169    -0.15522895
  138   106    -0.83049417
  138   137     0.57541904
  138   139    -0.80072610
  138   170     0.98401401
  139   107     0.66447965
  139   138    -0.80072610
  139   140     0.28948788
  139   171     0.56135136
  140   108    -0.09264895
  140   139     0.28948788
  140   141     1.56917825
  140   172    -0.19559352
  141   109     0.14504887
  141   140     1.56917825
  141   142    -1.65307566
  141   173    -0.68657390
  142   110     1.32463352
  142   141    -1.65307566
  142   143     0.92287010
  142   174    -0.94431743
  143   111     0.59473766
  143   142     0.92287010
  143   144    -0.11520165
  143   175    -0.33719516
  144   112    -0.42664592
  144   143    -0.11520165
  144   145    -0.67405737
  144   176     0.61905934
  145   113    -0.07028421
  145   144    -0.67405737
  145   146     0.11263472
  145   177    -1.85969603
  146   114    -0.02873741
  146   145     0.11263472
  146   147    -0.87079011
  146   178     1.51376649
  147   115    -1.08440314
  147   146    -0.87079011
  147   148    -0.15352392
  147   179    -1.46757483
  148   116     0.35663510
  148   147    -0.15352392
  148   149     0.76332088
  148   180     0.76996010
  149   117    -2.03502728
  149   148     0.76332088
  149   150    -0.12875175
  149   181     0.37144940
  150   118    -2.19308841
  150   149    -0.12875175
  150   151    -2.13006065
  150   182    -1.75270630
  151   119    -0.37953953
  151   150    -2.13006065
  151   152    -1.28070478
  151   183    -0.33711624
  152   120    -0.93987268
  152   151    -1.28070478
  152   153     0.16399697
  152   184    -0.55821436
  153   121     0.66214252
  153   152     0.16399697
  153   154     1.29960282
  153   185     0.48459506
  154   122    -1.24058752
  154   153     1.29960282
  154   155    -0.41397527
  154   186    -0.18403188
  155   123     1.14528879
  155   154    -0.41397527
  155   156    -0.07191044
  155   187     0.32153036
  156   124    -0.73249861
  156   155    -0.07191044
  156   157    -0.50451008
  156   188     1.33098840
  157   125    -1.18512367
  157   156    -0.50451008
  157   158    -0.05918942
  157   189     0.61212150
  158   126     0.78039525
  158   157    -0.05918942
  158   159     0.08583970
  158   190     0.13995278
  159   127     0.88015792
  159   128     0.68557509
  159   158     0.08583970
  159   191     1.37747426
  160   128    -2.48649372
  160   161    -0.76414893
  160   191    -1.64685717
  160   192     0.22922587
  161   129    -0.36274046
  161   160    -0.76414893
  161   162     1.27546677
  161   193    -0.05560552
  162   130     0.23032915
  162   161     1.27546677
  162   163     0.75577662
  162   194     1.27086146
  163   131    -0.67064093
  163   162     0.75577662
  163   164    -0.27730276
  163   195    -1.42101587
  164   132     0.54972706
  164   163    -0.27730276
  164   165     0.84505447
  164   196     0.45014540
  165   133    -0.22017859
  165   164     0.84505447
  165   166     1.72291546
  165   197    -1.34380770
  166   134    -0.74768004
  166   165     1.72291546
  166   167     1.02552732
  166   198     1.72503983
  167   135     0.99729421
  167   166     1.02552732
  167   168     2.54756796
  167   199     0.53384732
  168   136     0.57904334
  168   167     2.54756796
  168   169     0.79935311
  168   200    -0.18142862
  169   137    -0.15522895
  169   168     0.79935311
  169   170     0.90228466
  169   201     1.48725636
  170   138     0.98401401
  170   169     0.90228466
  170   171    -1.50143685
  170   202     0.45514605
  171   139     0.56135136
  171   170    -1.50143685
  171   172    -0.39574965
  171   203     0.96314836
  172   140    -0.19559352
  172   171    -0.39574965
  172   173     0.62851238
  172   204     0.39374559
  173   141    -0.68657390
  173   172     0.62851238
  173   174    -0.80425814
  173   205    -0.58437298
  174   142    -0.94431743
  174   173    -0.80425814
  174   175    -0.18070563
  174   206    -1.91819120
  175   143    -0.33719516
  175   174    -0.18070563
  175   176    -1.12554214
  175   207    -0.97505804
  176   144     0.61905934
  176   175    -1.12554214
  176   177    -1.57237271
  176   208    -0.35062397
  177   145    -1.85969603
  177   176    -1.57237271
  177   178    -0.67631605
  177   209    -0.90751172
  178   146     1.51376649
  178   177    -0.67631605
  178   179    -0.12900783
  178   210    -0.36776163
  179   147    -1.46757483
  179   178    -0.12900783
  179   180     0.33634225
  179   211     0.91866661
  180   148     0.76996010
  180   179     0.33634225
  180   181    -1.73544760
  180   212    -0.96305567
  181   149     0.37144940
  181   180    -1.73544760
  181   182    -0.75672328
  181   213    -1.07049717
  182   150    -1.75270630
  182   181    -0.75672328
  182   183     1.19658439
  182   214     0.82479945
  183   151    -0.33711624
  183   182     1.19658439
  183   184     0.57279029
  183   215     0.82168716
  184   152    -0.55821436
  184   183     0.57279029
  184   185     0.67348341
  184   216    -0.40670754
  185   153     0.48459506
  185   184     0.67348341
  185   186    -2.44887718
  185   217     0.43676518
  186   154    -0.18403188
  186   185    -2.44887718
  186   187     0.78452971
  186   218    -2.27632777
  187   155     0.32153036
  187   186     0.78452971
  187   188    -1.93202838
  187   219    -1.84013711
  188   156     1.33098840
  188   187    -1.93202838
  188   189    -0.07683723
  188   220    -0.08626699
  189   157     0.61212150
  189   188    -0.07683723
  189   190    -0.07240000
  189   221    -0.25342829
  190   158     0.13995278
  190   189    -0.07240000
  190   191    -0.08724568
  190   222    -1.21792793
  191   159     1.37747426
  191   160    -1.64685717
  191   190    -0.08724568
  191   223    -1.25106474
  192   160     0.22922587
  192   193     0.25042613
  192   223     0.64173465
  192   224     0.43527014
  193   161    -0.05560552
  193   192     0.25042613
  193   194    -0.80621180
  193   225     0.82086501
  194   162     1.27086146
  194   193    -0.80621180
  194   195     2.05608536
  194   226    -0.99637905
  195   163    -1.42101587
  195   194     2.05608536
  195   196     0.45080694
  195   227     1.50428175
  196   164     0.45014540
  196   195     0.45080694
  196   197     0.11002003
  196   228     0.77644356
  197   165    -1.34380770
  197   196     0.11002003
  197   198     0.96124018
  197   229    -0.42121111
  198   166     1.72503983
  198   197     0.96124018
  198   199    -0.93481669
  198   230     1.35513906
  199   167     0.53384732
  199   198    -0.93481669
  199   200    -0.68628255
  199   231    -2.48905914
  200   168    -0.18142862
  200   199    -0.68628255
  200   201    -1.04284356
  200   232     0.37579588
  201   169     1.48725636
  201   200    -1.04284356
  201   202    -0.35538193
  201   233     1.27295495
  202   170     0.45514605
  202   201    -0.35538193
  202   203     1.32812577
  202   234    -2.61581147
  203   171     0.96314836
  203   202     1.32812577
  203   204     1.82718984
  203   235    -0.68188886
  204   172     0.39374559
  204   203     1.82718984
  204   205    -2.31258844
  204   236     1.13618205
  205   173    -0.58437298
  205   204    -2.31258844
  205   206    -0.40651600
  205   237    -0.20936081
  206   174    -1.91819120
  206   205    -0.40651600
  206   207    -0.02500701
  206   238     0.44038392
  207   175    -0.97505804
  207   206    -0.02500701
  207   208     0.90553298
  207   239    -0.57568377
  208   176    -0.35062397
  208   207     0.90553298
  208   209    -0.67145794
  208   240    -1.50517313
  209   177    -0.90751172
  209   208    -0.67145794
  209   210    -1.34115139
  209   241     0.14128649
  210   178    -0.36776163
  210   209    -1.34115139
  210   211    -0.68187201
  210   242     0.56345190
  211   179     0.91866661
  211   210    -0.68187201
  211   212     0.16115498
  211   243    -0.54148265
  212   180    -0.96305567
  212   211     0.16115498
  212   213    -1.09836256
  212   244    -0.53240097
  213   181    -1.07049717
  213   212    -1.09836256
  213   214    -2.40243198
  213   245    -1.33572203
  214   182     0.82479945
  214   213    -2.40243198
  214   215     0.01198649
  214   246     0.33621818
  215   183     0.82168716
  215   214     0.01198649
  215   216    -0.80670001
  215   247    -2.22386062
  216   184    -0.40670754
  216   215    -0.80670001
  216   217     0.48647289
  216   248    -0.54672994
  217   185     0.43676518
  217   216     0.48647289
  217   218     0.45208464
  217   249     1.56513159
  218   186    -2.27632777
  218   217     0.45208464
  218   219     0.34289216
  218   250     0.58308044
  219   187    -1.84013711
  219   218     0.34289216
  219   220     2.34318830
  219   251     0.09655626
  220   188    -0.08626699
  220   219     2.34318830
  220   221     0.88752439
  220   252     0.33623532
  221   189    -0.25342829
  221   220     0.88752439
  221   222     0.17609940
  221   253    -1.43693876
  222   190    -1.21792793
  222   221     0.17609940
  222   223     0.38807287
  222   254     1.13072024
  223   191    -1.25106474
  223   192     0.64173465
  223   222     0.38807287
  223   255    -0.28025346
  224   192     0.43527014
  224   225    -1.81185307
  224   255     1.09058079
  224   256    -2.35759062
  225   193     0.82086501
  225   224    -1.81185307
  225   226     0.77741234
  225   257    -0.10980570
  226   194    -0.99637905
  226   225     0.77741234
  226   227    -0.34983238
  226   258     0.87870245
  227   195     1.50428175
  227   226    -0.34983238
  227   228     0.45114065
  227   259    -0.45950239
  228   196     0.77644356
  228   227     0.45114065
  228   229    -0.08161427
  228   260    -0.78609966
  229   197    -0.42121111
  229   228    -0.08161427
  229   230     1.05905840
  229   261     0.30404071
  230   198     1.35513906
  230   229     1.05905840
  230   231    -0.63244244
  230   262    -0.59468212
  231   199    -2.48905914
  231   230    -0.63244244
  231   232     0.70258130
  231   263    -0.15463834
  232   200     0.37579588
  232   231     0.70258130
  232   233     0.97785753
  232   264     0.51443813
  233   201     1.27295495
  233   232     0.97785753
  233   234    -0.18956208
  233   265    -1.34681118
  234   202    -2.61581147
  234   233    -0.18956208
  234   235    -0.91301687
  234   266     0.14515505
  235   203    -0.68188886
  235   234    -0.91301687
  235   236     0.31284958
  235   267    -0.95358170
  236   204     1.13618205
  236   235     0.31284958
  236   237     0.68470771
  236   268    -0.18667010
  237   205    -0.20936081
  237   236     0.68470771
  237   238    -0.30986055
  237   269     0.79397544
  238   206     0.44038392
  238   237    -0.30986055
  238   239    -1.09448579
  238   270    -0.79247411
  239   207    -0.57568377
  239   238    -1.09448579
  239   240    -0.17825045
  239   271     0.61749873
  240   208    -1.50517313
  240   239    -0.17825045
  240   241    -0.95343471
  240   272     0.32147484
  241   209     0.14128649
  241   240    -0.95343471
  241   242     0.32192667
  241   273     0.05522864
  242   210     0.56345190
  242   241     0.32192667
  242   243    -0.62442010
  242   274    -0.73553961
  243   211    -0.54148265
  243   242    -0.62442010
  243   244     0.02554918
  243   275     0.21744303
  244   212    -0.53240097
  244   243     0.02554918
  244   245     1.34764525
  244   276     0.42140540
  245   213    -1.33572203
  245   244     1.34764525
  245   246    -0.07411914
  245   277    -0.66647575
  246   214     0.33621818
  246   245    -0.07411914
  246   247     0.20069730
  246   278    -0.56076436
  247   215    -2.22386062
  247   246     0.20069730
  247   248    -1.16784452
  247   279    -0.44532884
  248   216    -0.54672994
  248   247    -1.16784452
  248   249     0.55948844
  248   280    -0.56367501
  249   217     1.56513159
  249   248     0.55948844
  249   250    -0.51758146
  249   281    -0.05860610
  250   218     0.58308044
  250   249    -0.51758146
  250   251     1.46351831
  250   282    -0.29986554
  251   219     0.09655626
  251   250     1.46351831
  251   252     0.51592132
  251   283     2.05356705
  252   220     0.33623532
  252   251     0.51592132
  252   253     2.33495510
  252   284    -1.10264077
  253   221    -1.43693876
  253   252     2.33495510
  253   254    -0.53888779
  253   285    -0.18608878
  254   222     1.13072024
  254   253    -0.53888779
  254   255    -2.06186375
  254   286    -1.76793070
  255   223    -0.28025346
  255   224     1.09058079
  255   254    -2.06186375
  255   287     0.90057042
  256   224    -2.35759062
  256   257     0.32506487
  256   287    -0.92610790
  256   288    -1.14853335
  257   225    -0.10980570
  257   256     0.32506487
  257   258    -0.07770319
  257   289    -1.56364390
  258   226     0.87870245
  258   257    -0.07770319
  258   259     0.65762229
  258   290     2.20362786
  259   227    -0.45950239
  259   258     0.65762229
  259   260    -1.10975494
  259   291    -0.75086215
  260   228    -0.78609966
  260   259    -1.10975494
  260   261    -1.75085646
  260   292    -0.92151270
  261   229     0.30404071
  261   260    -1.75085646
  261   262     0.99785484
  261   293    -1.09340714
  262   230    -0.59468212
  262   261     0.99785484
  262   263     0.25718027
  262   294    -0.80480317
  263   231    -0.15463834
  263   262     0.25718027
  263   264     1.91850357
  263   295     0.78007618
  264   232     0.51443813
  264   263     1.91850357
  264   265    -0.90754616
  264   296     0.90707442
  265   233    -1.34681118
  265   264    -0.90754616
  265   266     0.47273555
  265   297     0.61809485
  266   234     0.14515505
  266   265     0.47273555
  266   267     1.16926933
  266   298    -0.54786284
  267   235    -0.95358170
  267   266     1.16926933
  267   268     0.82044680
  267   299    -0.13346479
  268   236    -0.18667010
  268   267     0.82044680
  268   269     1.47242771
  268   300     0.05455474
  269   237     0.79397544
  269   268     1.47242771
  269   270    -0.55271369
  269   301    -0.70540197
  270   238    -0.79247411
  270   269    -0.55271369
  270   271     1.61282526
  270   302     0.29054961
  271   239     0.61749873
  271   270     1.61282526
  271   272     0.52263176
  271   303    -1.49282147
  272   240     0.32147484
  272   271     0.52263176
  272   273    -1.93583065
  272   304     1.00428450
  273   241     0.05522864
  273   272    -1.93583065
  273   274     0.13406366
  273   305    -2.51390738
  274   242    -0.73553961
  274   273     0.13406366
  274   275     0.09558908
  274   306    -0.25211987
  275   243     0.21744303
  275   274     0.09558908
  275   276     1.08530046
  275   307     1.46573667
  276   244     0.42140540
  276   275     1.08530046
  276   277    -0.03768858
  276   308    -2.28279438
  277   245    -0.66647575
  277   276    -0.03768858
  277   278    -2.32027752
  277   309    -0.60267350
  278   246    -0.56076436
  278   277    -2.32027752
  278   279    -0.75807125
  278   310     1.43350546
  279   247    -0.44532884
  279   278    -0.75807125
  279   280     0.52711132
  279   311    -1.62204972
  280   248    -0.56367501
  280   279     0.52711132
  280   281     0.91707757
  280   312    -0.76625861
  281   249    -0.05860610
  281   280     0.91707757
  281   282    -0.25722425
  281   313    -0.97330759
  282   250    -0.29986554
  282   281    -0.25722425
  282   283     1.72531617
  282   314    -1.36111962
  283   251     2.05356705
  283   282     1.72531617
  283   284    -1.19198412
  283   315    -0.16023491
  284   252    -1.10264077
  284   283    -1.19198412
  284   285    -0.16085044
  284   316    -0.81034208
  285   253    -0.18608878
  285   284    -0.16085044
  285   286     0.68030724
  285   317    -1.60444067
  286   254    -1.76793070
  286   285     0.68030724
  286   287    -0.96769241
  286   318    -0.88327482
  287   255     0.90057042
  287   256    -0.92610790
  287   286    -0.96769241
  287   319     1.12557202
  288   256    -1.14853335
  288   289     0.00137731
  288   319     1.50702291
  288   320    -0.27262687
  289   257    -1.56364390
  289   288     0.00137731
  289   290     2.27585255
  289   321    -0.87436005
  290   258     2.20362786
  290   289     2.27585255
  290   291    -0.40858488
  290   322     0.35767453
  291   259    -0.75086215
  291   290    -0.40858488
  291   292    -0.53694901
  291   323     1.93767561
  292   260    -0.92151270
  292   291    -0.53694901
  292   293    -1.99576769
  292   324    -1.11542420
  293   261    -1.09340714
  293   292    -1.99576769
  293   294     0.02269566
  293   325    -0.91077728
  294   262    -0.80480317
  294   293     0.02269566
  294   295     0.63239148
  294   326     0.80758384
  295   263     0.78007618
  295   294     0.63239148
  295   296     0.90294622
  295   327    -1.87855174
  296   264     0.90707442
  296   295     0.90294622
  296   297     1.55955201
  296   328    -0.84317498
  297   265     0.61809485
  297   296     1.55955201
  297   298     0.81029300
  297   329    -0.46291749
  298   266    -0.54786284
  298   297     0.81029300
  298   299     0.46755446
  298   330    -0.43026240
  299   267    -0.13346479
  299   298     0.46755446
  299   300     0.89519330
  299   331     1.18462621
  300   268     0.05455474
  300   299     0.89519330
  300   301     1.85116964
  300   332     0.65870128
  301   269    -0.70540197
  301   300     1.85116964
  301   302    -0.41955909
  301   333    -1.14507646
  302   270     0.29054961
  302   301    -0.41955909
  302   303     1.09179509
  302   334    -0.70342961
  303   271    -1.49282147
  303   302     1.09179509
  303   304    -2.00676043
  303   335     0.05843676
  304   272     1.00428450
  304   303    -2.00676043
  304   305     0.64784522
  304   336     1.09340603
  305   273    -2.51390738
  305   304     0.64784522
  305   306     1.83223717
  305   337     0.15325628
  306   274    -0.25211987
  306   305     1.83223717
  306   307    -1.73440899
  306   338    -0.24038011
  307   275     1.46573667
  307   306    -1.73440899
  307   308     0.31605739
  307   339    -1.33917492
  308   276    -2.28279438
  308   307     0.31605739
  308   309     0.17558447
  308   340    -2.08078613
  309   277    -0.60267350
  309   308     0.17558447
  309   310    -0.56718575
  309   341    -0.70153699
  310   278     1.43350546
  310   309    -0.56718575
  310   311    -0.69791343
  310   342     1.21147014
  311   279    -1.62204972
  311   310    -0.69791343
  311   312     2.34702447
  311   343    -0.94389797
  312   280    -0.76625861
  312   311     2.34702447
  312   313    -1.23343025
  312   344     2.30277097
  313   281    -0.97330759
  313   312    -1.23343025
  313   314    -0.89862063
  313   345    -1.46749832
  314   282    -1.36111962
  314   313    -0.89862063
  314   315    -0.50263972
  314   346    -0.81012423
  315   283    -0.16023491
  315   314    -0.50263972
  315   316    -0.80329289
  315   347     0.18575619
  316   284    -0.81034208
  316   315    -0.80329289
  316   317    -1.41331393
  316   348     0.76003925
  317   285    -1.60444067
  317   316    -1.41331393
  317   318     0.87111740
  317   349     0.04026094
  318   286    -0.88327482
  318   317     0.87111740
  318   319     0.16672581
  318   350    -0.63850821
  319   287     1.12557202
  319   288     1.50702291
  319   318     0.16672581
  319   351    -0.24474037
  320   288    -0.27262687
  320   321     0.75106338
  320   351    -0.22707410
  320   352    -0.47236459
  321   289    -0.87436005
  321   320     0.75106338
  321   322    -0.22523312
  321   353     0.48627237
  322   290     0.35767453
  322   321    -0.22523312
  322   323     1.18421422
  322   354    -0.83053788
  323   291     1.93767561
  323   322     1.18421422
  323   324    -0.49166431
  323   355    -0.72531694
  324   292    -1.11542420
  324   323    -0.49166431
  324   325     0.11856028
  324   356    -1.25934677
  325   293    -0.91077728
  325   324     0.11856028
  325   326    -1.97030779
  325   357    -1.51989116
  326   294     0.80758384
  326   325    -1.97030779
  326   327    -0.88206436
  326   358    -2.40817523
  327   295    -1.87855174
  327   326    -0.88206436
  327   328    -2.06640684
  327   359     0.38858375
  328   296    -0.84317498
  328   327    -2.06640684
  328   329     0.62610962
  328   360    -0.37521731
  329   297    -0.46291749
  329   328     0.62610962
  329   330    -0.62551214
  329   361     1.02390669
  330   298    -0.43026240
  330   329    -0.62551214
  330   331    -0.34502754
  330   362     0.61929985
  331   299     1.18462621
  331   330    -0.34502754
  331   332    -0.02438751
  331   363     2.02023713
  332   300     0.65870128
  332   331    -0.02438751
  332   333     1.07807439
  332   364     0.86447153
  333   301    -1.14507646
  333   332     1.07807439
  333   334    -2.57997142
  333   365    -0.42868283
  334   302    -0.70342961
  334   333    -2.57997142
  334   335     2.04361338
  334   366     0.98867783
  335   303     0.05843676
  335   334     2.04361338
  335   336     1.20129026
  335   367    -1.22347113
  336   304     1.09340603
  336   335     1.20129026
  336   337    -0.76142855
  336   368    -0.22169473
  337   305     0.15325628
  337   336    -0.76142855
  337   338    -2.57881038
  337   369    -0.41538393
  338   306    -0.24038011
  338   337    -2.57881038
  338   339    -0.76120213
  338   370    -0.44539993
  339   307    -1.33917492
  339   338    -0.76120213
  339   340    -1.19355711
  339   371    -0.09698849
  340   308    -2.08078613
  340   339    -1.19355711
  340   341    -1.19823998
  340   372    -0.57320931
  341   309    -0.70153699
  341   340    -1.19823998
  341   342    -0.67181872
  341   373     0.62668837
  342   310     1.21147014
  342   341    -0.67181872
  342   343    -1.51489332
  342   374     1.77073966
  343   311    -0.94389797
  343   342    -1.51489332
  343   344    -1.33351845
  343   375    -1.24827726
  344   312     2.30277097
  344   343    -1.33351845
  344   345    -0.27580552
  344   376    -0.68913306
  345   313    -1.46749832
  345   344    -0.27580552
  345   346    -0.68647608
  345   377     0.85431929
  346   314    -0.81012423
  346   345    -0.68647608
  346   347     1.07982915
  346   378     0.25745831
  347   315     0.18575619
  347   346     1.07982915
  347   348     0.75966699
  347   379     0.92058293
  348   316     0.76003925
  348   347     0.75966699
  348   349    -0.34467649
  348   380    -0.49815274
  349   317     0.04026094
  349   348    -0.34467649
  349   350    -1.17727031
  349   381    -0.96533003
  350   318    -0.63850821
  350   349    -1.17727031
  350   351    -1.41567698
  350   382    -0.79319695
  351   319    -0.24474037
  351   320    -0.22707410
  351   350    -1.41567698
  351   383     1.16375542
  352   320    -0.47236459
  352   353    -0.61201010
  352   383    -0.38260718
  352   384    -0.59443163
  353   321     0.48627237
  353   352    -0.61201010
  353   354    -0.62619163
  353   385    -0.50871540
  354   322    -0.83053788
  354   353    -0.62619163
  354   355    -1.55596727
  354   386     0.54329504
  355   323    -0.72531694
  355   354    -1.55596727
  355   356    -0.99683391
  355   387    -0.10122634
  356   324    -1.25934677
  356   355    -0.99683391
  356   357    -2.24740422
  356   388    -0.11478424
  357   325    -1.51989116
  357   356    -2.24740422
  357   358     0.51199728
  357   389     1.42307393
  358   326    -2.40817523
  358   357     0.51199728
  358   359     1.41864380
  358   390     0.00152748
  359   327     0.38858375
  359   358     1.41864380
  359   360    -1.43372621
  359   391    -0.00458480
  360   328    -0.37521731
  360   359    -1.43372621
  360   361     1.61341940
  360   392     0.27131622
  361   329     1.02390669
  361   360     1.61341940
  361   362     0.70287751
  361   393    -0.63470094
  362   330     0.61929985
  362   361     0.70287751
  362   363    -0.73436427
  362   394    -0.30775474
  363   331     2.02023713
  363   362    -0.73436427
  363   364    -1.04753258
  363   395    -0.28190353
  364   332     0.86447153
  364   363    -1.04753258
  364   365     0.70235934
  364   396    -0.11347974
  365   333    -0.42868283
  365   364     0.70235934
  365   366    -1.04168453
  365   397    -0.76889032
  366   334     0.98867783
  366   365    -1.04168453
  366   367     0.46619936
  366   398     0.35250355
  367   335    -1.22347113
  367   366     0.46619936
  367   368    -0.03814507
  367   399    -1.60265363
  368   336    -0.22169473
  368   367    -0.03814507
  368   369    -1.10735731
  368   400     0.48873933
  369   337    -0.41538393
  369   368    -1.10735731
