#Random lattice graph with connectivity C = 4
#Vertices:	Bonds:
#	1024		2048
    0     1    -0.12936752
    0    31    -1.48739807
    0    32    -0.95741420
    0   992     0.42235890
    1     0    -0.12936752
    1     2    -1.19632467
    1    33    -0.28296640
    1   993    -0.99819756
    2     1    -1.19632467
    2     3    -1.20024186
    2    34     0.41416240
    2   994     0.06325224
    3     2    -1.20024186
    3     4    -0.62210617
    3    35    -0.19578756
    3   995     0.19440287
    4     3    -0.62210617
    4     5    -0.35594333
    4    36     0.44310259
    4   996    -0.50888261
    5     4    -0.35594333
    5     6     0.61601936
    5    37    -1.11856413
    5   997     0.06329454
    6     5     0.61601936
    6     7     0.30308146
    6    38    -0.12985483
    6   998    -1.75610028
    7     6     0.30308146
    7     8     0.44603553
    7    39     0.15352708
    7   999    -0.99497837
    8     7     0.44603553
    8     9     0.42249146
    8    40     0.13664201
    8  1000     1.49363159
    9     8     0.42249146
    9    10    -0.11272218
    9    41    -0.80685529
    9  1001     0.02636495
   10     9    -0.11272218
   10    11     2.32984178
   10    42    -1.58409304
   10  1002     0.79588697
   11    10     2.32984178
   11    12     1.57708492
   11    43     0.40963061
   11  1003     0.83425849
   12    11     1.57708492
   12    13    -0.66275443
   12    44    -0.26979738
   12  1004     1.04150641
   13    12    -0.66275443
   13    14    -1.40832519
   13    45     0.24142377
   13  1005    -0.30073509
   14    13    -1.40832519
   14    15     0.30458897
   14    46    -0.22107841
   14  1006    -0.12971143
   15    14     0.30458897
   15    16     0.25570498
   15    47     0.26571556
   15  1007    -0.28702686
   16    15     0.25570498
   16    17    -1.51922982
   16    48     0.66658441
   16  1008    -0.39279469
   17    16    -1.51922982
   17    18     0.79037374
   17    49     2.08442766
   17  1009     0.62800645
   18    17     0.79037374
   18    19    -0.82740308
   18    50    -1.84334405
   18  1010    -0.54544095
   19    18    -0.82740308
   19    20    -0.55150465
   19    51    -0.53893590
   19  1011     1.70644723
   20    19    -0.55150465
   20    21    -0.25059078
   20    52     1.25340715
   20  1012     0.75105188
   21    20    -0.25059078
   21    22     2.00026817
   21    53     0.37793047
   21  1013    -0.85916746
   22    21     2.00026817
   22    23     0.81046508
   22    54     1.26819618
   22  1014     1.61835402
   23    22     0.81046508
   23    24     0.79490492
   23    55    -1.40896563
   23  1015    -0.96191869
   24    23     0.79490492
   24    25    -0.51378452
   24    56     1.17084518
   24  1016    -0.37798481
   25    24    -0.51378452
   25    26    -1.36618326
   25    57    -0.10357185
   25  1017     0.49715184
   26    25    -1.36618326
   26    27     0.25893202
   26    58     1.39764394
   26  1018     1.35615843
   27    26     0.25893202
   27    28    -0.52046772
   27    59     1.76309494
   27  1019     1.38867545
   28    27    -0.52046772
   28    29     1.69307944
   28    60    -0.74284427
   28  1020    -0.12770127
   29    28     1.69307944
   29    30    -1.78741236
   29    61     0.71052462
   29  1021     0.41498806
   30    29    -1.78741236
   30    31     1.22988820
   30    62     0.41506284
   30  1022     1.20284018
   31     0    -1.48739807
   31    30     1.22988820
   31    63     0.29269770
   31  1023     1.33732266
   32     0    -0.95741420
   32    33    -0.07021414
   32    63    -0.96937669
   32    64    -1.76934831
   33     1    -0.28296640
   33    32    -0.07021414
   33    34     0.43012868
   33    65    -0.52953999
   34     2     0.41416240
   34    33     0.43012868
   34    35     0.35763598
   34    66    -1.47929257
   35     3    -0.19578756
   35    34     0.35763598
   35    36     0.46351494
   35    67     0.55047623
   36     4     0.44310259
   36    35     0.46351494
   36    37    -0.18346306
   36    68     0.29677834
   37     5    -1.11856413
   37    36    -0.18346306
   37    38     0.94716224
   37    69    -0.66416039
   38     6    -0.12985483
   38    37     0.94716224
   38    39     1.07798921
   38    70    -0.27755732
   39     7     0.15352708
   39    38     1.07798921
   39    40     0.59283224
   39    71     1.13753798
   40     8     0.13664201
   40    39     0.59283224
   40    41    -0.86622796
   40    72    -0.53014021
   41     9    -0.80685529
   41    40    -0.86622796
   41    42     0.76250063
   41    73     0.47521005
   42    10    -1.58409304
   42    41     0.76250063
   42    43    -0.29928317
   42    74    -0.62227321
   43    11     0.40963061
   43    42    -0.29928317
   43    44    -0.49171629
   43    75    -0.19768111
   44    12    -0.26979738
   44    43    -0.49171629
   44    45     2.17144832
   44    76    -0.48630765
   45    13     0.24142377
   45    44     2.17144832
   45    46     0.39004443
   45    77    -0.04633966
   46    14    -0.22107841
   46    45     0.39004443
   46    47     1.66430743
   46    78    -1.31297689
   47    15     0.26571556
   47    46     1.66430743
   47    48     0.80883207
   47    79    -0.28599226
   48    16     0.66658441
   48    47     0.80883207
   48    49    -0.61149626
   48    80     0.85241005
   49    17     2.08442766
   49    48    -0.61149626
   49    50    -1.47579432
   49    81     1.54104065
   50    18    -1.84334405
   50    49    -1.47579432
   50    51    -0.63113105
   50    82    -0.78993619
   51    19    -0.53893590
   51    50    -0.63113105
   51    52    -0.40739178
   51    83    -0.02942341
   52    20     1.25340715
   52    51    -0.40739178
   52    53     0.50307095
   52    84    -1.70214098
   53    21     0.37793047
   53    52     0.50307095
   53    54    -0.15455165
   53    85    -1.38524763
   54    22     1.26819618
   54    53    -0.15455165
   54    55     0.04830156
   54    86    -0.36100577
   55    23    -1.40896563
   55    54     0.04830156
   55    56    -1.22261198
   55    87     0.58373636
   56    24     1.17084518
   56    55    -1.22261198
   56    57    -0.10465353
   56    88     2.26597169
   57    25    -0.10357185
   57    56    -0.10465353
   57    58    -0.42429347
   57    89     1.46356278
   58    26     1.39764394
   58    57    -0.42429347
   58    59     0.11193293
   58    90    -0.19649088
   59    27     1.76309494
   59    58     0.11193293
   59    60     0.63459209
   59    91     0.48420428
   60    28    -0.74284427
   60    59     0.63459209
   60    61    -0.71050054
   60    92     0.50405131
   61    29     0.71052462
   61    60    -0.71050054
   61    62     0.91694401
   61    93     0.15910492
   62    30     0.41506284
   62    61     0.91694401
   62    63    -1.76639604
   62    94     1.26527849
   63    31     0.29269770
   63    32    -0.96937669
   63    62    -1.76639604
   63    95     0.02632274
   64    32    -1.76934831
   64    65    -1.56135842
   64    95    -1.49898757
   64    96     0.78720794
   65    33    -0.52953999
   65    64    -1.56135842
   65    66    -0.59992273
   65    97    -0.69667883
   66    34    -1.47929257
   66    65    -0.59992273
   66    67    -1.80489307
   66    98    -0.69976214
   67    35     0.55047623
   67    66    -1.80489307
   67    68     0.21423741
   67    99     1.32466568
   68    36     0.29677834
   68    67     0.21423741
   68    69     0.09945369
   68   100     1.06462833
   69    37    -0.66416039
   69    68     0.09945369
   69    70    -0.65237730
   69   101     1.21749192
   70    38    -0.27755732
   70    69    -0.65237730
   70    71     0.68712588
   70   102    -0.35371402
   71    39     1.13753798
   71    70     0.68712588
   71    72    -0.76190981
   71   103     0.08638485
   72    40    -0.53014021
   72    71    -0.76190981
   72    73     0.75593825
   72   104    -0.72433931
   73    41     0.47521005
   73    72     0.75593825
   73    74     0.47002984
   73   105    -2.76482338
   74    42    -0.62227321
   74    73     0.47002984
   74    75    -0.41804891
   74   106    -0.68102432
   75    43    -0.19768111
   75    74    -0.41804891
   75    76    -0.57381258
   75   107    -0.27216787
   76    44    -0.48630765
   76    75    -0.57381258
   76    77    -0.70700139
   76   108     0.96347033
   77    45    -0.04633966
   77    76    -0.70700139
   77    78    -0.43128820
   77   109     0.44271443
   78    46    -1.31297689
   78    77    -0.43128820
   78    79     0.08007392
   78   110    -0.78507431
   79    47    -0.28599226
   79    78     0.08007392
   79    80     1.07156649
   79   111     0.43350680
   80    48     0.85241005
   80    79     1.07156649
   80    81     0.65074630
   80   112     0.51406123
   81    49     1.54104065
   81    80     0.65074630
   81    82     0.06550956
   81   113    -0.20519756
   82    50    -0.78993619
   82    81     0.06550956
   82    83     0.28346345
   82   114    -1.71934338
   83    51    -0.02942341
   83    82     0.28346345
   83    84    -0.69855895
   83   115    -0.27950977
   84    52    -1.70214098
   84    83    -0.69855895
   84    85     0.74317120
   84   116     0.28282405
   85    53    -1.38524763
   85    84     0.74317120
   85    86    -0.85448606
   85   117     0.83330846
   86    54    -0.36100577
   86    85    -0.85448606
   86    87     0.36710963
   86   118     0.58393788
   87    55     0.58373636
   87    86     0.36710963
   87    88    -1.43517954
   87   119     0.65932762
   88    56     2.26597169
   88    87    -1.43517954
   88    89     1.77652852
   88   120    -0.60090641
   89    57     1.46356278
   89    88     1.77652852
   89    90    -0.64693019
   89   121    -0.45476667
   90    58    -0.19649088
   90    89    -0.64693019
   90    91     0.31837543
   90   122    -1.24710895
   91    59     0.48420428
   91    90     0.31837543
   91    92    -0.30884283
   91   123    -0.20510283
   92    60     0.50405131
   92    91    -0.30884283
   92    93     1.08736916
   92   124    -0.38077263
   93    61     0.15910492
   93    92     1.08736916
   93    94    -2.66571992
   93   125     0.04549843
   94    62     1.26527849
   94    93    -2.66571992
   94    95     0.22988953
   94   126     1.54485909
   95    63     0.02632274
   95    64    -1.49898757
   95    94     0.22988953
   95   127     0.40162739
   96    64     0.78720794
   96    97    -1.26480515
   96   127     0.27005847
   96   128     1.41627450
   97    65    -0.69667883
   97    96    -1.26480515
   97    98    -0.26062353
   97   129    -0.77542167
   98    66    -0.69976214
   98    97    -0.26062353
   98    99    -0.75657854
   98   130     0.71762579
   99    67     1.32466568
   99    98    -0.75657854
   99   100     1.34976506
   99   131    -0.88591005
  100    68     1.06462833
  100    99     1.34976506
  100   101    -0.18800280
  100   132    -0.94994995
  101    69     1.21749192
  101   100    -0.18800280
  101   102    -0.02452168
  101   133     0.46334214
  102    70    -0.35371402
  102   101    -0.02452168
  102   103    -0.19617768
  102   134     0.28210881
  103    71     0.08638485
  103   102    -0.19617768
  103   104     0.17977484
  103   135    -1.87881887
  104    72    -0.72433931
  104   103     0.17977484
  104   105     1.35930710
  104   136     1.66784782
  105    73    -2.76482338
  105   104     1.35930710
  105   106    -1.78386455
  105   137    -1.97083122
  106    74    -0.68102432
  106   105    -1.78386455
  106   107     0.18176486
  106   138    -1.39724150
  107    75    -0.27216787
  107   106     0.18176486
  107   108    -0.03542011
  107   139    -0.37781202
  108    76     0.96347033
  108   107    -0.03542011
  108   109     0.84820389
  108   140     1.32891411
  109    77     0.44271443
  109   108     0.84820389
  109   110     0.74836924
  109   141    -0.04286363
  110    78    -0.78507431
  110   109     0.74836924
  110   111     1.02664783
  110   142    -1.86112213
  111    79     0.43350680
  111   110     1.02664783
  111   112     0.35332735
  111   143     1.57891628
  112    80     0.51406123
  112   111     0.35332735
  112   113    -0.51540493
  112   144     0.09713264
  113    81    -0.20519756
  113   112    -0.51540493
  113   114    -0.82115116
  113   145    -1.39848589
  114    82    -1.71934338
  114   113    -0.82115116
  114   115     0.33167308
  114   146     0.87285221
  115    83    -0.27950977
  115   114     0.33167308
  115   116     2.05321662
  115   147     2.03750460
  116    84     0.28282405
  116   115     2.05321662
  116   117     1.09842718
  116   148     1.50234705
  117    85     0.83330846
  117   116     1.09842718
  117   118    -1.03692738
  117   149    -0.27863985
  118    86     0.58393788
  118   117    -1.03692738
  118   119     0.14495867
  118   150     1.63637750
  119    87     0.65932762
  119   118     0.14495867
  119   120    -0.24427289
  119   151    -1.39972492
  120    88    -0.60090641
  120   119    -0.24427289
  120   121     0.12046162
  120   152    -1.39697434
  121    89    -0.45476667
  121   120     0.12046162
  121   122     0.56526097
  121   153     0.14889252
  122    90    -1.24710895
  122   121     0.56526097
  122   123    -0.12603065
  122   154    -1.28542239
  123    91    -0.20510283
  123   122    -0.12603065
  123   124     0.08489708
  123   155    -1.27978693
  124    92    -0.38077263
  124   123     0.08489708
  124   125     0.14939422
  124   156    -0.97326508
  125    93     0.04549843
  125   124     0.14939422
  125   126    -0.32266120
  125   157     1.96785060
  126    94     1.54485909
  126   125    -0.32266120
  126   127    -0.95698537
  126   158     0.29604358
  127    95     0.40162739
  127    96     0.27005847
  127   126    -0.95698537
  127   159     0.47318686
  128    96     1.41627450
  128   129     0.18005148
  128   159     0.96657949
  128   160     0.78224171
  129    97    -0.77542167
  129   128     0.18005148
  129   130     1.48291529
  129   161    -0.10333496
  130    98     0.71762579
  130   129     1.48291529
  130   131     0.22100969
  130   162     0.56702015
  131    99    -0.88591005
  131   130     0.22100969
  131   132    -0.30952349
  131   163     0.31066962
  132   100    -0.94994995
  132   131    -0.30952349
  132   133     0.88822238
  132   164    -0.14822519
  133   101     0.46334214
  133   132     0.88822238
  133   134     0.76657466
  133   165    -1.57222987
  134   102     0.28210881
  134   133     0.76657466
  134   135     0.01164969
  134   166     1.08899606
  135   103    -1.87881887
  135   134     0.01164969
  135   136     0.41240890
  135   167     1.70527288
  136   104     1.66784782
  136   135     0.41240890
  136   137     0.00401298
  136   168    -0.39457002
  137   105    -1.97083122
  137   136     0.00401298
  137   138    -0.14145779
  137   169    -0.60521424
  138   106    -1.39724150
  138   137    -0.14145779
  138   139     0.62773408
  138   170    -0.24912203
  139   107    -0.37781202
  139   138     0.62773408
  139   140     1.13453682
  139   171    -1.24743881
  140   108     1.32891411
  140   139     1.13453682
  140   141     0.52888690
  140   172    -1.85690909
  141   109    -0.04286363
  141   140     0.52888690
  141   142     0.49607290
  141   173    -1.70730933
  142   110    -1.86112213
  142   141     0.49607290
  142   143     0.72220863
  142   174     1.91297818
  143   111     1.57891628
  143   142     0.72220863
  143   144    -1.76983369
  143   175    -0.32975007
  144   112     0.09713264
  144   143    -1.76983369
  144   145    -0.50763987
  144   176     0.91144903
  145   113    -1.39848589
  145   144    -0.50763987
  145   146    -0.58949475
  145   177    -1.74611834
  146   114     0.87285221
  146   145    -0.58949475
  146   147    -0.75804447
  146   178    -1.41872351
  147   115     2.03750460
  147   146    -0.75804447
  147   148    -1.91107824
  147   179    -0.58381320
  148   116     1.50234705
  148   147    -1.91107824
  148   149     0.12035807
  148   180     0.76983992
  149   117    -0.27863985
  149   148     0.12035807
  149   150     0.91690503
  149   181    -0.26873729
  150   118     1.63637750
  150   149     0.91690503
  150   151    -0.82039298
  150   182     1.47059938
  151   119    -1.39972492
  151   150    -0.82039298
  151   152    -2.00480636
  151   183    -1.67181560
  152   120    -1.39697434
  152   151    -2.00480636
  152   153    -0.85160512
  152   184    -0.05595089
  153   121     0.14889252
  153   152    -0.85160512
  153   154    -0.30178680
  153   185    -0.79892659
  154   122    -1.28542239
  154   153    -0.30178680
  154   155     1.71482038
  154   186     0.82356787
  155   123    -1.27978693
  155   154     1.71482038
  155   156    -0.59295837
  155   187     0.02687484
  156   124    -0.97326508
  156   155    -0.59295837
  156   157    -0.10087522
  156   188     0.56751838
  157   125     1.96785060
  157   156    -0.10087522
  157   158     0.56763449
  157   189     0.65938361
  158   126     0.29604358
  158   157     0.56763449
  158   159    -0.34970626
  158   190    -0.15678264
  159   127     0.47318686
  159   128     0.96657949
  159   158    -0.34970626
  159   191     0.86214274
  160   128     0.78224171
  160   161     0.32358919
  160   191    -2.28065298
  160   192    -0.80828896
  161   129    -0.10333496
  161   160     0.32358919
  161   162    -1.60476057
  161   193     1.10550352
  162   130     0.56702015
  162   161    -1.60476057
  162   163    -0.88201232
  162   194    -1.25451317
  163   131     0.31066962
  163   162    -0.88201232
  163   164     1.48337813
  163   195     2.44084109
  164   132    -0.14822519
  164   163     1.48337813
  164   165    -1.25272824
  164   196     0.70794638
  165   133    -1.57222987
  165   164    -1.25272824
  165   166    -0.17568215
  165   197     2.19678761
  166   134     1.08899606
  166   165    -0.17568215
  166   167    -0.54244876
  166   198     0.11255974
  167   135     1.70527288
  167   166    -0.54244876
  167   168     0.87504601
  167   199     0.43114690
  168   136    -0.39457002
  168   167     0.87504601
  168   169    -0.49908461
  168   200    -0.43901427
  169   137    -0.60521424
  169   168    -0.49908461
  169   170    -1.55486975
  169   201     1.25383330
  170   138    -0.24912203
  170   169    -1.55486975
  170   171    -0.36622364
  170   202     1.71822408
  171   139    -1.24743881
  171   170    -0.36622364
  171   172    -1.64123899
  171   203    -0.09149618
  172   140    -1.85690909
  172   171    -1.64123899
  172   173    -0.59117740
  172   204     1.50514022
  173   141    -1.70730933
  173   172    -0.59117740
  173   174     0.70041317
  173   205    -1.78454139
  174   142     1.91297818
  174   173     0.70041317
  174   175    -1.19631892
  174   206    -0.82360630
  175   143    -0.32975007
  175   174    -1.19631892
  175   176     0.71236437
  175   207     0.79875311
  176   144     0.91144903
  176   175     0.71236437
  176   177     1.01310103
  176   208     1.10680608
  177   145    -1.74611834
  177   176     1.01310103
  177   178     0.62058162
  177   209     0.54191440
  178   146    -1.41872351
  178   177     0.62058162
  178   179     0.12544881
  178   210     0.42311174
  179   147    -0.58381320
  179   178     0.12544881
  179   180     0.75968075
  179   211     0.27111089
  180   148     0.76983992
  180   179     0.75968075
  180   181     1.85918926
  180   212     0.01762317
  181   149    -0.26873729
  181   180     1.85918926
  181   182     0.26292530
  181   213    -1.78601564
  182   150     1.47059938
  182   181     0.26292530
  182   183     0.53274017
  182   214    -0.86882035
  183   151    -1.67181560
  183   182     0.53274017
  183   184    -0.53708344
  183   215     0.61910068
  184   152    -0.05595089
  184   183    -0.53708344
  184   185     1.71493448
  184   216    -0.68028449
  185   153    -0.79892659
  185   184     1.71493448
  185   186    -1.48925477
  185   217     1.61816792
  186   154     0.82356787
  186   185    -1.48925477
  186   187     0.18802974
  186   218     1.18862653
  187   155     0.02687484
  187   186     0.18802974
  187   188    -1.52203356
  187   219    -0.19914323
  188   156     0.56751838
  188   187    -1.52203356
  188   189     1.77202786
  188   220     0.78113653
  189   157     0.65938361
  189   188     1.77202786
  189   190    -0.45661368
  189   221    -1.73140092
  190   158    -0.15678264
  190   189    -0.45661368
  190   191     0.72568706
  190   222     0.47420838
  191   159     0.86214274
  191   160    -2.28065298
  191   190     0.72568706
  191   223     0.87422719
  192   160    -0.80828896
  192   193     0.53863254
  192   223     1.53038499
  192   224    -0.48434871
  193   161     1.10550352
  193   192     0.53863254
  193   194    -1.26552633
  193   225    -1.20468100
  194   162    -1.25451317
  194   193    -1.26552633
  194   195     1.26161084
  194   226     0.71011854
  195   163     2.44084109
  195   194     1.26161084
  195   196     0.42736631
  195   227    -0.34918447
  196   164     0.70794638
  196   195     0.42736631
  196   197     1.30920613
  196   228    -0.95756512
  197   165     2.19678761
  197   196     1.30920613
  197   198    -0.56954376
  197   229    -0.03247072
  198   166     0.11255974
  198   197    -0.56954376
  198   199     0.25812068
  198   230    -0.35278379
  199   167     0.43114690
  199   198     0.25812068
  199   200     0.81516785
  199   231     0.81659941
  200   168    -0.43901427
  200   199     0.81516785
  200   201    -0.40355853
  200   232     0.82893862
  201   169     1.25383330
  201   200    -0.40355853
  201   202    -0.47560284
  201   233    -1.26667845
  202   170     1.71822408
  202   201    -0.47560284
  202   203     0.56137767
  202   234    -0.58678810
  203   171    -0.09149618
  203   202     0.56137767
  203   204    -0.59561595
  203   235    -0.06057327
  204   172     1.50514022
  204   203    -0.59561595
  204   205     0.22615584
  204   236    -1.00206870
  205   173    -1.78454139
  205   204     0.22615584
  205   206    -0.20929804
  205   237     0.55301842
  206   174    -0.82360630
  206   205    -0.20929804
  206   207    -0.90655010
  206   238     0.29252380
  207   175     0.79875311
  207   206    -0.90655010
  207   208    -0.05745914
  207   239    -1.15034922
  208   176     1.10680608
  208   207    -0.05745914
  208   209     0.23667690
  208   240     0.47382722
  209   177     0.54191440
  209   208     0.23667690
  209   210    -0.23535887
  209   241    -0.70372344
  210   178     0.42311174
  210   209    -0.23535887
  210   211     0.12796427
  210   242     0.27234839
  211   179     0.27111089
  211   210     0.12796427
  211   212    -0.51712737
  211   243     1.05662247
  212   180     0.01762317
  212   211    -0.51712737
  212   213    -1.37321392
  212   244     1.31332559
  213   181    -1.78601564
  213   212    -1.37321392
  213   214    -1.10791725
  213   245    -0.79948674
  214   182    -0.86882035
  214   213    -1.10791725
  214   215     0.99430889
  214   246     0.38240591
  215   183     0.61910068
  215   214     0.99430889
  215   216     0.03901655
  215   247    -0.20385622
  216   184    -0.68028449
  216   215     0.03901655
  216   217    -1.22837877
  216   248    -0.80576938
  217   185     1.61816792
  217   216    -1.22837877
  217   218    -1.43743920
  217   249     0.50620810
  218   186     1.18862653
  218   217    -1.43743920
  218   219     1.84887969
  218   250     1.28696067
  219   187    -0.19914323
  219   218     1.84887969
  219   220     0.48992005
  219   251    -1.45641047
  220   188     0.78113653
  220   219     0.48992005
  220   221    -0.85076813
  220   252    -1.17131272
  221   189    -1.73140092
  221   220    -0.85076813
  221   222    -1.32179858
  221   253     0.55919597
  222   190     0.47420838
  222   221    -1.32179858
  222   223     1.11737335
  222   254    -0.61023789
  223   191     0.87422719
  223   192     1.53038499
  223   222     1.11737335
  223   255    -0.42065029
  224   192    -0.48434871
  224   225    -0.71936115
  224   255     0.39021872
  224   256    -0.43821561
  225   193    -1.20468100
  225   224    -0.71936115
  225   226    -0.79156541
  225   257    -1.28797437
  226   194     0.71011854
  226   225    -0.79156541
  226   227    -0.63986057
  226   258     1.02604827
  227   195    -0.34918447
  227   226    -0.63986057
  227   228     0.63481337
  227   259    -0.98643444
  228   196    -0.95756512
  228   227     0.63481337
  228   229     2.60864900
  228   260     0.12029293
  229   197    -0.03247072
  229   228     2.60864900
  229   230    -1.23058574
  229   261     1.44251314
  230   198    -0.35278379
  230   229    -1.23058574
  230   231    -0.11060288
  230   262     1.11850846
  231   199     0.81659941
  231   230    -0.11060288
  231   232    -2.10969312
  231   263    -0.11362795
  232   200     0.82893862
  232   231    -2.10969312
  232   233    -0.38499032
  232   264    -0.10454164
  233   201    -1.26667845
  233   232    -0.38499032
  233   234     0.44384616
  233   265    -0.86081741
  234   202    -0.58678810
  234   233     0.44384616
  234   235    -2.34658534
  234   266     0.97674054
  235   203    -0.06057327
  235   234    -2.34658534
  235   236     0.00489587
  235   267    -0.47272196
  236   204    -1.00206870
  236   235     0.00489587
  236   237     0.69708416
  236   268     0.14290135
  237   205     0.55301842
  237   236     0.69708416
  237   238    -1.09513248
  237   269     0.12870814
  238   206     0.29252380
  238   237    -1.09513248
  238   239     0.79802281
  238   270     0.66339505
  239   207    -1.15034922
  239   238     0.79802281
  239   240     0.60766871
  239   271    -0.99813447
  240   208     0.47382722
  240   239     0.60766871
  240   241     1.08289661
  240   272    -1.22561132
  241   209    -0.70372344
  241   240     1.08289661
  241   242     0.71911086
  241   273     1.78798111
  242   210     0.27234839
  242   241     0.71911086
  242   243     0.54313184
  242   274     1.23293772
  243   211     1.05662247
  243   242     0.54313184
  243   244    -0.27717611
  243   275     0.12503136
  244   212     1.31332559
  244   243    -0.27717611
  244   245     1.94370612
  244   276    -0.07428951
  245   213    -0.79948674
  245   244     1.94370612
  245   246     1.35266545
  245   277    -1.00726249
  246   214     0.38240591
  246   245     1.35266545
  246   247    -0.52947589
  246   278    -0.88806596
  247   215    -0.20385622
  247   246    -0.52947589
  247   248     1.44822485
  247   279     1.07410196
  248   216    -0.80576938
  248   247     1.44822485
  248   249    -1.69790145
  248   280     0.47085473
  249   217     0.50620810
  249   248    -1.69790145
  249   250    -2.04219509
  249   281    -0.17542041
  250   218     1.28696067
  250   249    -2.04219509
  250   251    -0.13773746
  250   282     0.57508748
  251   219    -1.45641047
  251   250    -0.13773746
  251   252    -0.24554841
  251   283     0.06415058
  252   220    -1.17131272
  252   251    -0.24554841
  252   253    -1.74689512
  252   284     0.18478703
  253   221     0.55919597
  253   252    -1.74689512
  253   254     0.14539056
  253   285    -0.48366076
  254   222    -0.61023789
  254   253     0.14539056
  254   255     0.25103748
  254   286    -1.55611217
  255   223    -0.42065029
  255   224     0.39021872
  255   254     0.25103748
  255   287    -0.52418832
  256   224    -0.43821561
  256   257    -0.44811327
  256   287     0.86740099
  256   288     0.11808104
  257   225    -1.28797437
  257   256    -0.44811327
  257   258    -0.50190027
  257   289    -0.84885587
  258   226     1.02604827
  258   257    -0.50190027
  258   259    -0.03410754
  258   290    -0.64293755
  259   227    -0.98643444
  259   258    -0.03410754
  259   260    -1.67292455
  259   291     0.15078438
  260   228     0.12029293
  260   259    -1.67292455
  260   261     1.48631311
  260   292    -0.07507399
  261   229     1.44251314
  261   260     1.48631311
  261   262    -0.40860302
  261   293    -0.68255390
  262   230     1.11850846
  262   261    -0.40860302
  262   263    -0.30711974
  262   294    -1.72203319
  263   231    -0.11362795
  263   262    -0.30711974
  263   264     0.97169771
  263   295    -0.06623194
  264   232    -0.10454164
  264   263     0.97169771
  264   265    -1.18836251
  264   296    -0.47380692
  265   233    -0.86081741
  265   264    -1.18836251
  265   266    -1.98047140
  265   297     1.11508706
  266   234     0.97674054
  266   265    -1.98047140
  266   267     1.38996665
  266   298     0.64037683
  267   235    -0.47272196
  267   266     1.38996665
  267   268     0.33236245
  267   299    -2.21088970
  268   236     0.14290135
  268   267     0.33236245
  268   269    -2.56249989
  268   300     0.08497081
  269   237     0.12870814
  269   268    -2.56249989
  269   270    -0.94640315
  269   301    -0.52465591
  270   238     0.66339505
  270   269    -0.94640315
  270   271     0.33928117
  270   302     0.24080127
  271   239    -0.99813447
  271   270     0.33928117
  271   272     1.41363470
  271   303     0.58215888
  272   240    -1.22561132
  272   271     1.41363470
  272   273     0.45316462
  272   304    -0.31639971
  273   241     1.78798111
  273   272     0.45316462
  273   274    -1.55649738
  273   305    -0.50310722
  274   242     1.23293772
  274   273    -1.55649738
  274   275     0.05392580
  274   306     0.18026109
  275   243     0.12503136
  275   274     0.05392580
  275   276    -1.04010235
  275   307    -0.87850345
  276   244    -0.07428951
  276   275    -1.04010235
  276   277    -1.78626737
  276   308     0.87320798
  277   245    -1.00726249
  277   276    -1.78626737
  277   278    -0.28777162
  277   309     0.67649885
  278   246    -0.88806596
  278   277    -0.28777162
  278   279    -0.13321188
  278   310     2.16139059
  279   247     1.07410196
  279   278    -0.13321188
  279   280    -0.17807799
  279   311     0.83151251
  280   248     0.47085473
  280   279    -0.17807799
  280   281    -1.35835469
  280   312     0.44898567
  281   249    -0.17542041
  281   280    -1.35835469
  281   282    -0.18113615
  281   313    -0.61032186
  282   250     0.57508748
  282   281    -0.18113615
  282   283    -1.31231658
  282   314     0.77045295
  283   251     0.06415058
  283   282    -1.31231658
  283   284    -0.77457700
  283   315    -1.12876962
  284   252     0.18478703
  284   283    -0.77457700
  284   285    -0.34278545
  284   316    -0.99574074
  285   253    -0.48366076
  285   284    -0.34278545
  285   286    -0.44679475
  285   317     2.10848433
  286   254    -1.55611217
  286   285    -0.44679475
  286   287     0.15398250
  286   318    -1.62872061
  287   255    -0.52418832
  287   256     0.86740099
  287   286     0.15398250
  287   319    -0.27428808
  288   256     0.11808104
  288   289     0.91049541
  288   319     0.13115742
  288   320    -0.26833523
  289   257    -0.84885587
  289   288     0.91049541
  289   290    -0.15201549
  289   321    -0.23115409
  290   258    -0.64293755
  290   289    -0.15201549
  290   291    -2.49264901
  290   322    -0.41862779
  291   259     0.15078438
  291   290    -2.49264901
  291   292    -0.70338900
  291   323     1.50510605
  292   260    -0.07507399
  292   291    -0.70338900
  292   293     0.20054875
  292   324    -0.86238774
  293   261    -0.68255390
  293   292     0.20054875
  293   294     1.03493681
  293   325     0.85837235
  294   262    -1.72203319
  294   293     1.03493681
  294   295    -0.25979580
  294   326    -0.47937336
  295   263    -0.06623194
  295   294    -0.25979580
  295   296    -2.70389747
  295   327     0.16769537
  296   264    -0.47380692
  296   295    -2.70389747
  296   297     0.52426634
  296   328     1.03803023
  297   265     1.11508706
  297   296     0.52426634
  297   298    -0.71080535
  297   329    -0.83134587
  298   266     0.64037683
  298   297    -0.71080535
  298   299    -0.41943371
  298   330     0.14280929
  299   267    -2.21088970
  299   298    -0.41943371
  299   300     0.99261243
  299   331     0.97613522
  300   268     0.08497081
  300   299     0.99261243
  300   301     0.04806937
  300   332     0.55900138
  301   269    -0.52465591
  301   300     0.04806937
  301   302     1.39769752
  301   333    -0.61068156
  302   270     0.24080127
  302   301     1.39769752
  302   303    -1.41514113
  302   334    -0.20491836
  303   271     0.58215888
  303   302    -1.41514113
  303   304    -0.58293370
  303   335     1.93154083
  304   272    -0.31639971
  304   303    -0.58293370
  304   305    -0.79956851
  304   336    -0.72233135
  305   273    -0.50310722
  305   304    -0.79956851
  305   306    -0.60482400
  305   337     0.09273290
  306   274     0.18026109
  306   305    -0.60482400
  306   307     0.24087446
  306   338    -2.29485519
  307   275    -0.87850345
  307   306     0.24087446
  307   308     0.72911766
  307   339     0.23383593
  308   276     0.87320798
  308   307     0.72911766
  308   309     0.17364064
  308   340     0.50566871
  309   277     0.67649885
  309   308     0.17364064
  309   310     0.52206918
  309   341     0.51459598
  310   278     2.16139059
  310   309     0.52206918
  310   311     0.23088728
  310   342    -0.36257136
  311   279     0.83151251
  311   310     0.23088728
  311   312     0.78703695
  311   343    -0.61667204
  312   280     0.44898567
  312   311     0.78703695
  312   313    -0.74410895
  312   344     0.43228074
  313   281    -0.61032186
  313   312    -0.74410895
  313   314     0.31179560
  313   345    -1.20795555
  314   282     0.77045295
  314   313     0.31179560
  314   315     0.31552200
  314   346    -0.40786247
  315   283    -1.12876962
  315   314     0.31552200
  315   316    -0.94843796
  315   347     1.81881083
  316   284    -0.99574074
  316   315    -0.94843796
  316   317     0.00336911
  316   348     1.09424175
  317   285     2.10848433
  317   316     0.00336911
  317   318     0.06327827
  317   349     0.74919817
  318   286    -1.62872061
  318   317     0.06327827
  318   319     0.38202918
  318   350    -0.76961960
  319   287    -0.27428808
  319   288     0.13115742
  319   318     0.38202918
  319   351     0.20110466
  320   288    -0.26833523
  320   321    -0.00673215
  320   351     1.40907441
  320   352     0.49562514
  321   289    -0.23115409
  321   320    -0.00673215
  321   322    -0.11996157
  321   353     1.31527963
  322   290    -0.41862779
  322   321    -0.11996157
  322   323    -0.09236411
  322   354     0.52919070
  323   291     1.50510605
  323   322    -0.09236411
  323   324    -0.08333658
  323   355     1.03424071
  324   292    -0.86238774
  324   323    -0.08333658
  324   325     1.13977769
  324   356     1.73867232
  325   293     0.85837235
  325   324     1.13977769
  325   326    -0.24328364
  325   357    -0.50517666
  326   294    -0.47937336
  326   325    -0.24328364
  326   327     0.12111464
  326   358     0.83107457
  327   295     0.16769537
  327   326     0.12111464
  327   328     0.69528308
  327   359     0.49056940
  328   296     1.03803023
  328   327     0.69528308
  328   329     0.59550000
  328   360     0.87494393
  329   297    -0.83134587
  329   328     0.59550000
  329   330    -0.35672920
  329   361     2.20430285
  330   298     0.14280929
  330   329    -0.35672920
  330   331     0.23036377
  330   362    -1.17107535
  331   299     0.97613522
  331   330     0.23036377
  331   332     0.41241048
  331   363     1.27842234
  332   300     0.55900138
  332   331     0.41241048
  332   333     0.31506891
  332   364     0.33455610
  333   301    -0.61068156
  333   332     0.31506891
  333   334    -0.34432776
  333   365    -1.47952055
  334   302    -0.20491836
  334   333    -0.34432776
  334   335    -0.75707731
  334   366    -2.77623754
  335   303     1.93154083
  335   334    -0.75707731
  335   336    -0.40878155
  335   367     0.02230619
  336   304    -0.72233135
  336   335    -0.40878155
  336   337    -1.36266112
  336   368     1.31160669
  337   305     0.09273290
  337   336    -1.36266112
  337   338     0.18816232
  337   369    -0.98819409
  338   306    -2.29485519
  338   337     0.18816232
  338   339    -0.00246600
  338   370     0.27901813
  339   307     0.23383593
  339   338    -0.00246600
  339   340     0.68716448
  339   371     1.07657381
  340   308     0.50566871
  340   339     0.68716448
  340   341    -1.43286019
  340   372     0.68158776
  341   309     0.51459598
  341   340    -1.43286019
  341   342    -0.79745943
  341   373    -1.20031231
  342   310    -0.36257136
  342   341    -0.79745943
  342   343     0.11380016
  342   374    -0.36251994
  343   311    -0.61667204
  343   342     0.11380016
  343   344    -0.23905570
  343   375     0.59526821
  344   312     0.43228074
  344   343    -0.23905570
  344   345     0.26249486
  344   376    -1.48773116
  345   313    -1.20795555
  345   344     0.26249486
  345   346    -0.01790876
  345   377    -0.34274312
  346   314    -0.40786247
  346   345    -0.01790876
  346   347    -0.92104542
  346   378     1.28786872
  347   315     1.81881083
  347   346    -0.92104542
  347   348     0.03025112
  347   379    -1.06513739
  348   316     1.09424175
  348   347     0.03025112
  348   349     1.39286261
  348   380     0.60990826
  349   317     0.74919817
  349   348     1.39286261
  349   350     0.22919848
  349   381     0.70147131
  350   318    -0.76961960
  350   349     0.22919848
  350   351    -0.33223455
  350   382     1.14992179
  351   319     0.20110466
  351   320     1.40907441
  351   350    -0.33223455
  351   383     1.61144788
  352   320     0.49562514
  352   353    -0.06968695
  352   383     2.02105199
  352   384     0.43108196
  353   321     1.31527963
  353   352    -0.06968695
  353   354    -0.78547037
  353   385     1.09188898
  354   322     0.52919070
  354   353    -0.78547037
  354   355     0.20682433
  354   386    -0.81151523
  355   323     1.03424071
  355   354     0.20682433
  355   356    -0.41445725
  355   387     0.26035943
  356   324     1.73867232
  356   355    -0.41445725
  356   357     0.39814936
  356   388     0.51992182
  357   325    -0.50517666
  357   356     0.39814936
  357   358     1.16242871
  357   389    -0.84422585
  358   326     0.83107457
  358   357     1.16242871
  358   359    -0.16039535
  358   390    -0.27034931
  359   327     0.49056940
  359   358    -0.16039535
  359   360    -0.17284144
  359   391    -0.58153922
  360   328     0.87494393
  360   359    -0.17284144
  360   361     0.93485161
  360   392    -1.02266143
  361   329     2.20430285
  361   360     0.93485161
  361   362    -1.20979287
  361   393    -0.68904158
  362   330    -1.17107535
  362   361    -1.20979287
  362   363    -0.38388268
  362   394    -0.45009623
  363   331     1.27842234
  363   362    -0.38388268
  363   364    -0.29683622
  363   395    -0.37070786
  364   332     0.33455610
  364   363    -0.29683622
  364   365     0.78680239
  364   396    -0.68687578
  365   333    -1.47952055
  365   364     0.78680239
  365   366     0.67642918
  365   397     1.37429452
  366   334    -2.77623754
  366   365     0.67642918
  366   367    -1.20935100
  366   398    -0.42998035
  367   335     0.02230619
  367   366    -1.20935100
  367   368     0.02087861
  367   399    -1.48750610
  368   336     1.31160669
  368   367     0.02087861
  368   369     0.07449801
  368   400     0.21256186
  369   337    -0.98819409
  369   368     0.07449801
