#Random lattice graph with connectivity C = 6
#Vertices:	Bonds:
#	1000		3000
    0     1    -1.18464946
    0     9     0.43798873
    0    10    -0.13335007
    0    90    -2.05811567
    0   100     0.73987785
    0   900    -0.00531533
    1     0    -1.18464946
    1     2    -0.36226262
    1    11    -0.04393720
    1    91    -1.02006790
    1   101     1.41302692
    1   901     0.57191132
    2     1    -0.36226262
    2     3    -2.07075492
    2    12     0.02600245
    2    92     2.51432496
    2   102     1.18962594
    2   902     0.17531630
    3     2    -2.07075492
    3     4     1.07223088
    3    13     0.83071957
    3    93    -0.83325829
    3   103    -1.41587574
    3   903     0.67271192
    4     3     1.07223088
    4     5    -0.49400271
    4    14    -1.27472604
    4    94    -0.21485904
    4   104    -2.90751445
    4   904    -0.15465055
    5     4    -0.49400271
    5     6     0.22756783
    5    15     0.19867882
    5    95     0.46704530
    5   105     1.58651121
    5   905    -0.86590854
    6     5     0.22756783
    6     7     1.91614031
    6    16     0.28948551
    6    96     1.82117603
    6   106     0.42491879
    6   906    -0.31036317
    7     6     1.91614031
    7     8     1.24904927
    7    17     0.63735287
    7    97     0.03306772
    7   107    -0.37387266
    7   907    -2.53817383
    8     7     1.24904927
    8     9    -1.10043503
    8    18    -1.24936011
    8    98     1.25603464
    8   108     1.63039977
    8   908     0.62632653
    9     0     0.43798873
    9     8    -1.10043503
    9    19    -1.24132233
    9    99     0.98506714
    9   109    -0.11856267
    9   909    -0.81538866
   10     0    -0.13335007
   10    11     2.00998015
   10    19     0.51299335
   10    20    -0.70888592
   10   110    -1.43469537
   10   910    -0.56095091
   11     1    -0.04393720
   11    10     2.00998015
   11    12     1.31549862
   11    21     0.69215866
   11   111     0.23508455
   11   911     2.16977258
   12     2     0.02600245
   12    11     1.31549862
   12    13     0.01229527
   12    22    -0.03690642
   12   112    -0.63087154
   12   912     0.29421382
   13     3     0.83071957
   13    12     0.01229527
   13    14     0.45699079
   13    23    -1.47042754
   13   113    -2.16012383
   13   913     0.07548429
   14     4    -1.27472604
   14    13     0.45699079
   14    15     0.00063642
   14    24    -0.79136703
   14   114    -0.98290572
   14   914     2.06355234
   15     5     0.19867882
   15    14     0.00063642
   15    16    -0.49011812
   15    25    -1.24388724
   15   115     0.69634530
   15   915    -1.70595554
   16     6     0.28948551
   16    15    -0.49011812
   16    17    -2.41297519
   16    26    -0.97258655
   16   116    -2.12229298
   16   916    -0.41720068
   17     7     0.63735287
   17    16    -2.41297519
   17    18     1.03551828
   17    27     1.77294624
   17   117    -0.03209767
   17   917    -0.68309572
   18     8    -1.24936011
   18    17     1.03551828
   18    19     0.66845646
   18    28    -0.31630444
   18   118     0.64331964
   18   918    -2.47416431
   19     9    -1.24132233
   19    10     0.51299335
   19    18     0.66845646
   19    29    -0.01383200
   19   119    -0.19936274
   19   919     2.74938827
   20    10    -0.70888592
   20    21     0.06665406
   20    29     0.15757519
   20    30    -0.11142155
   20   120     1.60576875
   20   920     0.95771477
   21    11     0.69215866
   21    20     0.06665406
   21    22     1.17958540
   21    31    -0.33208712
   21   121     1.18364112
   21   921     0.88609090
   22    12    -0.03690642
   22    21     1.17958540
   22    23     1.75532400
   22    32    -1.33135378
   22   122    -1.11890257
   22   922     1.06028912
   23    13    -1.47042754
   23    22     1.75532400
   23    24    -2.17082774
   23    33     0.73298891
   23   123     0.16901374
   23   923    -0.58195710
   24    14    -0.79136703
   24    23    -2.17082774
   24    25     1.61838811
   24    34    -0.82059334
   24   124     0.81180909
   24   924    -0.67303565
   25    15    -1.24388724
   25    24     1.61838811
   25    26     0.44028707
   25    35    -0.46313290
   25   125    -1.30564846
   25   925     2.08763090
   26    16    -0.97258655
   26    25     0.44028707
   26    27    -0.78038797
   26    36    -1.78138173
   26   126     0.09952625
   26   926    -1.57740908
   27    17     1.77294624
   27    26    -0.78038797
   27    28     0.19749013
   27    37    -0.12151444
   27   127     1.82250213
   27   927    -0.76482356
   28    18    -0.31630444
   28    27     0.19749013
   28    29    -0.04547007
   28    38     0.14973454
   28   128     0.78120624
   28   928     0.28372847
   29    19    -0.01383200
   29    20     0.15757519
   29    28    -0.04547007
   29    39    -0.31634900
   29   129     3.10456371
   29   929     1.35616681
   30    20    -0.11142155
   30    31    -1.15462902
   30    39    -1.22457351
   30    40    -0.40109338
   30   130    -1.16585141
   30   930    -0.72740480
   31    21    -0.33208712
   31    30    -1.15462902
   31    32     0.34430294
   31    41    -0.09922378
   31   131     1.66014257
   31   931    -0.05942385
   32    22    -1.33135378
   32    31     0.34430294
   32    33     0.73472194
   32    42     1.71893575
   32   132    -1.11892339
   32   932    -1.07721621
   33    23     0.73298891
   33    32     0.73472194
   33    34     0.27492514
   33    43    -0.40851552
   33   133    -0.46276890
   33   933     0.62530608
   34    24    -0.82059334
   34    33     0.27492514
   34    35     0.40609976
   34    44     0.53831768
   34   134     1.13084175
   34   934     0.65590104
   35    25    -0.46313290
   35    34     0.40609976
   35    36     0.97874194
   35    45     1.13627619
   35   135     0.57128976
   35   935    -1.39678704
   36    26    -1.78138173
   36    35     0.97874194
   36    37    -1.56674196
   36    46     0.48795664
   36   136    -1.79436497
   36   936     0.62317308
   37    27    -0.12151444
   37    36    -1.56674196
   37    38    -1.50373288
   37    47    -1.65709351
   37   137     0.21008489
   37   937     1.21659580
   38    28     0.14973454
   38    37    -1.50373288
   38    39    -0.85027318
   38    48     0.43038877
   38   138     0.77013234
   38   938     1.08036441
   39    29    -0.31634900
   39    30    -1.22457351
   39    38    -0.85027318
   39    49     0.15442039
   39   139     0.62418507
   39   939     0.06978225
   40    30    -0.40109338
   40    41     0.11424440
   40    49    -0.75084105
   40    50     0.78888204
   40   140     0.25534333
   40   940    -0.34266070
   41    31    -0.09922378
   41    40     0.11424440
   41    42     0.36847441
   41    51    -1.43823600
   41   141     1.31159392
   41   941    -0.70514215
   42    32     1.71893575
   42    41     0.36847441
   42    43     2.85505753
   42    52    -0.48079021
   42   142    -1.08816657
   42   942    -0.49102022
   43    33    -0.40851552
   43    42     2.85505753
   43    44     1.14442963
   43    53     1.29808886
   43   143     1.04029144
   43   943    -1.24435916
   44    34     0.53831768
   44    43     1.14442963
   44    45     0.71081033
   44    54     0.79764870
   44   144    -0.50205761
   44   944     0.52377316
   45    35     1.13627619
   45    44     0.71081033
   45    46    -0.27873909
   45    55    -1.98779313
   45   145     0.77448710
   45   945     0.67169239
   46    36     0.48795664
   46    45    -0.27873909
   46    47    -0.37076548
   46    56    -0.10072165
   46   146     0.72748762
   46   946     0.16179622
   47    37    -1.65709351
   47    46    -0.37076548
   47    48     0.78994008
   47    57     0.12092365
   47   147    -1.94747131
   47   947    -0.93054203
   48    38     0.43038877
   48    47     0.78994008
   48    49    -0.74905433
   48    58     0.29604894
   48   148     1.12278165
   48   948     0.62638561
   49    39     0.15442039
   49    40    -0.75084105
   49    48    -0.74905433
   49    59     2.30336246
   49   149    -0.53907601
   49   949     1.85499993
   50    40     0.78888204
   50    51     1.25673485
   50    59    -0.36227890
   50    60     0.33548663
   50   150     2.41606083
   50   950    -0.54337660
   51    41    -1.43823600
   51    50     1.25673485
   51    52    -0.79754745
   51    61     0.13239903
   51   151     0.27408520
   51   951    -0.37852488
   52    42    -0.48079021
   52    51    -0.79754745
   52    53    -0.15529496
   52    62     0.78391225
   52   152     2.00768131
   52   952     0.52593527
   53    43     1.29808886
   53    52    -0.15529496
   53    54    -0.43381442
   53    63     1.47136856
   53   153     0.13424856
   53   953    -1.09665566
   54    44     0.79764870
   54    53    -0.43381442
   54    55     0.46470471
   54    64     0.37707672
   54   154    -0.54150917
   54   954     0.25875109
   55    45    -1.98779313
   55    54     0.46470471
   55    56     0.22650960
   55    65    -0.00870491
   55   155    -0.93701023
   55   955     0.58435370
   56    46    -0.10072165
   56    55     0.22650960
   56    57     0.71856037
   56    66    -1.34973195
   56   156    -0.17382077
   56   956     0.09547404
   57    47     0.12092365
   57    56     0.71856037
   57    58    -0.00756480
   57    67     0.82286404
   57   157    -0.94894289
   57   957    -0.81465354
   58    48     0.29604894
   58    57    -0.00756480
   58    59     1.79159249
   58    68     0.37241781
   58   158     0.16487797
   58   958     0.11034865
   59    49     2.30336246
   59    50    -0.36227890
   59    58     1.79159249
   59    69     0.51435382
   59   159    -0.19635257
   59   959     0.58291532
   60    50     0.33548663
   60    61     1.03551377
   60    69    -0.28294010
   60    70    -0.25673112
   60   160    -1.03188835
   60   960     0.66321140
   61    51     0.13239903
   61    60     1.03551377
   61    62    -0.04560569
   61    71    -0.53867527
   61   161     0.94805611
   61   961     1.75567265
   62    52     0.78391225
   62    61    -0.04560569
   62    63    -0.45215218
   62    72     0.41115557
   62   162    -1.78960160
   62   962     0.40246450
   63    53     1.47136856
   63    62    -0.45215218
   63    64    -0.58297820
   63    73    -0.19983157
   63   163     0.37333821
   63   963    -0.55734268
   64    54     0.37707672
   64    63    -0.58297820
   64    65    -1.33581834
   64    74    -1.39174571
   64   164     0.16038227
   64   964    -1.28628789
   65    55    -0.00870491
   65    64    -1.33581834
   65    66     1.48694267
   65    75     1.19280066
   65   165     0.84946173
   65   965     1.36985673
   66    56    -1.34973195
   66    65     1.48694267
   66    67     0.26385002
   66    76    -0.17076743
   66   166    -1.11226899
   66   966     0.71784990
   67    57     0.82286404
   67    66     0.26385002
   67    68     1.26828297
   67    77     4.33185885
   67   167     0.75057931
   67   967    -0.09887542
   68    58     0.37241781
   68    67     1.26828297
   68    69    -1.43079597
   68    78     0.46476221
   68   168     1.43917481
   68   968     0.35898592
   69    59     0.51435382
   69    60    -0.28294010
   69    68    -1.43079597
   69    79    -0.53493352
   69   169     1.02408054
   69   969     0.05620407
   70    60    -0.25673112
   70    71    -1.07684494
   70    79    -0.08720876
   70    80     0.66118810
   70   170    -0.17110234
   70   970     0.66835624
   71    61    -0.53867527
   71    70    -1.07684494
   71    72     2.25910844
   71    81    -0.26987791
   71   171     0.52497511
   71   971    -0.40148001
   72    62     0.41115557
   72    71     2.25910844
   72    73    -0.47814000
   72    82     1.42802430
   72   172    -0.94143227
   72   972    -1.07985298
   73    63    -0.19983157
   73    72    -0.47814000
   73    74    -1.11788300
   73    83     0.17119727
   73   173     1.33095546
   73   973    -0.28996207
   74    64    -1.39174571
   74    73    -1.11788300
   74    75    -0.44912034
   74    84     0.22481647
   74   174     3.32428171
   74   974     2.13187561
   75    65     1.19280066
   75    74    -0.44912034
   75    76    -0.03164608
   75    85    -1.29500160
   75   175     0.48952610
   75   975    -0.09306780
   76    66    -0.17076743
   76    75    -0.03164608
   76    77    -0.18369243
   76    86     1.03557910
   76   176     1.53915509
   76   976     0.30331483
   77    67     4.33185885
   77    76    -0.18369243
   77    78    -0.14573188
   77    87    -0.08109210
   77   177     1.54382878
   77   977    -0.89731170
   78    68     0.46476221
   78    77    -0.14573188
   78    79     0.77073032
   78    88    -0.73402051
   78   178     0.50167071
   78   978     0.17835272
   79    69    -0.53493352
   79    70    -0.08720876
   79    78     0.77073032
   79    89     0.68716109
   79   179     0.04375482
   79   979     0.93551011
   80    70     0.66118810
   80    81     0.21556205
   80    89    -1.16908378
   80    90    -0.51839287
   80   180     0.33110980
   80   980     1.69549049
   81    71    -0.26987791
   81    80     0.21556205
   81    82    -1.34051336
   81    91     0.02858753
   81   181    -0.67528260
   81   981    -0.24966446
   82    72     1.42802430
   82    81    -1.34051336
   82    83     1.11459368
   82    92     1.19055745
   82   182     1.02853805
   82   982     0.03903902
   83    73     0.17119727
   83    82     1.11459368
   83    84    -0.04301617
   83    93     1.22962438
   83   183    -0.09099107
   83   983    -1.91999743
   84    74     0.22481647
   84    83    -0.04301617
   84    85    -3.13985957
   84    94    -0.57035137
   84   184    -0.71370420
   84   984    -0.03846862
   85    75    -1.29500160
   85    84    -3.13985957
   85    86     0.39500025
   85    95     0.02900541
   85   185    -0.06524489
   85   985    -0.22017465
   86    76     1.03557910
   86    85     0.39500025
   86    87    -0.64836924
   86    96    -1.04877041
   86   186    -0.12599166
   86   986     0.00401407
   87    77    -0.08109210
   87    86    -0.64836924
   87    88     1.73340978
   87    97    -1.18586296
   87   187    -0.43557407
   87   987     0.99705703
   88    78    -0.73402051
   88    87     1.73340978
   88    89    -1.90858877
   88    98     1.58770862
   88   188     1.10701196
   88   988    -0.19995384
   89    79     0.68716109
   89    80    -1.16908378
   89    88    -1.90858877
   89    99     1.25801561
   89   189    -1.40295464
   89   989     0.54354719
   90     0    -2.05811567
   90    80    -0.51839287
   90    91    -1.39703173
   90    99    -1.52172214
   90   190    -1.00171720
   90   990    -0.23410352
   91     1    -1.02006790
   91    81     0.02858753
   91    90    -1.39703173
   91    92    -1.25820852
   91   191     0.61881734
   91   991    -0.49029613
   92     2     2.51432496
   92    82     1.19055745
   92    91    -1.25820852
   92    93    -0.52996777
   92   192    -0.72696612
   92   992    -1.48890888
   93     3    -0.83325829
   93    83     1.22962438
   93    92    -0.52996777
   93    94     0.75031706
   93   193     1.04863664
   93   993     1.30913141
   94     4    -0.21485904
   94    84    -0.57035137
   94    93     0.75031706
   94    95     0.96825181
   94   194     0.95495690
   94   994     1.11225652
   95     5     0.46704530
   95    85     0.02900541
   95    94     0.96825181
   95    96    -0.24641433
   95   195    -0.66683641
   95   995     0.56074262
   96     6     1.82117603
   96    86    -1.04877041
   96    95    -0.24641433
   96    97     0.62575006
   96   196     0.12954995
   96   996    -1.33756445
   97     7     0.03306772
   97    87    -1.18586296
   97    96     0.62575006
   97    98     1.05036171
   97   197     0.03190002
   97   997    -0.22306221
   98     8     1.25603464
   98    88     1.58770862
   98    97     1.05036171
   98    99     1.67735107
   98   198    -0.43814983
   98   998     1.64598190
   99     9     0.98506714
   99    89     1.25801561
   99    90    -1.52172214
   99    98     1.67735107
   99   199    -0.35167278
   99   999     0.18163426
  100     0     0.73987785
  100   101     0.67492702
  100   109    -0.53869962
  100   110    -0.95674055
  100   190     1.65172444
  100   200     0.44382281
  101     1     1.41302692
  101   100     0.67492702
  101   102    -0.84354891
  101   111    -1.06000033
  101   191     0.45456282
  101   201    -0.67744691
  102     2     1.18962594
  102   101    -0.84354891
  102   103    -0.26199230
  102   112     0.32481308
  102   192    -0.22003604
  102   202    -1.37661218
  103     3    -1.41587574
  103   102    -0.26199230
  103   104     1.88058908
  103   113     0.47281700
  103   193     0.08262456
  103   203    -1.75428036
  104     4    -2.90751445
  104   103     1.88058908
  104   105    -0.84071600
  104   114     1.00604181
  104   194     1.29614624
  104   204    -0.61694180
  105     5     1.58651121
  105   104    -0.84071600
  105   106    -0.22977446
  105   115    -0.90084689
  105   195    -1.44024650
  105   205     1.55374436
  106     6     0.42491879
  106   105    -0.22977446
  106   107     0.04546091
  106   116     0.97076994
  106   196     0.46095030
  106   206     0.13345729
  107     7    -0.37387266
  107   106     0.04546091
  107   108     1.13150567
  107   117     0.82900319
  107   197    -0.15779519
  107   207    -0.13791789
  108     8     1.63039977
  108   107     1.13150567
  108   109     0.13036658
  108   118     0.75209525
  108   198     0.33603683
  108   208    -1.19097183
  109     9    -0.11856267
  109   100    -0.53869962
  109   108     0.13036658
  109   119    -0.96915601
  109   199    -0.10608711
  109   209    -0.05133201
  110    10    -1.43469537
  110   100    -0.95674055
  110   111     0.62414934
  110   119    -1.54056546
  110   120     0.10720961
  110   210    -0.18130990
  111    11     0.23508455
  111   101    -1.06000033
  111   110     0.62414934
  111   112     0.23216010
  111   121    -1.82226297
  111   211     0.16834858
  112    12    -0.63087154
  112   102     0.32481308
  112   111     0.23216010
  112   113     1.05769607
  112   122     0.23154699
  112   212    -1.52095054
  113    13    -2.16012383
  113   103     0.47281700
  113   112     1.05769607
  113   114    -0.85334249
  113   123     0.33792007
  113   213     0.54055380
  114    14    -0.98290572
  114   104     1.00604181
  114   113    -0.85334249
  114   115    -0.17086845
  114   124     0.38668465
  114   214     0.10753865
  115    15     0.69634530
  115   105    -0.90084689
  115   114    -0.17086845
  115   116    -0.51174688
  115   125    -0.59523115
  115   215     0.76302693
  116    16    -2.12229298
  116   106     0.97076994
  116   115    -0.51174688
  116   117     0.02590446
  116   126     0.05055939
  116   216    -0.06963063
  117    17    -0.03209767
  117   107     0.82900319
  117   116     0.02590446
  117   118     1.22642767
  117   127     0.92395067
  117   217     1.95863968
  118    18     0.64331964
  118   108     0.75209525
  118   117     1.22642767
  118   119    -0.97184421
  118   128    -1.94378252
  118   218     0.64793960
  119    19    -0.19936274
  119   109    -0.96915601
  119   110    -1.54056546
  119   118    -0.97184421
  119   129    -0.07623905
  119   219     2.76053053
  120    20     1.60576875
  120   110     0.10720961
  120   121    -0.04261370
  120   129     1.18211454
  120   130     0.99996983
  120   220    -0.67908473
  121    21     1.18364112
  121   111    -1.82226297
  121   120    -0.04261370
  121   122    -0.15233142
  121   131     0.21282148
  121   221     2.05417882
  122    22    -1.11890257
  122   112     0.23154699
  122   121    -0.15233142
  122   123     1.38381222
  122   132     0.87161151
  122   222    -0.84502080
  123    23     0.16901374
  123   113     0.33792007
  123   122     1.38381222
  123   124    -0.91166489
  123   133    -0.43528142
  123   223     0.74409136
  124    24     0.81180909
  124   114     0.38668465
  124   123    -0.91166489
  124   125     0.27616948
  124   134    -1.18189812
  124   224     0.17625842
  125    25    -1.30564846
  125   115    -0.59523115
  125   124     0.27616948
  125   126    -0.79372429
  125   135    -0.58548842
  125   225     0.64284358
  126    26     0.09952625
  126   116     0.05055939
  126   125    -0.79372429
  126   127     0.14388216
  126   136     0.16556071
  126   226     0.98986624
  127    27     1.82250213
  127   117     0.92395067
  127   126     0.14388216
  127   128     0.71024525
  127   137     1.06509031
  127   227     0.15765060
  128    28     0.78120624
  128   118    -1.94378252
  128   127     0.71024525
  128   129    -0.41959317
  128   138    -0.03601419
  128   228    -0.58164459
  129    29     3.10456371
  129   119    -0.07623905
  129   120     1.18211454
  129   128    -0.41959317
  129   139     0.11788624
  129   229     0.17522374
  130    30    -1.16585141
  130   120     0.99996983
  130   131    -0.44081935
  130   139    -0.17117007
  130   140    -0.39463278
  130   230     2.12696212
  131    31     1.66014257
  131   121     0.21282148
  131   130    -0.44081935
  131   132    -0.76155581
  131   141    -1.40567332
  131   231     0.74703793
  132    32    -1.11892339
  132   122     0.87161151
  132   131    -0.76155581
  132   133    -0.78701390
  132   142    -0.86650718
  132   232    -0.01948668
  133    33    -0.46276890
  133   123    -0.43528142
  133   132    -0.78701390
  133   134    -0.86152403
  133   143     1.41386207
  133   233    -0.20031069
  134    34     1.13084175
  134   124    -1.18189812
  134   133    -0.86152403
  134   135    -1.14959072
  134   144     0.27653962
  134   234     1.65174365
  135    35     0.57128976
  135   125    -0.58548842
  135   134    -1.14959072
  135   136    -0.52823333
  135   145     0.61326796
  135   235     0.44286333
  136    36    -1.79436497
  136   126     0.16556071
  136   135    -0.52823333
  136   137    -0.34936116
  136   146     0.25210477
  136   236    -0.20780479
  137    37     0.21008489
  137   127     1.06509031
  137   136    -0.34936116
  137   138    -0.56874269
  137   147    -1.44945244
  137   237     1.10967878
  138    38     0.77013234
  138   128    -0.03601419
  138   137    -0.56874269
  138   139     0.46896714
  138   148     0.60691522
  138   238     0.22291332
  139    39     0.62418507
  139   129     0.11788624
  139   130    -0.17117007
  139   138     0.46896714
  139   149     1.63183557
  139   239     0.52725778
  140    40     0.25534333
  140   130    -0.39463278
  140   141     1.68741335
  140   149    -1.02173718
  140   150    -0.31526139
  140   240    -0.39641855
  141    41     1.31159392
  141   131    -1.40567332
  141   140     1.68741335
  141   142     0.68966312
  141   151    -0.34653727
  141   241    -1.27078784
  142    42    -1.08816657
  142   132    -0.86650718
  142   141     0.68966312
  142   143    -0.45987141
  142   152     0.10719600
  142   242     0.06368488
  143    43     1.04029144
  143   133     1.41386207
  143   142    -0.45987141
  143   144    -0.86891046
  143   153     0.81555847
  143   243    -0.51364118
  144    44    -0.50205761
  144   134     0.27653962
  144   143    -0.86891046
  144   145     0.22857236
  144   154    -1.26435826
  144   244    -0.98554746
  145    45     0.77448710
  145   135     0.61326796
  145   144     0.22857236
  145   146    -0.08008081
  145   155    -0.47275354
  145   245    -0.70535304
  146    46     0.72748762
  146   136     0.25210477
  146   145    -0.08008081
  146   147    -0.43447810
  146   156     0.29465015
  146   246    -0.40113129
  147    47    -1.94747131
  147   137    -1.44945244
  147   146    -0.43447810
  147   148    -1.42158417
  147   157    -0.33595219
  147   247     1.89030639
  148    48     1.12278165
  148   138     0.60691522
  148   147    -1.42158417
  148   149    -0.47502611
  148   158     0.83635727
  148   248    -1.24084328
  149    49    -0.53907601
  149   139     1.63183557
  149   140    -1.02173718
  149   148    -0.47502611
  149   159    -1.27593949
  149   249     1.16224239
  150    50     2.41606083
  150   140    -0.31526139
  150   151    -0.78991801
  150   159     1.32179423
  150   160    -1.14202362
  150   250    -0.66858394
  151    51     0.27408520
  151   141    -0.34653727
  151   150    -0.78991801
  151   152     1.18893141
  151   161     1.60801712
  151   251    -0.34024169
  152    52     2.00768131
  152   142     0.10719600
  152   151     1.18893141
  152   153     1.19870384
  152   162     0.40144592
  152   252    -0.07402637
  153    53     0.13424856
  153   143     0.81555847
  153   152     1.19870384
  153   154     0.28300481
  153   163     0.20353331
  153   253     1.17893596
  154    54    -0.54150917
  154   144    -1.26435826
  154   153     0.28300481
  154   155     0.46722022
  154   164     0.25657993
  154   254     0.31250598
  155    55    -0.93701023
  155   145    -0.47275354
  155   154     0.46722022
  155   156     0.14096933
  155   165     0.12175563
  155   255     1.92035991
  156    56    -0.17382077
  156   146     0.29465015
  156   155     0.14096933
  156   157     1.70198078
  156   166     0.45499288
  156   256     0.94184825
  157    57    -0.94894289
  157   147    -0.33595219
  157   156     1.70198078
  157   158    -0.00008906
  157   167    -0.42879719
  157   257     1.27624620
  158    58     0.16487797
  158   148     0.83635727
  158   157    -0.00008906
  158   159    -0.81114876
  158   168    -1.30982342
  158   258    -1.10954522
  159    59    -0.19635257
  159   149    -1.27593949
  159   150     1.32179423
  159   158    -0.81114876
  159   169    -0.01063782
  159   259     0.96163446
  160    60    -1.03188835
  160   150    -1.14202362
  160   161    -0.37695972
  160   169     0.12356298
  160   170     0.12497818
  160   260    -0.56611982
  161    61     0.94805611
  161   151     1.60801712
  161   160    -0.37695972
  161   162    -0.79238833
  161   171    -1.04826174
  161   261    -0.72757240
  162    62    -1.78960160
  162   152     0.40144592
  162   161    -0.79238833
  162   163     2.49930469
  162   172    -0.45584882
  162   262    -0.54993402
  163    63     0.37333821
  163   153     0.20353331
  163   162     2.49930469
  163   164    -1.08526877
  163   173    -0.56912830
  163   263     0.90556368
  164    64     0.16038227
  164   154     0.25657993
  164   163    -1.08526877
  164   165     0.90968556
  164   174     0.75584051
  164   264    -0.02971572
  165    65     0.84946173
  165   155     0.12175563
  165   164     0.90968556
  165   166    -0.85121996
  165   175    -0.39006479
  165   265    -0.71271347
  166    66    -1.11226899
  166   156     0.45499288
  166   165    -0.85121996
  166   167    -0.60604980
  166   176    -0.16004951
  166   266     0.15254629
  167    67     0.75057931
  167   157    -0.42879719
  167   166    -0.60604980
  167   168     0.47233003
  167   177     0.58612342
  167   267     1.39277390
  168    68     1.43917481
  168   158    -1.30982342
  168   167     0.47233003
  168   169    -1.21545889
  168   178    -0.25042630
  168   268    -0.49492675
  169    69     1.02408054
  169   159    -0.01063782
  169   160     0.12356298
  169   168    -1.21545889
  169   179    -0.42357148
  169   269    -0.02047202
  170    70    -0.17110234
  170   160     0.12497818
  170   171    -1.01637110
  170   179     0.59026995
  170   180    -1.73812022
  170   270    -1.20531290
  171    71     0.52497511
  171   161    -1.04826174
  171   170    -1.01637110
  171   172    -0.72506008
  171   181     0.01389699
  171   271    -0.45658766
  172    72    -0.94143227
  172   162    -0.45584882
  172   171    -0.72506008
  172   173    -0.52138540
  172   182    -0.22985018
  172   272    -2.16742610
  173    73     1.33095546
  173   163    -0.56912830
  173   172    -0.52138540
  173   174    -1.29618477
  173   183     1.47345975
  173   273     1.01296079
  174    74     3.32428171
  174   164     0.75584051
  174   173    -1.29618477
  174   175    -2.09362927
  174   184    -0.35138710
  174   274     1.32416055
  175    75     0.48952610
  175   165    -0.39006479
  175   174    -2.09362927
  175   176     0.28693401
  175   185     0.94889438
  175   275     0.12815396
  176    76     1.53915509
  176   166    -0.16004951
  176   175     0.28693401
  176   177    -0.88889853
  176   186     1.06133433
  176   276    -0.25873278
  177    77     1.54382878
  177   167     0.58612342
  177   176    -0.88889853
  177   178    -0.47822070
  177   187    -0.54995357
  177   277    -0.12063378
  178    78     0.50167071
  178   168    -0.25042630
  178   177    -0.47822070
  178   179     1.64983420
  178   188    -0.40401495
  178   278     0.74927844
  179    79     0.04375482
  179   169    -0.42357148
  179   170     0.59026995
  179   178     1.64983420
  179   189    -1.28337025
  179   279    -0.38646981
  180    80     0.33110980
  180   170    -1.73812022
  180   181    -0.18128016
  180   189     1.93398664
  180   190    -0.60283498
  180   280     0.52896076
  181    81    -0.67528260
  181   171     0.01389699
  181   180    -0.18128016
  181   182     0.62466359
  181   191     0.38186584
  181   281    -1.47086530
  182    82     1.02853805
  182   172    -0.22985018
  182   181     0.62466359
  182   183     0.46353845
  182   192     0.06909017
  182   282    -0.33275854
  183    83    -0.09099107
  183   173     1.47345975
  183   182     0.46353845
  183   184    -0.84092601
  183   193     0.33715264
  183   283    -1.06239551
  184    84    -0.71370420
  184   174    -0.35138710
  184   183    -0.84092601
  184   185    -0.23010216
  184   194    -0.98048619
  184   284     1.35209895
  185    85    -0.06524489
  185   175     0.94889438
  185   184    -0.23010216
  185   186    -1.26174092
  185   195     1.07467747
  185   285    -2.79416403
  186    86    -0.12599166
  186   176     1.06133433
  186   185    -1.26174092
  186   187    -0.99269214
  186   196    -0.35462058
  186   286    -0.73455141
  187    87    -0.43557407
  187   177    -0.54995357
  187   186    -0.99269214
  187   188    -0.15772037
  187   197    -0.80453355
  187   287    -0.26067744
  188    88     1.10701196
  188   178    -0.40401495
  188   187    -0.15772037
  188   189    -0.61295087
  188   198    -0.09453309
  188   288    -0.99003086
  189    89    -1.40295464
  189   179    -1.28337025
  189   180     1.93398664
  189   188    -0.61295087
  189   199     0.32368290
  189   289     1.00004243
  190    90    -1.00171720
  190   100     1.65172444
  190   180    -0.60283498
  190   191     0.71745982
  190   199    -0.76117095
  190   290    -0.35668980
  191    91     0.61881734
  191   101     0.45456282
  191   181     0.38186584
  191   190     0.71745982
  191   192     1.38228601
  191   291     0.20526677
  192    92    -0.72696612
  192   102    -0.22003604
  192   182     0.06909017
  192   191     1.38228601
  192   193    -1.00826125
  192   292     0.57078133
  193    93     1.04863664
  193   103     0.08262456
  193   183     0.33715264
  193   192    -1.00826125
  193   194     2.39928071
  193   293    -0.41732200
  194    94     0.95495690
  194   104     1.29614624
  194   184    -0.98048619
  194   193     2.39928071
  194   195     1.28382808
  194   294    -1.75107246
  195    95    -0.66683641
  195   105    -1.44024650
  195   185     1.07467747
  195   194     1.28382808
  195   196     0.34551806
  195   295     1.57802064
  196    96     0.12954995
  196   106     0.46095030
  196   186    -0.35462058
  196   195     0.34551806
  196   197    -0.04176042
  196   296    -0.00986422
  197    97     0.03190002
  197   107    -0.15779519
  197   187    -0.80453355
  197   196    -0.04176042
  197   198     0.16551507
  197   297    -0.06686281
  198    98    -0.43814983
  198   108     0.33603683
  198   188    -0.09453309
  198   197     0.16551507
  198   199    -0.20390696
  198   298     1.45616628
  199    99    -0.35167278
  199   109    -0.10608711
  199   189     0.32368290
  199   190    -0.76117095
  199   198    -0.20390696
  199   299     0.03288301
  200   100     0.44382281
  200   201    -1.47321538
  200   209    -1.54627487
  200   210    -0.67584958
  200   290    -0.99054472
  200   300    -1.68344608
  201   101    -0.67744691
  201   200    -1.47321538
  201   202    -0.05330981
  201   211     0.39950735
  201   291    -0.06409210
  201   301    -0.02479138
  202   102    -1.37661218
  202   201    -0.05330981
  202   203     0.63335072
  202   212     1.79693069
  202   292     0.77363815
  202   302    -0.05121994
  203   103    -1.75428036
  203   202     0.63335072
  203   204     0.73016859
  203   213     0.11334537
  203   293     0.46068564
  203   303    -0.57433747
  204   104    -0.61694180
  204   203     0.73016859
  204   205    -0.24694387
  204   214     0.68519628
  204   294     0.19243124
  204   304    -0.06642218
  205   105     1.55374436
  205   204    -0.24694387
  205   206    -0.50909959
  205   215     0.94335264
  205   295     0.10008529
  205   305    -0.34288517
  206   106     0.13345729
  206   205    -0.50909959
  206   207     0.36756731
  206   216     0.50156332
  206   296     1.52064191
  206   306     1.11774675
  207   107    -0.13791789
  207   206     0.36756731
  207   208     0.00101454
  207   217    -0.41866203
  207   297     1.67512272
  207   307     0.50616891
  208   108    -1.19097183
  208   207     0.00101454
  208   209     1.76570167
  208   218    -0.56536102
  208   298    -0.61987102
  208   308    -0.05595473
  209   109    -0.05133201
  209   200    -1.54627487
  209   208     1.76570167
  209   219    -0.13734001
  209   299     0.19556314
  209   309    -0.54271072
  210   110    -0.18130990
  210   200    -0.67584958
  210   211     0.73287660
  210   219     0.31529053
  210   220    -0.89017375
  210   310    -1.15361826
  211   111     0.16834858
  211   201     0.39950735
  211   210     0.73287660
  211   212     0.15643957
  211   221    -1.51358866
  211   311    -0.76518985
  212   112    -1.52095054
  212   202     1.79693069
  212   211     0.15643957
  212   213    -0.55674253
  212   222    -0.64216549
  212   312     0.92587754
  213   113     0.54055380
  213   203     0.11334537
  213   212    -0.55674253
  213   214    -1.01353420
  213   223     0.26041270
  213   313     1.87692125
  214   114     0.10753865
  214   204     0.68519628
  214   213    -1.01353420
  214   215    -0.08098904
  214   224    -0.35878163
  214   314     0.70625063
  215   115     0.76302693
  215   205     0.94335264
  215   214    -0.08098904
  215   216     0.65815672
  215   225     1.87135852
  215   315    -0.73520945
  216   116    -0.06963063
  216   206     0.50156332
  216   215     0.65815672
  216   217    -1.50699692
  216   226    -0.86002428
  216   316    -0.36020053
  217   117     1.95863968
  217   207    -0.41866203
  217   216    -1.50699692
  217   218    -0.17801438
  217   227    -1.71584685
  217   317    -1.24260472
  218   118     0.64793960
  218   208    -0.56536102
  218   217    -0.17801438
  218   219    -1.66447111
  218   228     0.66403335
  218   318     2.01590146
  219   119     2.76053053
  219   209    -0.13734001
  219   210     0.31529053
  219   218    -1.66447111
  219   229    -0.26238566
  219   319     0.90631253
  220   120    -0.67908473
  220   210    -0.89017375
  220   221    -0.14136271
  220   229     1.06420079
  220   230     1.09341832
  220   320    -1.06076904
  221   121     2.05417882
  221   211    -1.51358866
  221   220    -0.14136271
  221   222     0.23801505
  221   231    -0.00249641
  221   321     1.47597962
  222   122    -0.84502080
  222   212    -0.64216549
  222   221     0.23801505
  222   223     1.51873202
  222   232     1.11655599
  222   322     0.27894108
  223   123     0.74409136
  223   213     0.26041270
  223   222     1.51873202
  223   224     1.30302535
  223   233    -0.21569551
  223   323    -0.31305039
  224   124     0.17625842
  224   214    -0.35878163
  224   223     1.30302535
  224   225     0.46590455
  224   234    -1.08902813
  224   324     0.11694919
  225   125     0.64284358
  225   215     1.87135852
  225   224     0.46590455
  225   226    -0.53553981
  225   235    -0.40250996
  225   325    -0.36696524
  226   126     0.98986624
  226   216    -0.86002428
  226   225    -0.53553981
  226   227     1.78648916
  226   236    -1.49817656
  226   326    -0.04264990
  227   127     0.15765060
  227   217    -1.71584685
  227   226     1.78648916
  227   228     0.64548872
  227   237     0.01241978
  227   327    -0.44840446
  228   128    -0.58164459
  228   218     0.66403335
  228   227     0.64548872
  228   229    -0.99556579
  228   238    -0.79345359
  228   328    -0.78727243
  229   129     0.17522374
  229   219    -0.26238566
  229   220     1.06420079
  229   228    -0.99556579
  229   239    -0.38843160
  229   329    -1.93802367
  230   130     2.12696212
  230   220     1.09341832
  230   231     1.55680389
  230   239     1.57305710
  230   240     1.70388104
  230   330    -0.58568305
  231   131     0.74703793
  231   221    -0.00249641
  231   230     1.55680389
  231   232     1.12583838
  231   241    -1.71898205
  231   331     0.07621817
  232   132    -0.01948668
  232   222     1.11655599
  232   231     1.12583838
  232   233    -0.76684592
  232   242     1.35367215
  232   332     0.34818121
  233   133    -0.20031069
  233   223    -0.21569551
  233   232    -0.76684592
  233   234    -0.17096269
  233   243     0.12110066
  233   333    -0.43727954
  234   134     1.65174365
  234   224    -1.08902813
  234   233    -0.17096269
  234   235    -0.65453960
  234   244    -1.06312188
  234   334     0.88343663
  235   135     0.44286333
  235   225    -0.40250996
  235   234    -0.65453960
  235   236    -0.04868017
  235   245     1.33657534
  235   335    -0.32502515
  236   136    -0.20780479
  236   226    -1.49817656
  236   235    -0.04868017
  236   237     0.67841287
  236   246     0.94251455
  236   336     0.48225263
  237   137     1.10967878
  237   227     0.01241978
  237   236     0.67841287
  237   238    -0.71202866
  237   247    -0.14266093
  237   337     1.63927059
  238   138     0.22291332
  238   228    -0.79345359
  238   237    -0.71202866
  238   239     0.09872881
  238   248    -3.09002616
  238   338     0.13957245
  239   139     0.52725778
  239   229    -0.38843160
  239   230     1.57305710
  239   238     0.09872881
  239   249    -0.22080598
  239   339     1.62533956
  240   140    -0.39641855
  240   230     1.70388104
  240   241     0.76071713
  240   249    -0.99169892
  240   250    -0.63874357
  240   340     0.32437150
  241   141    -1.27078784
  241   231    -1.71898205
  241   240     0.76071713
  241   242    -0.29598264
  241   251    -0.57221978
  241   341     0.47704939
  242   142     0.06368488
  242   232     1.35367215
  242   241    -0.29598264
  242   243    -0.60308393
  242   252    -2.11535958
  242   342    -1.35789859
  243   143    -0.51364118
  243   233     0.12110066
  243   242    -0.60308393
  243   244     1.01990566
  243   253     0.17427091
  243   343    -0.05899193
  244   144    -0.98554746
  244   234    -1.06312188
  244   243     1.01990566
  244   245    -0.52021045
  244   254     0.56887794
  244   344    -0.36788516
  245   145    -0.70535304
  245   235     1.33657534
  245   244    -0.52021045
  245   246     0.20409950
  245   255     0.50304876
  245   345    -1.95540803
  246   146    -0.40113129
  246   236     0.94251455
