#Random lattice graph with connectivity C = 6
#Vertices:	Bonds:
#	1000		3000
    0     1     0.75654146
    0     9     0.13365161
    0    10     0.28341889
    0    90     2.35427334
    0   100    -0.47089965
    0   900     1.83648046
    1     0     0.75654146
    1     2     1.96114041
    1    11    -0.38533665
    1    91    -1.70016869
    1   101    -1.18788577
    1   901    -0.87059413
    2     1     1.96114041
    2     3    -2.34031208
    2    12     0.55463615
    2    92    -1.62424784
    2   102     0.17432303
    2   902    -0.68543864
    3     2    -2.34031208
    3     4     0.23830982
    3    13    -3.05353243
    3    93    -0.09718465
    3   103    -0.84578150
    3   903    -0.54184617
    4     3     0.23830982
    4     5     0.91687144
    4    14     0.21981109
    4    94    -1.92307294
    4   104    -0.27401790
    4   904    -1.59272170
    5     4     0.91687144
    5     6     0.79672678
    5    15    -0.18819744
    5    95     0.28872088
    5   105    -2.47263099
    5   905    -0.36285475
    6     5     0.79672678
    6     7    -0.31026504
    6    16    -0.66650981
    6    96     2.57954806
    6   106     0.35088342
    6   906    -0.50776798
    7     6    -0.31026504
    7     8    -1.73589646
    7    17    -0.13058570
    7    97     1.18468162
    7   107    -0.54440803
    7   907     0.80339490
    8     7    -1.73589646
    8     9    -0.29879771
    8    18     1.37478180
    8    98     0.69976207
    8   108     0.42322852
    8   908    -0.99591161
    9     0     0.13365161
    9     8    -0.29879771
    9    19     0.33422472
    9    99    -0.08814920
    9   109    -0.58937268
    9   909    -0.15284823
   10     0     0.28341889
   10    11    -0.79220177
   10    19     1.16064633
   10    20     1.15921750
   10   110    -1.27162364
   10   910    -0.13763239
   11     1    -0.38533665
   11    10    -0.79220177
   11    12     0.38469888
   11    21    -0.42746379
   11   111     0.05099313
   11   911     1.00476850
   12     2     0.55463615
   12    11     0.38469888
   12    13     0.73167589
   12    22    -0.26122900
   12   112    -0.33994478
   12   912    -1.74277275
   13     3    -3.05353243
   13    12     0.73167589
   13    14    -1.03199816
   13    23     0.61024083
   13   113    -0.83635858
   13   913     2.02451618
   14     4     0.21981109
   14    13    -1.03199816
   14    15     0.40344428
   14    24     1.34269209
   14   114     0.75666868
   14   914    -0.72799289
   15     5    -0.18819744
   15    14     0.40344428
   15    16     0.12984624
   15    25     1.56029519
   15   115     0.32423371
   15   915    -0.28176404
   16     6    -0.66650981
   16    15     0.12984624
   16    17    -0.16693134
   16    26     1.57525944
   16   116    -0.97922962
   16   916     0.16947822
   17     7    -0.13058570
   17    16    -0.16693134
   17    18    -0.52941383
   17    27     0.29899763
   17   117     0.15238080
   17   917    -0.36455441
   18     8     1.37478180
   18    17    -0.52941383
   18    19    -0.57702188
   18    28     0.12816842
   18   118    -0.53217025
   18   918    -1.15691917
   19     9     0.33422472
   19    10     1.16064633
   19    18    -0.57702188
   19    29     0.04042613
   19   119     0.50352890
   19   919    -0.75930368
   20    10     1.15921750
   20    21    -0.52443180
   20    29    -0.31002227
   20    30    -0.11257043
   20   120     0.48870577
   20   920     0.65193181
   21    11    -0.42746379
   21    20    -0.52443180
   21    22     0.37965436
   21    31     2.11847260
   21   121     0.53218939
   21   921     1.07211419
   22    12    -0.26122900
   22    21     0.37965436
   22    23     0.42751987
   22    32     0.61600117
   22   122    -1.23805311
   22   922     0.22946377
   23    13     0.61024083
   23    22     0.42751987
   23    24    -0.33421681
   23    33    -0.80376925
   23   123     1.17266307
   23   923    -0.61318835
   24    14     1.34269209
   24    23    -0.33421681
   24    25     1.34584681
   24    34     0.93401782
   24   124     0.35531732
   24   924    -0.89361990
   25    15     1.56029519
   25    24     1.34584681
   25    26     0.21495442
   25    35    -1.08308249
   25   125    -0.22861265
   25   925    -0.55753816
   26    16     1.57525944
   26    25     0.21495442
   26    27    -0.31480705
   26    36     0.61472776
   26   126    -0.19869346
   26   926    -0.48736762
   27    17     0.29899763
   27    26    -0.31480705
   27    28     0.16605276
   27    37     0.74196559
   27   127    -0.01284912
   27   927     0.19753398
   28    18     0.12816842
   28    27     0.16605276
   28    29    -0.22871118
   28    38     0.06546297
   28   128    -1.01375997
   28   928    -0.63156809
   29    19     0.04042613
   29    20    -0.31002227
   29    28    -0.22871118
   29    39     1.83639464
   29   129     0.38694771
   29   929    -0.32586410
   30    20    -0.11257043
   30    31     0.08425234
   30    39    -0.47246993
   30    40    -1.03168891
   30   130     0.58432560
   30   930     0.77183589
   31    21     2.11847260
   31    30     0.08425234
   31    32     0.35282953
   31    41    -1.24522179
   31   131     1.91979302
   31   931    -0.01662431
   32    22     0.61600117
   32    31     0.35282953
   32    33    -1.79372167
   32    42    -0.57681632
   32   132     1.36720734
   32   932    -0.66205364
   33    23    -0.80376925
   33    32    -1.79372167
   33    34    -0.64743426
   33    43     1.15998142
   33   133     0.26808935
   33   933     0.30074570
   34    24     0.93401782
   34    33    -0.64743426
   34    35    -1.14164144
   34    44    -0.93988934
   34   134    -0.90029784
   34   934    -1.34317792
   35    25    -1.08308249
   35    34    -1.14164144
   35    36    -0.08600879
   35    45     0.49260682
   35   135    -0.18639260
   35   935    -0.48195091
   36    26     0.61472776
   36    35    -0.08600879
   36    37     0.22875787
   36    46     0.04283900
   36   136     1.11030413
   36   936    -0.75079272
   37    27     0.74196559
   37    36     0.22875787
   37    38    -0.29604167
   37    47    -0.11753748
   37   137    -0.52281611
   37   937     0.80285542
   38    28     0.06546297
   38    37    -0.29604167
   38    39    -1.08469597
   38    48    -0.41947485
   38   138    -0.54057452
   38   938     1.70529771
   39    29     1.83639464
   39    30    -0.47246993
   39    38    -1.08469597
   39    49     1.16616437
   39   139     0.29550854
   39   939     1.55946736
   40    30    -1.03168891
   40    41     0.43300089
   40    49     1.25105184
   40    50     0.88649198
   40   140     1.92766714
   40   940    -1.09596394
   41    31    -1.24522179
   41    40     0.43300089
   41    42     1.63637640
   41    51     0.46590725
   41   141     0.32201759
   41   941     1.13664685
   42    32    -0.57681632
   42    41     1.63637640
   42    43     1.80966194
   42    52     1.10988329
   42   142     0.33077416
   42   942     1.45309067
   43    33     1.15998142
   43    42     1.80966194
   43    44     0.42031313
   43    53    -0.73762273
   43   143    -0.02293717
   43   943    -0.49531419
   44    34    -0.93988934
   44    43     0.42031313
   44    45     0.59263147
   44    54    -0.60340499
   44   144    -0.25549438
   44   944     0.19143522
   45    35     0.49260682
   45    44     0.59263147
   45    46    -0.82670350
   45    55    -0.16434157
   45   145    -0.54790388
   45   945     0.90586274
   46    36     0.04283900
   46    45    -0.82670350
   46    47     1.21285873
   46    56    -1.48713512
   46   146    -1.87333634
   46   946    -0.51810980
   47    37    -0.11753748
   47    46     1.21285873
   47    48    -0.21376501
   47    57    -0.86427502
   47   147    -0.24963470
   47   947    -0.85566849
   48    38    -0.41947485
   48    47    -0.21376501
   48    49    -1.07774612
   48    58     0.89440881
   48   148    -0.30927623
   48   948     0.51278467
   49    39     1.16616437
   49    40     1.25105184
   49    48    -1.07774612
   49    59     0.98538427
   49   149    -0.99542654
   49   949    -2.00093754
   50    40     0.88649198
   50    51    -0.25229366
   50    59     0.06353302
   50    60    -0.44467825
   50   150     0.93576289
   50   950     0.94826419
   51    41     0.46590725
   51    50    -0.25229366
   51    52     0.90281729
   51    61    -0.24556594
   51   151     1.53715447
   51   951     1.38895954
   52    42     1.10988329
   52    51     0.90281729
   52    53    -1.33970347
   52    62    -0.15705387
   52   152    -0.47670484
   52   952     0.42633269
   53    43    -0.73762273
   53    52    -1.33970347
   53    54     0.49682715
   53    63    -0.97054873
   53   153    -0.60549289
   53   953     0.10548909
   54    44    -0.60340499
   54    53     0.49682715
   54    55     0.64238768
   54    64    -1.86681916
   54   154    -0.19663528
   54   954     0.54188684
   55    45    -0.16434157
   55    54     0.64238768
   55    56     0.45929332
   55    65    -0.84626398
   55   155    -1.13133284
   55   955    -1.18527534
   56    46    -1.48713512
   56    55     0.45929332
   56    57     0.99209590
   56    66     0.47179330
   56   156     0.87996643
   56   956    -0.59524620
   57    47    -0.86427502
   57    56     0.99209590
   57    58    -1.96078566
   57    67    -0.38664599
   57   157    -0.00498842
   57   957    -1.17227664
   58    48     0.89440881
   58    57    -1.96078566
   58    59    -1.62176923
   58    68     0.20094572
   58   158    -0.12238169
   58   958     0.64512710
   59    49     0.98538427
   59    50     0.06353302
   59    58    -1.62176923
   59    69    -0.05074713
   59   159    -0.49494135
   59   959     1.28634016
   60    50    -0.44467825
   60    61     0.19727553
   60    69     0.66235677
   60    70    -2.34897180
   60   160     1.16788542
   60   960     1.44778770
   61    51    -0.24556594
   61    60     0.19727553
   61    62    -0.68713352
   61    71     0.45348035
   61   161    -0.57452804
   61   961     0.34447872
   62    52    -0.15705387
   62    61    -0.68713352
   62    63    -0.58606045
   62    72     1.21678801
   62   162     1.10349225
   62   962    -0.52466258
   63    53    -0.97054873
   63    62    -0.58606045
   63    64    -1.78654480
   63    73    -1.49828971
   63   163     0.93570915
   63   963    -0.51834585
   64    54    -1.86681916
   64    63    -1.78654480
   64    65    -1.43932508
   64    74     0.84396009
   64   164     1.03899032
   64   964    -0.44359943
   65    55    -0.84626398
   65    64    -1.43932508
   65    66     0.98735158
   65    75     0.35384528
   65   165    -0.41090125
   65   965    -0.05125928
   66    56     0.47179330
   66    65     0.98735158
   66    67    -1.06077918
   66    76    -0.12595848
   66   166     2.06437466
   66   966    -2.04469861
   67    57    -0.38664599
   67    66    -1.06077918
   67    68    -1.98771962
   67    77    -0.41407227
   67   167    -0.75853584
   67   967     0.18595743
   68    58     0.20094572
   68    67    -1.98771962
   68    69     0.25286229
   68    78    -0.99449850
   68   168     0.51401170
   68   968    -0.58379539
   69    59    -0.05074713
   69    60     0.66235677
   69    68     0.25286229
   69    79     1.32838386
   69   169     0.66242331
   69   969     0.07454819
   70    60    -2.34897180
   70    71    -0.17173743
   70    79     0.75992854
   70    80    -0.54953408
   70   170    -0.97534727
   70   970    -0.25081589
   71    61     0.45348035
   71    70    -0.17173743
   71    72    -0.03403008
   71    81    -0.50343573
   71   171    -0.38226722
   71   971    -0.12159180
   72    62     1.21678801
   72    71    -0.03403008
   72    73    -0.32433758
   72    82     0.00636639
   72   172     0.09159651
   72   972    -2.96088631
   73    63    -1.49828971
   73    72    -0.32433758
   73    74    -1.77812434
   73    83    -0.48175419
   73   173     0.32752660
   73   973     0.27512023
   74    64     0.84396009
   74    73    -1.77812434
   74    75     1.30581687
   74    84     0.86308484
   74   174    -0.00853922
   74   974    -0.95293367
   75    65     0.35384528
   75    74     1.30581687
   75    76     0.13180834
   75    85    -0.53367216
   75   175     0.40854620
   75   975     1.22388560
   76    66    -0.12595848
   76    75     0.13180834
   76    77    -2.09661837
   76    86    -1.44730729
   76   176     1.62073640
   76   976    -0.52251796
   77    67    -0.41407227
   77    76    -2.09661837
   77    78    -0.77760995
   77    87    -0.64598609
   77   177     0.26355704
   77   977    -0.86542968
   78    68    -0.99449850
   78    77    -0.77760995
   78    79    -1.22539720
   78    88     0.74173726
   78   178     0.02393620
   78   978    -0.96656021
   79    69     1.32838386
   79    70     0.75992854
   79    78    -1.22539720
   79    89     0.00032631
   79   179    -0.36176961
   79   979     1.14248055
   80    70    -0.54953408
   80    81     0.68368298
   80    89     0.75428067
   80    90     1.37881695
   80   180    -0.41443427
   80   980     1.02902960
   81    71    -0.50343573
   81    80     0.68368298
   81    82     1.10304408
   81    91     1.04737600
   81   181     1.85743343
   81   981    -0.01482278
   82    72     0.00636639
   82    81     1.10304408
   82    83     0.62968365
   82    92    -0.77608920
   82   182     1.54121384
   82   982     0.67476023
   83    73    -0.48175419
   83    82     0.62968365
   83    84     0.51091961
   83    93    -2.61506733
   83   183     1.54516358
   83   983     1.68241534
   84    74     0.86308484
   84    83     0.51091961
   84    85     2.06484753
   84    94    -1.23071922
   84   184    -0.29363475
   84   984    -1.13810964
   85    75    -0.53367216
   85    84     2.06484753
   85    86     0.12051603
   85    95     0.54335693
   85   185     0.68082646
   85   985     0.01642783
   86    76    -1.44730729
   86    85     0.12051603
   86    87     0.34507552
   86    96    -3.27968342
   86   186     1.00486800
   86   986     0.09130932
   87    77    -0.64598609
   87    86     0.34507552
   87    88     0.94236326
   87    97     1.18028117
   87   187     2.23715102
   87   987     0.76552713
   88    78     0.74173726
   88    87     0.94236326
   88    89    -0.73752383
   88    98    -0.05643817
   88   188     0.90277903
   88   988    -0.48942474
   89    79     0.00032631
   89    80     0.75428067
   89    88    -0.73752383
   89    99    -0.87633520
   89   189     1.10235984
   89   989     1.64924531
   90     0     2.35427334
   90    80     1.37881695
   90    91     0.03063891
   90    99     0.40489385
   90   190     1.09749726
   90   990    -0.31754442
   91     1    -1.70016869
   91    81     1.04737600
   91    90     0.03063891
   91    92     0.26544230
   91   191     0.62514696
   91   991    -0.12617696
   92     2    -1.62424784
   92    82    -0.77608920
   92    91     0.26544230
   92    93     0.99322978
   92   192     0.03416669
   92   992     1.44615972
   93     3    -0.09718465
   93    83    -2.61506733
   93    92     0.99322978
   93    94     0.44169862
   93   193    -0.26337150
   93   993     1.00398812
   94     4    -1.92307294
   94    84    -1.23071922
   94    93     0.44169862
   94    95     0.55163338
   94   194     2.17094627
   94   994     0.31374617
   95     5     0.28872088
   95    85     0.54335693
   95    94     0.55163338
   95    96     1.70921913
   95   195     1.02031695
   95   995    -0.04285249
   96     6     2.57954806
   96    86    -3.27968342
   96    95     1.70921913
   96    97    -2.64236569
   96   196     1.63378540
   96   996    -0.97929767
   97     7     1.18468162
   97    87     1.18028117
   97    96    -2.64236569
   97    98     0.70551688
   97   197     2.74380784
   97   997     0.27940927
   98     8     0.69976207
   98    88    -0.05643817
   98    97     0.70551688
   98    99     0.40664470
   98   198     0.73447843
   98   998    -0.05115482
   99     9    -0.08814920
   99    89    -0.87633520
   99    90     0.40489385
   99    98     0.40664470
   99   199     3.03575550
   99   999    -0.81687444
  100     0    -0.47089965
  100   101    -0.91731081
  100   109     0.22539710
  100   110    -0.15035855
  100   190    -0.11299382
  100   200    -1.41731290
  101     1    -1.18788577
  101   100    -0.91731081
  101   102    -0.36173023
  101   111     1.14343821
  101   191    -0.11438677
  101   201     0.01531039
  102     2     0.17432303
  102   101    -0.36173023
  102   103    -0.80377685
  102   112    -1.24399167
  102   192    -0.84156273
  102   202    -0.70417804
  103     3    -0.84578150
  103   102    -0.80377685
  103   104    -0.12566745
  103   113     0.39548645
  103   193     0.20777314
  103   203     0.56996241
  104     4    -0.27401790
  104   103    -0.12566745
  104   105     1.01940370
  104   114     1.73264699
  104   194    -1.45712486
  104   204     0.55562503
  105     5    -2.47263099
  105   104     1.01940370
  105   106    -0.26721563
  105   115     0.89010158
  105   195     0.19251662
  105   205     0.62505801
  106     6     0.35088342
  106   105    -0.26721563
  106   107     2.06644952
  106   116     1.04648950
  106   196     1.41212918
  106   206    -0.83831537
  107     7    -0.54440803
  107   106     2.06644952
  107   108    -0.30194880
  107   117    -0.10980318
  107   197     0.29271836
  107   207    -0.61812675
  108     8     0.42322852
  108   107    -0.30194880
  108   109     1.43878248
  108   118    -1.47159623
  108   198     0.11146310
  108   208    -0.90174933
  109     9    -0.58937268
  109   100     0.22539710
  109   108     1.43878248
  109   119     0.56188395
  109   199     1.08043962
  109   209    -1.66446715
  110    10    -1.27162364
  110   100    -0.15035855
  110   111     0.13942213
  110   119     1.41688795
  110   120    -0.91755198
  110   210     1.50364768
  111    11     0.05099313
  111   101     1.14343821
  111   110     0.13942213
  111   112     0.04623592
  111   121    -0.44126733
  111   211     1.39764904
  112    12    -0.33994478
  112   102    -1.24399167
  112   111     0.04623592
  112   113     0.39246441
  112   122     0.04429992
  112   212     0.39451681
  113    13    -0.83635858
  113   103     0.39548645
  113   112     0.39246441
  113   114    -0.67556896
  113   123     0.96101069
  113   213     0.94943443
  114    14     0.75666868
  114   104     1.73264699
  114   113    -0.67556896
  114   115     2.16633891
  114   124     1.11182907
  114   214    -1.27338919
  115    15     0.32423371
  115   105     0.89010158
  115   114     2.16633891
  115   116    -0.72655460
  115   125    -1.46746387
  115   215     2.13374772
  116    16    -0.97922962
  116   106     1.04648950
  116   115    -0.72655460
  116   117     0.00149681
  116   126     0.09863244
  116   216     1.38237789
  117    17     0.15238080
  117   107    -0.10980318
  117   116     0.00149681
  117   118     0.78457366
  117   127    -0.88241474
  117   217    -0.11672323
  118    18    -0.53217025
  118   108    -1.47159623
  118   117     0.78457366
  118   119     0.91184242
  118   128     1.41009531
  118   218    -1.17982706
  119    19     0.50352890
  119   109     0.56188395
  119   110     1.41688795
  119   118     0.91184242
  119   129    -0.39126046
  119   219    -1.00784527
  120    20     0.48870577
  120   110    -0.91755198
  120   121     0.10861446
  120   129    -0.18972579
  120   130    -0.42338074
  120   220     0.54229588
  121    21     0.53218939
  121   111    -0.44126733
  121   120     0.10861446
  121   122     0.55199456
  121   131     1.04553781
  121   221    -0.70599282
  122    22    -1.23805311
  122   112     0.04429992
  122   121     0.55199456
  122   123     1.28132829
  122   132     0.13403617
  122   222    -0.73811937
  123    23     1.17266307
  123   113     0.96101069
  123   122     1.28132829
  123   124     0.47062517
  123   133     0.55699006
  123   223     0.57611627
  124    24     0.35531732
  124   114     1.11182907
  124   123     0.47062517
  124   125    -0.87765582
  124   134    -1.36548462
  124   224    -0.62026935
  125    25    -0.22861265
  125   115    -1.46746387
  125   124    -0.87765582
  125   126     1.51643981
  125   135    -0.34500734
  125   225    -1.48374638
  126    26    -0.19869346
  126   116     0.09863244
  126   125     1.51643981
  126   127    -0.24315853
  126   136    -1.14146681
  126   226     0.57183093
  127    27    -0.01284912
  127   117    -0.88241474
  127   126    -0.24315853
  127   128     0.03997632
  127   137    -0.15387836
  127   227     0.07869599
  128    28    -1.01375997
  128   118     1.41009531
  128   127     0.03997632
  128   129    -1.17887253
  128   138    -0.31076481
  128   228    -1.54918223
  129    29     0.38694771
  129   119    -0.39126046
  129   120    -0.18972579
  129   128    -1.17887253
  129   139     1.54876444
  129   229     0.02682770
  130    30     0.58432560
  130   120    -0.42338074
  130   131     1.33275004
  130   139     0.43039017
  130   140    -0.53827024
  130   230     0.13155265
  131    31     1.91979302
  131   121     1.04553781
  131   130     1.33275004
  131   132     1.45634025
  131   141     0.46783348
  131   231    -0.99720980
  132    32     1.36720734
  132   122     0.13403617
  132   131     1.45634025
  132   133    -0.60112978
  132   142    -0.10556130
  132   232     0.71112018
  133    33     0.26808935
  133   123     0.55699006
  133   132    -0.60112978
  133   134     0.20825517
  133   143     0.22771575
  133   233     0.10725698
  134    34    -0.90029784
  134   124    -1.36548462
  134   133     0.20825517
  134   135     0.22955388
  134   144     0.76448941
  134   234     0.33136545
  135    35    -0.18639260
  135   125    -0.34500734
  135   134     0.22955388
  135   136    -0.00524489
  135   145    -1.26081848
  135   235    -1.02699646
  136    36     1.11030413
  136   126    -1.14146681
  136   135    -0.00524489
  136   137     0.58015251
  136   146     0.21606916
  136   236     0.06819637
  137    37    -0.52281611
  137   127    -0.15387836
  137   136     0.58015251
  137   138     2.59696299
  137   147     2.38670336
  137   237    -0.22404188
  138    38    -0.54057452
  138   128    -0.31076481
  138   137     2.59696299
  138   139    -0.58757616
  138   148     0.93645479
  138   238     1.44773735
  139    39     0.29550854
  139   129     1.54876444
  139   130     0.43039017
  139   138    -0.58757616
  139   149     2.35517535
  139   239     1.36955640
  140    40     1.92766714
  140   130    -0.53827024
  140   141    -0.48381790
  140   149    -0.00763092
  140   150     0.97626614
  140   240    -0.47455259
  141    41     0.32201759
  141   131     0.46783348
  141   140    -0.48381790
  141   142    -0.41460342
  141   151    -0.89310024
  141   241    -0.42978700
  142    42     0.33077416
  142   132    -0.10556130
  142   141    -0.41460342
  142   143    -0.63515659
  142   152     1.37304531
  142   242    -0.03033192
  143    43    -0.02293717
  143   133     0.22771575
  143   142    -0.63515659
  143   144    -0.20850835
  143   153     0.85112830
  143   243    -0.78746848
  144    44    -0.25549438
  144   134     0.76448941
  144   143    -0.20850835
  144   145     1.26332101
  144   154     0.48959799
  144   244    -1.18668910
  145    45    -0.54790388
  145   135    -1.26081848
  145   144     1.26332101
  145   146    -0.30072894
  145   155    -2.13293236
  145   245    -0.48095903
  146    46    -1.87333634
  146   136     0.21606916
  146   145    -0.30072894
  146   147     0.39911400
  146   156     1.28599876
  146   246    -0.53081224
  147    47    -0.24963470
  147   137     2.38670336
  147   146     0.39911400
  147   148     1.48506890
  147   157     0.41370442
  147   247    -1.65624408
  148    48    -0.30927623
  148   138     0.93645479
  148   147     1.48506890
  148   149     0.12744199
  148   158     0.93372654
  148   248     1.37025443
  149    49    -0.99542654
  149   139     2.35517535
  149   140    -0.00763092
  149   148     0.12744199
  149   159    -0.54359367
  149   249    -1.37787111
  150    50     0.93576289
  150   140     0.97626614
  150   151     0.02198297
  150   159    -0.12613982
  150   160    -1.33717199
  150   250     0.99953955
  151    51     1.53715447
  151   141    -0.89310024
  151   150     0.02198297
  151   152     0.83981785
  151   161     0.48343491
  151   251    -0.01911016
  152    52    -0.47670484
  152   142     1.37304531
  152   151     0.83981785
  152   153    -0.48737279
  152   162     1.73081537
  152   252     1.00056349
  153    53    -0.60549289
  153   143     0.85112830
  153   152    -0.48737279
  153   154    -0.85003540
  153   163     1.43090048
  153   253    -1.83082957
  154    54    -0.19663528
  154   144     0.48959799
  154   153    -0.85003540
  154   155    -1.68720871
  154   164    -1.48775043
  154   254     0.48105252
  155    55    -1.13133284
  155   145    -2.13293236
  155   154    -1.68720871
  155   156    -1.63265499
  155   165     0.92767397
  155   255    -0.58884034
  156    56     0.87996643
  156   146     1.28599876
  156   155    -1.63265499
  156   157     0.22091719
  156   166    -0.43169996
  156   256     1.17319525
  157    57    -0.00498842
  157   147     0.41370442
  157   156     0.22091719
  157   158    -0.31642635
  157   167    -0.45656210
  157   257     1.09597729
  158    58    -0.12238169
  158   148     0.93372654
  158   157    -0.31642635
  158   159    -1.64516925
  158   168    -0.43121721
  158   258    -0.29894643
  159    59    -0.49494135
  159   149    -0.54359367
  159   150    -0.12613982
  159   158    -1.64516925
  159   169     0.98664316
  159   259     1.37849616
  160    60     1.16788542
  160   150    -1.33717199
  160   161    -1.66026605
  160   169     0.87580904
  160   170     1.09631491
  160   260     0.01328649
  161    61    -0.57452804
  161   151     0.48343491
  161   160    -1.66026605
  161   162     0.12135053
  161   171     0.77756594
  161   261     0.24067050
  162    62     1.10349225
  162   152     1.73081537
  162   161     0.12135053
  162   163    -0.33510080
  162   172    -0.55704924
  162   262     0.98927391
  163    63     0.93570915
  163   153     1.43090048
  163   162    -0.33510080
  163   164     0.21753846
  163   173     0.25406537
  163   263    -0.02954488
  164    64     1.03899032
  164   154    -1.48775043
  164   163     0.21753846
  164   165     0.01616470
  164   174     0.96776408
  164   264    -0.94383160
  165    65    -0.41090125
  165   155     0.92767397
  165   164     0.01616470
  165   166    -0.47551265
  165   175    -0.51360735
  165   265    -0.02705486
  166    66     2.06437466
  166   156    -0.43169996
  166   165    -0.47551265
  166   167     1.39721939
  166   176     0.18783345
  166   266    -0.55405835
  167    67    -0.75853584
  167   157    -0.45656210
  167   166     1.39721939
  167   168     0.42578940
  167   177    -0.47766081
  167   267    -0.27099797
  168    68     0.51401170
  168   158    -0.43121721
  168   167     0.42578940
  168   169     1.96351108
  168   178     0.69950025
  168   268    -0.42742850
  169    69     0.66242331
  169   159     0.98664316
  169   160     0.87580904
  169   168     1.96351108
  169   179     0.05407084
  169   269    -0.06546517
  170    70    -0.97534727
  170   160     1.09631491
  170   171     1.25479710
  170   179     0.66146869
  170   180     0.11212405
  170   270     0.47815795
  171    71    -0.38226722
  171   161     0.77756594
  171   170     1.25479710
  171   172    -0.61127259
  171   181    -0.69006107
  171   271     0.20587541
  172    72     0.09159651
  172   162    -0.55704924
  172   171    -0.61127259
  172   173    -0.72367425
  172   182    -1.26009244
  172   272    -0.52072221
  173    73     0.32752660
  173   163     0.25406537
  173   172    -0.72367425
  173   174    -1.38732890
  173   183    -0.80250466
  173   273     0.98923062
  174    74    -0.00853922
  174   164     0.96776408
  174   173    -1.38732890
  174   175    -1.67519198
  174   184     0.56407155
  174   274     1.02011383
  175    75     0.40854620
  175   165    -0.51360735
  175   174    -1.67519198
  175   176     1.43449457
  175   185     0.57319870
  175   275    -0.13578922
  176    76     1.62073640
  176   166     0.18783345
  176   175     1.43449457
  176   177    -1.57234473
  176   186    -0.05210961
  176   276    -0.55892793
  177    77     0.26355704
  177   167    -0.47766081
  177   176    -1.57234473
  177   178    -0.63931081
  177   187    -1.26000029
  177   277     0.00009353
  178    78     0.02393620
  178   168     0.69950025
  178   177    -0.63931081
  178   179     1.16729933
  178   188    -0.39056420
  178   278    -0.60108599
  179    79    -0.36176961
  179   169     0.05407084
  179   170     0.66146869
  179   178     1.16729933
  179   189     1.52801301
  179   279    -1.01809199
  180    80    -0.41443427
  180   170     0.11212405
  180   181     0.94183995
  180   189    -0.69033252
  180   190    -0.41005134
  180   280     2.41972970
  181    81     1.85743343
  181   171    -0.69006107
  181   180     0.94183995
  181   182     0.31184530
  181   191     1.39303636
  181   281     1.54076842
  182    82     1.54121384
  182   172    -1.26009244
  182   181     0.31184530
  182   183    -0.25279396
  182   192     2.45871336
  182   282    -1.44444246
  183    83     1.54516358
  183   173    -0.80250466
  183   182    -0.25279396
  183   184    -0.75884483
  183   193     0.25034553
  183   283    -1.29068346
  184    84    -0.29363475
  184   174     0.56407155
  184   183    -0.75884483
  184   185    -1.26556464
  184   194    -0.80929879
  184   284    -0.98247559
  185    85     0.68082646
  185   175     0.57319870
  185   184    -1.26556464
  185   186     0.80354392
  185   195    -0.28242515
  185   285     0.28596671
  186    86     1.00486800
  186   176    -0.05210961
  186   185     0.80354392
  186   187    -0.19548104
  186   196    -1.98884817
  186   286    -1.50134075
  187    87     2.23715102
  187   177    -1.26000029
  187   186    -0.19548104
  187   188     1.00274235
  187   197     0.29176808
  187   287    -0.57026491
  188    88     0.90277903
  188   178    -0.39056420
  188   187     1.00274235
  188   189    -1.17147201
  188   198     0.55665411
  188   288     0.07794886
  189    89     1.10235984
  189   179     1.52801301
  189   180    -0.69033252
  189   188    -1.17147201
  189   199     0.87195480
  189   289     0.14925795
  190    90     1.09749726
  190   100    -0.11299382
  190   180    -0.41005134
  190   191    -2.27572263
  190   199     0.03874066
  190   290    -1.03906323
  191    91     0.62514696
  191   101    -0.11438677
  191   181     1.39303636
  191   190    -2.27572263
  191   192     0.01492894
  191   291     1.56492488
  192    92     0.03416669
  192   102    -0.84156273
  192   182     2.45871336
  192   191     0.01492894
  192   193    -2.85844918
  192   292    -2.74168523
  193    93    -0.26337150
  193   103     0.20777314
  193   183     0.25034553
  193   192    -2.85844918
  193   194    -0.17768261
  193   293    -0.62069573
  194    94     2.17094627
  194   104    -1.45712486
  194   184    -0.80929879
  194   193    -0.17768261
  194   195     0.58251760
  194   294    -0.77536594
  195    95     1.02031695
  195   105     0.19251662
  195   185    -0.28242515
  195   194     0.58251760
  195   196    -1.52209927
  195   295     0.31414193
  196    96     1.63378540
  196   106     1.41212918
  196   186    -1.98884817
  196   195    -1.52209927
  196   197     1.17400183
  196   296    -0.43344294
  197    97     2.74380784
  197   107     0.29271836
  197   187     0.29176808
  197   196     1.17400183
  197   198     0.11451399
  197   297     1.75809884
  198    98     0.73447843
  198   108     0.11146310
  198   188     0.55665411
  198   197     0.11451399
  198   199    -1.00014954
  198   298    -0.13614833
  199    99     3.03575550
  199   109     1.08043962
  199   189     0.87195480
  199   190     0.03874066
  199   198    -1.00014954
  199   299     1.06438689
  200   100    -1.41731290
  200   201    -0.28195816
  200   209    -0.36014601
  200   210    -0.06062931
  200   290     0.24678411
  200   300     0.28309451
  201   101     0.01531039
  201   200    -0.28195816
  201   202    -1.40202199
  201   211    -1.65664353
  201   291     0.32979430
  201   301    -0.52949781
  202   102    -0.70417804
  202   201    -1.40202199
  202   203    -1.08008137
  202   212    -0.12546961
  202   292    -0.02243393
  202   302    -1.24047236
  203   103     0.56996241
  203   202    -1.08008137
  203   204     0.55043632
  203   213     1.39218381
  203   293     1.22553084
  203   303     0.03744718
  204   104     0.55562503
  204   203     0.55043632
  204   205     1.49710558
  204   214    -0.16258771
  204   294    -0.12501746
  204   304    -0.31372388
  205   105     0.62505801
  205   204     1.49710558
  205   206     0.33935142
  205   215     0.41098581
  205   295    -0.29936280
  205   305     0.15573154
  206   106    -0.83831537
  206   205     0.33935142
  206   207    -0.22082103
  206   216    -1.20006355
  206   296     0.28634177
  206   306     0.47630991
  207   107    -0.61812675
  207   206    -0.22082103
  207   208    -1.06840714
  207   217    -0.53889050
  207   297     1.72395836
  207   307     0.68286971
  208   108    -0.90174933
  208   207    -1.06840714
  208   209     1.15734923
  208   218    -0.49190321
  208   298    -0.90788508
  208   308     0.38381287
  209   109    -1.66446715
  209   200    -0.36014601
  209   208     1.15734923
  209   219     1.38956220
  209   299    -0.20392903
  209   309    -1.56577830
  210   110     1.50364768
  210   200    -0.06062931
  210   211    -0.78630121
  210   219     1.07035627
  210   220    -0.83520064
  210   310     0.04338085
  211   111     1.39764904
  211   201    -1.65664353
  211   210    -0.78630121
  211   212    -1.20481350
  211   221     2.23273157
  211   311    -0.78118592
  212   112     0.39451681
  212   202    -0.12546961
  212   211    -1.20481350
  212   213     2.37593798
  212   222    -0.24560507
  212   312     1.01053404
  213   113     0.94943443
  213   203     1.39218381
  213   212     2.37593798
  213   214     0.92401939
  213   223    -0.74480658
  213   313    -0.52516001
  214   114    -1.27338919
  214   204    -0.16258771
  214   213     0.92401939
  214   215     1.18010615
  214   224    -0.55382360
  214   314     0.05597603
  215   115     2.13374772
  215   205     0.41098581
  215   214     1.18010615
  215   216    -1.12984735
  215   225    -0.13114230
  215   315     0.16013541
  216   116     1.38237789
  216   206    -1.20006355
  216   215    -1.12984735
  216   217     0.06060652
  216   226    -0.01226600
  216   316    -0.45939869
  217   117    -0.11672323
  217   207    -0.53889050
  217   216     0.06060652
  217   218    -0.13222843
  217   227     0.50416839
  217   317     1.09186075
  218   118    -1.17982706
  218   208    -0.49190321
  218   217    -0.13222843
  218   219     1.14091279
  218   228    -1.20528818
  218   318    -0.49882039
  219   119    -1.00784527
  219   209     1.38956220
  219   210     1.07035627
  219   218     1.14091279
  219   229     0.17143982
  219   319     0.26803614
  220   120     0.54229588
  220   210    -0.83520064
  220   221     0.07089491
  220   229     0.03086705
  220   230    -0.19155662
  220   320    -0.26779702
  221   121    -0.70599282
  221   211     2.23273157
  221   220     0.07089491
  221   222     0.12324164
  221   231     1.50616937
  221   321    -0.44017683
  222   122    -0.73811937
  222   212    -0.24560507
  222   221     0.12324164
  222   223     0.16059630
  222   232     0.95818274
  222   322     0.65682675
  223   123     0.57611627
  223   213    -0.74480658
  223   222     0.16059630
  223   224     1.75258299
  223   233     1.84370982
  223   323     0.42450548
  224   124    -0.62026935
  224   214    -0.55382360
  224   223     1.75258299
  224   225     2.66091787
  224   234     0.12734541
  224   324    -1.84879491
  225   125    -1.48374638
  225   215    -0.13114230
  225   224     2.66091787
  225   226     0.70534356
  225   235     0.06886406
  225   325     1.14079716
  226   126     0.57183093
  226   216    -0.01226600
  226   225     0.70534356
  226   227     0.81666251
  226   236    -0.79414085
  226   326    -0.29170771
  227   127     0.07869599
  227   217     0.50416839
  227   226     0.81666251
  227   228     0.67822332
  227   237    -0.53800499
  227   327     0.87430962
  228   128    -1.54918223
  228   218    -1.20528818
  228   227     0.67822332
  228   229    -0.04933816
  228   238     0.49351732
  228   328     0.34428650
  229   129     0.02682770
  229   219     0.17143982
  229   220     0.03086705
  229   228    -0.04933816
  229   239    -1.45354444
  229   329     0.82161216
  230   130     0.13155265
  230   220    -0.19155662
  230   231     0.09540061
  230   239    -0.62878879
  230   240     0.21448217
  230   330    -0.19026836
  231   131    -0.99720980
  231   221     1.50616937
  231   230     0.09540061
  231   232    -0.00768165
  231   241     0.33794848
  231   331    -0.10665674
  232   132     0.71112018
  232   222     0.95818274
  232   231    -0.00768165
  232   233    -0.25766404
  232   242    -0.55851403
  232   332     1.34715054
  233   133     0.10725698
  233   223     1.84370982
  233   232    -0.25766404
  233   234    -1.85227676
  233   243    -1.70830639
  233   333    -0.29892914
  234   134     0.33136545
  234   224     0.12734541
  234   233    -1.85227676
  234   235     1.40289157
  234   244    -0.76884899
  234   334     0.13363211
  235   135    -1.02699646
  235   225     0.06886406
  235   234     1.40289157
  235   236    -0.69321008
  235   245     0.32266902
  235   335    -0.38914540
  236   136     0.06819637
  236   226    -0.79414085
  236   235    -0.69321008
  236   237    -0.58150105
  236   246     1.28857005
  236   336     1.21844319
  237   137    -0.22404188
  237   227    -0.53800499
  237   236    -0.58150105
  237   238    -0.33166411
  237   247     0.88467591
  237   337    -0.22923743
  238   138     1.44773735
  238   228     0.49351732
  238   237    -0.33166411
  238   239    -0.87201086
  238   248     0.11499252
  238   338    -0.18878780
  239   139     1.36955640
  239   229    -1.45354444
  239   230    -0.62878879
  239   238    -0.87201086
  239   249    -0.99749379
  239   339     1.24020085
  240   140    -0.47455259
  240   230     0.21448217
  240   241     0.22858376
  240   249    -2.15596491
  240   250     0.57273659
  240   340     1.87887025
  241   141    -0.42978700
  241   231     0.33794848
  241   240     0.22858376
  241   242    -1.05333395
  241   251    -0.30234657
  241   341    -1.00406718
  242   142    -0.03033192
  242   232    -0.55851403
  242   241    -1.05333395
  242   243     0.22685979
  242   252    -0.47451662
  242   342    -0.68478435
  243   143    -0.78746848
  243   233    -1.70830639
  243   242     0.22685979
  243   244    -0.72957382
  243   253    -0.24359906
  243   343    -0.73737074
  244   144    -1.18668910
  244   234    -0.76884899
  244   243    -0.72957382
  244   245    -1.91393116
  244   254     0.79155275
  244   344     0.56325924
  245   145    -0.48095903
  245   235     0.32266902
  245   244    -1.91393116
  245   246    -1.62195717
  245   255    -0.50017792
  245   345    -0.17177887
  246   146    -0.53081224
  246   236     1.28857005
