#Random regular graph with connectivity C = 4
#Vertices:	Bonds:
#	1000		2000
    0   622    -0.50059217
    0   263    -0.36953227
    0   966     0.21549160
    0   926    -0.74883271
    1   630     0.13998216
    1   108     1.42225970
    1   180     1.55216003
    1   418    -0.39607184
    2     4    -1.17014063
    2   395     0.78435164
    2   714     0.78620549
    2   252     1.68299554
    3   131    -0.71459246
    3   660     1.24980231
    3   157     0.62981460
    3   728     0.50140045
    4     2    -1.17014063
    4   366     0.07248618
    4    75     1.83750146
    4   759    -0.46307688
    5   421     1.04654757
    5   872     1.52502923
    5   632    -1.13763665
    5   458    -1.93595055
    6   814     0.20216766
    6   534    -1.22984017
    6   953     0.29152383
    6   409    -0.61072056
    7   853    -0.79306486
    7    93    -0.48263870
    7   329    -0.27637476
    7   530     0.80508203
    8   683    -0.25398258
    8    97     0.12205169
    8   786     0.07564823
    8   514     0.79449641
    9   103     0.06432006
    9   365    -2.33869930
    9   616     1.43855939
    9   408     0.83179984
   10   761     0.08857965
   10   798     0.12776406
   10   910     0.22424641
   10   973     1.93452734
   11   190     0.41999385
   11   545    -0.97601963
   11   471     0.97946673
   11   454    -0.95841489
   12   734    -0.67166299
   12    58     1.33361861
   12   108     1.16579792
   12   426     1.61449544
   13   931     0.04271831
   13   749    -1.50544881
   13   295     0.15152107
   13   214     1.14458297
   14   151     0.55539659
   14   749    -1.19607770
   14    45     1.21303609
   14   778    -0.07374333
   15   391    -1.41742272
   15   869    -0.03808492
   15   884    -0.83222978
   15   356     0.92870956
   16   502    -0.42348806
   16    83    -0.22416237
   16   492     0.59573736
   16   979     1.20446410
   17   393     2.02425690
   17   285    -0.35916360
   17   539    -1.14165404
   17   227     2.14565979
   18   386    -1.29014102
   18   926    -0.61449969
   18   827    -0.10818852
   18   317     1.98106288
   19   325     1.25140017
   19   717     0.10850805
   19   887     0.13084040
   19    21     1.63085818
   20   147     0.87331574
   20   595     0.45061611
   20   383    -0.65761183
   20   191    -1.14035093
   21    99    -0.04658444
   21   613    -0.36727021
   21    79    -2.24189736
   21    19     1.63085818
   22   743     0.55854755
   22   283     0.22009593
   22    30     1.26469852
   22   258     1.36585253
   23    40    -0.39695918
   23   638    -0.13180190
   23   191    -0.34291027
   23   314    -0.87073993
   24   149    -0.01776533
   24   293    -0.64425743
   24   467    -0.90821047
   24   802     0.63596828
   25   412     0.29730261
   25   733     3.34473285
   25   645    -0.46218510
   25   944     1.14470859
   26   244    -0.06195344
   26   675     0.15958479
   26   905     2.06403970
   26   919     1.19501781
   27   688    -1.62675076
   27   354    -0.18929872
   27   743     0.43127222
   27   395    -0.39862442
   28   258     1.21803338
   28    44    -0.74967705
   28   869     1.05436481
   28   281     1.33095053
   29    85     0.66333690
   29    62     0.53275606
   29   756    -0.92658945
   29   913     1.72499820
   30   627    -0.14668176
   30    52    -0.07456222
   30    22     1.26469852
   30   499    -0.66937324
   31   267    -1.23490298
   31   799    -0.08555205
   31   539     0.57658556
   31   663     0.18764685
   32   109     0.18890286
   32   552    -1.13177911
   32   890     0.90836690
   32   608     0.77898469
   33   661     0.63222761
   33    44    -1.77212510
   33   714     0.17538582
   33   286     0.83094677
   34   935     0.30253382
   34    43    -0.52105605
   34   979     0.59935313
   34   705     1.60525498
   35    36     0.35151733
   35   996     1.38363171
   35   625     0.33895730
   35   107     0.17143161
   36   973    -1.35366027
   36   408    -0.42354763
   36    35     0.35151733
   36   577    -0.46632242
   37   723    -1.45902289
   37   235    -1.05372078
   37   372     0.18188482
   37   654     0.53936055
   38   296    -1.45286900
   38   833    -1.64333400
   38   896     0.80396684
   38   485     0.98762604
   39   752     0.75408640
   39   819     0.59802002
   39   832    -0.48231494
   39   450    -0.60075414
   40   561     1.42765261
   40    23    -0.39695918
   40   761    -0.45287043
   40   338    -0.60495123
   41   222     0.56383988
   41   370     0.05056412
   41   893    -1.76265915
   41   750    -0.33448308
   42   172     0.95435019
   42   295    -0.29354597
   42   323    -1.84066116
   42   445     0.58514137
   43   779    -0.88712785
   43   531     1.29245700
   43    34    -0.52105605
   43   261     0.28833716
   44    33    -1.77212510
   44   405     0.31736291
   44   607     0.25521156
   44    28    -0.74967705
   45   369     2.49486854
   45   896     0.71681230
   45    14     1.21303609
   45   658     1.13785111
   46   383     1.45183055
   46   706    -0.17028261
   46   633    -1.34828466
   46   773     0.73476962
   47   616    -0.14620747
   47   555    -0.85557770
   47   573     2.27962790
   47   914     0.59177155
   48   305     0.15492980
   48   614     0.36291900
   48   751    -0.42538600
   48   585    -0.20548380
   49   994     1.61691253
   49   347     0.54846105
   49   303    -0.89511468
   49   865    -1.20814037
   50   430    -1.53854746
   50   879    -0.58147034
   50   784     0.16557624
   50   595     0.40480407
   51   396    -0.22800027
   51   279    -0.33018676
   51   837    -1.28733614
   51   101     0.73051337
   52   348    -0.40628422
   52    30    -0.07456222
   52   527     1.07810843
   52   890     0.12611411
   53   652    -0.19526469
   53   576     1.48912013
   53   948    -0.76611052
   53   561    -0.22917589
   54   538     0.41465163
   54   905    -1.07027904
   54   628     0.12216406
   54   287     0.26072916
   55   838     0.33039723
   55   680     1.85007967
   55   553     1.13928373
   55   600     1.21968429
   56   343    -0.27260179
   56   388    -1.17613667
   56   119     0.22260511
   56   688    -0.87188134
   57   468     0.39574361
   57   222     1.81787463
   57   888    -0.13790159
   57   811    -0.06653820
   58   268     0.64540574
   58   242    -0.70314639
   58    12     1.33361861
   58   579    -1.56832747
   59   139    -1.03971807
   59   211     1.30502945
   59   776     0.47443796
   59   585    -1.69019622
   60   181    -0.08260492
   60   821    -1.42786609
   60   762     0.56134445
   60   622     1.67855280
   61   163     0.62217746
   61   914    -0.28960972
   61   692    -1.53378873
   61   674    -0.99539290
   62    29     0.53275606
   62   888    -0.80821194
   62   172    -0.25692756
   62   665     0.47002687
   63    75     0.63124272
   63   450     0.48508175
   63   766     1.20314534
   63   319     0.81408314
   64   111     0.45243872
   64   221     0.45395596
   64   878    -0.27569661
   64   390    -1.86108308
   65   420     2.26787499
   65   982     0.05246668
   65   745     0.80547237
   65   913     0.03820765
   66   351     0.67704060
   66   432    -0.93010141
   66   665     0.84919428
   66   736    -1.47619433
   67   157     1.37202695
   67   892     0.51239332
   67   640    -0.51000939
   67   474     0.24022595
   68   398    -0.27097979
   68   232     0.63343645
   68   303     0.17953763
   68   143     2.10784757
   69   412    -0.06086771
   69    72     1.48238498
   69   289    -1.79921568
   69   109     0.75621245
   70   978    -1.40475885
   70   149     1.14070687
   70    91    -0.90562933
   70   638    -0.80350260
   71   195     0.40373989
   71   681     1.87243488
   71   484    -2.45715408
   71   888     0.33810767
   72   146     0.10404439
   72    69     1.48238498
   72   488     0.14533952
   72   397    -0.31207152
   73   772     0.39609085
   73   416    -0.05728535
   73   532     1.90382174
   73   171     0.73121119
   74   666     0.74922875
   74   708    -0.66062451
   74   422    -1.73790219
   74   274    -0.46478506
   75   544     0.21535362
   75    63     0.63124272
   75   198    -0.31130660
   75     4     1.83750146
   76   712     0.67218084
   76   671    -0.28003735
   76   682     0.51939718
   76   660     0.59425934
   77   233    -0.07928880
   77   171     0.04959830
   77   398     0.14211258
   77   928     1.12157981
   78   575    -0.16161526
   78   751    -0.21698524
   78    94     1.21566684
   78   774     0.19774822
   79    95     0.68852129
   79   971     0.00563135
   79    21    -2.24189736
   79   237     2.24871507
   80   863    -0.44880746
   80   495     0.14064550
   80   283     0.61586352
   80   785     1.39126127
   81   711     0.53719707
   81   315     1.75070540
   81   257    -0.55930959
   81   533     0.68086133
   82   475     0.74193323
   82   953     0.54206351
   82   780     1.35538104
   82   644    -0.33936554
   83   278    -0.54811820
   83   377     0.49796817
   83    16    -0.22416237
   83   698     0.07897660
   84   444     0.31872553
   84   650    -1.84262620
   84   594     1.52762147
   84   504     0.31112081
   85   255     0.05796223
   85    29     0.66333690
   85   824     0.36557051
   85   980     0.26082418
   86   581     1.61649974
   86   791    -1.13926813
   86   141     0.33332293
   86   662    -0.97399853
   87   228     1.02050480
   87   364     1.10032150
   87   487     0.61506189
   87   985     0.21059987
   88   871    -0.01640040
   88   734     1.67048779
   88   820    -0.55244574
   88   943     0.13341376
   89   341    -2.90817813
   89   721     1.08411540
   89   564     0.50777829
   89   168     0.48254119
   90   747    -0.24384486
   90   592    -0.71707830
   90   127    -1.10987179
   90   870    -0.61442790
   91   916     0.25883828
   91   314    -0.85039564
   91   782     0.25995450
   91    70    -0.90562933
   92   653     0.46581957
   92   732    -0.01657560
   92   523    -0.87761541
   92   110    -0.54470138
   93   185    -0.85189323
   93   743     1.65821662
   93     7    -0.48263870
   93   332    -1.07712178
   94   551     1.96462838
   94   247    -0.21009811
   94   799     2.02190947
   94    78     1.21566684
   95    79     0.68852129
   95   862    -0.24073988
   95   260     0.93045283
   95   768     1.10598280
   96   893    -1.96092577
   96   162     1.65880418
   96   342    -0.25989196
   96   139     0.81770809
   97     8     0.12205169
   97   639     0.56101685
   97   777     1.54056399
   97   708    -0.44147444
   98   344    -1.08907872
   98   486    -0.14499589
   98   269     0.77420138
   98   984     0.37813838
   99   313     0.22895211
   99   528     0.78166926
   99    21    -0.04658444
   99   153     0.81712427
  100   756     0.07765622
  100   174     0.30445844
  100   883     0.15484050
  100   354     0.00563147
  101   939     0.66069919
  101    51     0.73051337
  101   182    -0.06452950
  101   660    -0.41944709
  102   745     0.29411484
  102   512    -0.67746879
  102   897    -2.25370527
  102   937    -0.62819572
  103   274    -0.12235705
  103     9     0.06432006
  103   670    -0.29681386
  103   713    -0.72367128
  104   697    -0.12535355
  104   131     0.81655559
  104   583     0.30696015
  104   328     0.20098933
  105   132     0.12148321
  105   199     0.91069548
  105   845     0.58971875
  105   936     0.01118190
  106   225    -1.60116326
  106   735    -0.54769069
  106   693    -0.15743339
  106   824    -1.89135266
  107   861    -0.12651994
  107   858    -2.04665459
  107   465     0.05254610
  107    35     0.17143161
  108     1     1.42225970
  108    12     1.16579792
  108   287     0.61178918
  108   123     1.18186086
  109   400     1.24861426
  109   543    -0.75921432
  109    32     0.18890286
  109    69     0.75621245
  110   254    -0.78361799
  110    92    -0.54470138
  110   872    -1.21534019
  110   809    -0.38632871
  111    64     0.45243872
  111   418     0.13163721
  111   959    -0.40759753
  111   231     0.34378756
  112   126     0.74598874
  112   716     0.20768756
  112   639     0.19835518
  112   570    -0.58044005
  113   924     0.27213999
  113   604     0.67316395
  113   917     0.06357874
  113   405    -0.13042742
  114   253     1.04195757
  114   940     0.70688565
  114   349    -0.14790296
  114   159     0.50478423
  115   697    -0.88687819
  115   350    -0.20738364
  115   598    -0.50917190
  115   624     0.58262375
  116   378    -3.23638270
  116   676     1.57376215
  116   264    -1.40319539
  116   987     0.26318248
  117   965     1.31376509
  117   718    -1.58724476
  117   693     0.21765937
  117   623    -2.19563097
  118   635    -0.91917874
  118   770    -2.30367500
  118   887     0.01026603
  118   364    -1.84690037
  119   598     1.57487179
  119    56     0.22260511
  119   757     1.29161424
  119   886     0.91251234
  120   301    -0.87759044
  120   935    -0.14333898
  120   513    -2.30557253
  120   415    -0.48327763
  121   543     1.37448241
  121   799     0.50320446
  121   395     0.38054007
  121   582     0.61833315
  122   588    -0.23691302
  122   811     0.30123511
  122   911    -0.50746155
  122   512     1.00266165
  123   655    -1.06407291
  123   919     1.40806434
  123   734     2.63291119
  123   108     1.18186086
  124   154     1.39536861
  124   901     0.68585253
  124   541     1.45772511
  124   641     0.56402409
  125   143     1.34735904
  125   651    -2.01508002
  125   814     0.87639957
  125   183     1.20612808
  126   112     0.74598874
  126   978     1.72136459
  126   799     1.36014385
  126   166    -0.27687681
  127    90    -1.10987179
  127   165    -0.57140796
  127   248    -1.88240739
  127   365    -0.62231319
  128   635     0.77066605
  128   868    -0.75250522
  128   404    -0.60984595
  128   140     2.09159639
  129   972     0.53750112
  129   267    -2.10534846
  129   522    -1.57602972
  129   854    -0.13507448
  130   520    -0.53428045
  130   547    -0.16859094
  130   202    -0.47773079
  130   753    -0.89761664
  131   396    -0.91795258
  131     3    -0.71459246
  131   611     0.66699759
  131   104     0.81655559
  132   105     0.12148321
  132   882     0.02311091
  132   831     0.98921085
  132   993    -0.80493429
  133   403     1.74698362
  133   883    -1.51633050
  133   242     0.69172509
  133   726    -1.20714513
  134   937    -0.89753882
  134   746    -1.09530325
  134   302     0.81628029
  134   249    -0.58620976
  135   219     1.43479929
  135   606     0.98190521
  135   183     0.64048181
  135   687     0.89611404
  136   184     0.30053815
  136   818    -1.71118352
  136   737     1.58764207
  136   294     1.09496917
  137   995    -1.07505953
  137   898     0.90982803
  137   288    -0.93725358
  137   364    -1.19533794
  138   482    -0.60165775
  138   332    -0.65194624
  138   860    -0.90416209
  138   301     0.18137719
  139    59    -1.03971807
  139   554     0.65525119
  139    96     0.81770809
  139   929     1.47112014
  140   390     0.91591640
  140   591    -0.27415730
  140   128     2.09159639
  140   562     1.36974027
  141   528    -0.00889120
  141   162     1.08769453
  141   847     0.13167579
  141    86     0.33332293
  142   674     0.31264705
  142   271    -0.24148465
  142   927    -1.27916242
  142   781     0.36600275
  143   125     1.34735904
  143   941     0.68730494
  143    68     2.10784757
  143   699     1.04724053
  144   727    -0.12897117
  144   501    -0.43208492
  144   363    -0.00132826
  144   616     0.99687973
  145   826    -0.02729841
  145   283     0.62101359
  145   657    -0.00115579
  145   911     0.04192891
  146   184     0.59156164
  146    72     0.10404439
  146   240    -0.20577623
  146   818     1.48001510
  147   320     0.11669140
  147   578    -0.47435079
  147    20     0.87331574
  147   679    -0.79688235
  148   625    -0.51196855
  148   778     0.58442962
  148   684    -1.17415655
  148   164     0.13795782
  149    24    -0.01776533
  149    70     1.14070687
  149   468     1.99185779
  149   562     0.22604819
  150   246    -0.69772507
  150   866    -0.08225066
  150   221    -1.39020742
  150   286     0.35185408
  151   206     0.13759963
  151    14     0.55539659
  151   742    -0.27468766
  151   503     2.43380496
  152   210    -0.80159659
  152   536    -0.15251329
  152   742    -0.24729880
  152   339    -0.78710602
  153   185    -1.08678851
  153   881     0.58352566
  153    99     0.81712427
  153   483    -0.53701776
  154   124     1.39536861
  154   908    -0.15491828
  154   674    -1.32704896
  154   641    -1.24100243
  155   476     0.19929999
  155   371     0.42966711
  155   525     0.28815990
  155   725     0.40187580
  156   183     1.37810358
  156   233    -0.34048632
  156   562    -0.40089744
  156   580    -0.09376644
  157   250    -1.09416918
  157    67     1.37202695
  157     3     0.62981460
  157   310     0.14114107
  158   915    -0.09135288
  158   303     0.90891769
  158   239    -0.29952856
  158   645    -0.95376509
  159   939    -0.11510568
  159   114     0.50478423
  159   752    -0.91562498
  159   978     1.86471306
  160   471    -0.63693100
  160   308    -1.44926061
  160   830    -0.10795320
  160   234    -0.95306597
  161   548    -0.32639385
  161   424     0.11632026
  161   546    -0.01021479
  161   282     0.31921711
  162   764    -1.17041022
  162   141     1.08769453
  162    96     1.65880418
  162   486    -0.54630527
  163    61     0.62217746
  163   534     0.61117782
  163   256     0.51370650
  163   583     1.07508080
  164   425    -1.19966350
  164   184    -0.43226149
  164   352    -0.39537163
  164   148     0.13795782
  165   280     0.66815802
  165   732     0.32455518
  165   127    -0.57140796
  165   763    -1.94845770
  166   975    -2.12216626
  166   667    -0.82350582
  166   598    -1.05354197
  166   126    -0.27687681
  167   681     0.09639379
  167   225    -1.62292524
  167   479    -1.46922861
  167   859    -0.19692634
  168   452    -0.96215893
  168   197     2.73399694
  168    89     0.48254119
  168   863    -1.38306926
  169   767     1.10507534
  169   632    -0.82213320
  169   253     0.50541320
  169   627     0.66830623
  170   350    -0.05907044
  170   944     0.92790690
  170   374     0.06753639
  170   434     0.69290882
  171    77     0.04959830
  171   810    -0.68143352
  171   596     0.06630628
  171    73     0.73121119
  172    42     0.95435019
  172   404     1.26394035
  172   623     0.98633458
  172    62    -0.25692756
  173   952     0.12689218
  173   584    -1.46247638
  173   663    -0.29922065
  173   820     0.93708014
  174   100     0.30445844
  174   381    -1.45757454
  174   362     1.71382929
  174   553    -0.44020913
  175   633     0.70100248
  175   193     0.68091156
  175   381    -2.50963389
  175   189    -0.36817121
  176   497     1.50472003
  176   203     0.24824344
  176   461     0.73699686
  176   846    -1.02610862
  177   344     0.74900248
  177   196     0.19536830
  177   974     0.51747338
  177   995    -1.44562127
  178   541     0.44049523
  178   264     0.11966309
  178   340    -0.42554684
  178   730    -0.25957864
  179   597     0.66498078
  179   574     0.76228724
  179   848     0.01544119
  179   213    -0.51051759
  180   853     0.05426460
  180     1     1.55216003
  180   332    -0.92704938
  180   774    -0.97249736
  181   694    -1.91143166
  181   334     0.46305819
  181    60    -0.08260492
  181   966     0.50723015
  182   513     0.91832042
  182   861    -0.10857804
  182   346    -1.57174389
  182   101    -0.06452950
  183   156     1.37810358
  183   702    -1.52705788
  183   135     0.64048181
  183   125     1.20612808
  184   146     0.59156164
  184   136     0.30053815
  184   164    -0.43226149
  184   680     0.11133141
  185   153    -1.08678851
  185    93    -0.85189323
  185   892     1.12496458
  185   634    -0.28944623
  186   680    -2.82057116
  186   792    -0.85655037
  186   921     1.12891941
  186   360    -0.49978992
  187   485     0.97061012
  187   353    -1.07499017
  187   246     0.02964906
  187   384     1.15038185
  188   537    -0.02086109
  188   830    -0.18591441
  188   786    -2.47384557
  188   658    -0.89940200
  189   201     0.60565648
  189   615     0.21350504
  189   864     1.24893168
  189   175    -0.36817121
  190   285    -0.63977304
  190    11     0.41999385
  190   915    -0.24605643
  190   363    -0.88133726
  191   309    -0.32920734
  191    23    -0.34291027
  191   669     0.85513613
  191    20    -1.14035093
  192   594     0.70129736
  192   470     0.07804873
  192   554     1.39458114
  192   507    -2.93852371
  193   363     0.36181807
  193   601    -0.64693426
  193   175     0.68091156
  193   900    -0.16738783
  194   827    -0.52427835
  194   917     2.20846666
  194   358    -0.55586635
  194   394    -0.10112554
  195    71     0.40373989
  195   629     0.75595385
  195   564     0.33141267
  195   581    -1.68341276
  196   177     0.19536830
  196   302     0.52076523
  196   907    -1.38491306
  196   875    -1.06272415
  197   909     1.89344587
  197   168     2.73399694
  197   889     1.54745962
  197   898     0.64138315
  198   671    -0.33924062
  198    75    -0.31130660
  198   491    -0.21021250
  198   985     2.04665012
  199   105     0.91069548
  199   607    -1.18154606
  199   397    -0.81109223
  199   252     1.48266651
  200   629    -0.44818234
  200   982     2.15558800
  200   912     0.55689088
  200   739    -0.61335251
  201   189     0.60565648
  201   251     0.90890115
  201   527     0.42459094
  201   655     1.46690580
  202   592    -0.92067088
  202   829    -1.47503158
  202   130    -0.47773079
  202   864     0.57909814
  203   176     0.24824344
  203   241     0.78224476
  203   758     0.76169994
  203   806    -0.14450474
  204   871    -0.96982984
  204   678     0.47707914
  204   519    -0.74810945
  204   906     1.50460990
  205   894    -0.65299535
  205   493     0.24472702
  205   698     1.52122385
  205   351     1.06732805
  206   151     0.13759963
  206   746     0.21948028
  206   817     1.35827417
  206   925    -1.44886367
  207   482    -1.61036549
  207   690     0.34919670
  207   705    -1.04974817
  207   877     0.05697646
  208   835    -0.03531027
  208   750     0.60997872
  208   897     0.69323797
  208   377     2.07784471
  209   982     0.45949887
  209   468    -0.45144876
  209   608     0.89513252
  209   511    -0.82487451
  210   834     0.83004495
  210   152    -0.80159659
  210   895    -0.43290713
  210   547     0.48255467
  211   365    -1.56859808
  211    59     1.30502945
  211   226    -1.22042945
  211   781    -0.29293462
  212   213    -1.79158189
  212   584     1.24940887
  212   760    -0.22256638
  212   367    -0.40575299
  213   212    -1.79158189
  213   504     1.61067967
  213   300     0.88282468
  213   179    -0.51051759
  214   419     0.15034500
  214   252    -1.93309157
  214   375     0.14147087
  214    13     1.14458297
  215   425     1.41652890
  215   258     0.47141476
  215   713     0.97873126
  215   358     0.27389291
  216   700    -0.25106055
  216   241     0.12331484
  216   661    -0.91368129
  216   563     0.05658347
  217   702     0.85293569
  217   737    -1.90769154
  217   524     0.15085813
  217   929    -0.17611163
  218   577    -1.15021585
  218   524    -0.26772588
  218   767     1.93593353
  218   771    -0.67149557
  219   135     1.43479929
  219   842     0.22779173
  219   785     1.08341027
  219   246     0.36692299
  220   288     0.00190111
  220   661    -0.67036834
  220   505     1.39865576
  220   379     0.95051536
  221   150    -1.39020742
  221    64     0.45395596
  221   569     0.18075770
  221   753     0.19871075
  222    57     1.81787463
  222    41     0.56383988
  222   394    -0.34168845
  222   822     0.29240482
  223   643    -0.82028644
  223   671    -0.15759199
  223   818    -0.09860850
  223   711    -0.28318091
  224   705    -0.44983715
  224   343     0.88148513
  224   434    -1.56718496
  224   240    -0.59780044
  225   480    -1.09022109
  225   526     0.14892411
  225   106    -1.60116326
  225   167    -1.62292524
  226   703    -0.02314636
  226   983     0.43880137
  226   211    -1.22042945
  226   827    -1.32477296
  227   649    -0.85532042
  227   993    -0.29642758
  227   501     0.11914686
  227    17     2.14565979
  228    87     1.02050480
  228   443    -0.22797024
  228   479     0.90590644
  228   305     0.92322410
  229   288     1.35723617
  229   977     0.18729418
  229   521    -0.57360874
  229   835     1.51049527
  230   469     0.24376042
  230   361    -0.55355978
  230   945    -0.12123150
  230   887    -0.80481945
  231   678    -1.77046576
  231   390     1.13066948
  231   543    -1.02453394
  231   111     0.34378756
  232   968     0.19039039
  232   435    -0.31780021
  232    68     0.63343645
  232   305     0.40545565
  233    77    -0.07928880
  233   156    -0.34048632
  233   877    -0.11782216
  233   621     0.42948442
  234   492    -1.19677634
  234   264    -0.59304078
  234   971    -0.02389296
  234   160    -0.95306597
  235   702     0.87210494
  235    37    -1.05372078
  235   402    -0.92472901
  235   494     0.33632149
  236   589     1.77930566
  236   261    -0.67919115
  236   396    -0.62077004
  236   783     2.29112002
  237   842     2.66547305
  237   740    -2.91014275
  237   454    -1.34141545
  237    79     2.24871507
  238   512     0.32992240
  238   820     1.20844949
  238   425    -0.22771181
  238   369     0.46268370
  239   460     0.20830446
  239   795    -0.31770256
  239   345     0.90340903
  239   158    -0.29952856
  240   980    -0.44265558
  240   146    -0.20577623
  240   858     0.22049224
  240   224    -0.59780044
  241   203     0.78224476
  241   788    -0.92527808
  241   216     0.12331484
  241   545    -0.05529434
  242    58    -0.70314639
  242   133     0.69172509
  242   458    -1.09370844
  242   459    -0.48344890
  243   684    -0.07599629
  243   832    -1.47428263
  243   646     0.87300753
  243   653     0.93421887
  244    26    -0.06195344
  244   560     1.78986643
  244   955     0.00508893
  244   379     0.58449035
  245   634    -0.22444945
  245   760    -0.34768128
  245   481     1.11380308
  245   823     1.50598825
  246   150    -0.69772507
  246   617     0.37354852
  246   187     0.02964906
  246   219     0.36692299
  247    94    -0.21009811
  247   485    -1.02394716
  247   834    -0.89481227
  247   387     0.27708096
  248   127    -1.88240739
  248   747     0.14044756
  248   445     2.03341090
  248   819     0.79575372
  249   500    -1.53390881
  249   264    -1.75037888
  249   457    -0.82815013
  249   134    -0.58620976
  250   807     0.34957210
  250   157    -1.09416918
  250   535     0.32465071
  250   668     1.13899551
  251   901     0.87801176
  251   201     0.90890115
  251   961    -0.36358954
  251   769     1.65083818
  252   496     1.84789708
  252   214    -1.93309157
  252   199     1.48266651
  252     2     1.68299554
  253   114     1.04195757
  253   490    -0.82391859
  253   898     0.16475198
  253   169     0.50541320
  254   531    -0.73127316
  254   431     0.61485988
  254   435     1.16269358
  254   110    -0.78361799
  255    85     0.05796223
  255   683    -0.31564861
  255   991     0.31524042
  255   661     0.15072229
  256   415     1.98038316
  256   342    -0.06170694
  256   163     0.51370650
  256   644     0.57594003
  257   619     0.68510009
  257   824    -0.71804999
  257    81    -0.55930959
  257   626     0.69639678
  258   215     0.47141476
  258    28     1.21803338
  258    22     1.36585253
  258   456    -0.31200663
  259   378    -1.51803686
  259   795    -0.43795416
  259   623     0.56765588
  259   584     0.24656539
  260   442    -1.34121174
  260    95     0.93045283
  260   506    -0.59462806
  260   645    -0.57572553
  261   236    -0.67919115
  261   304    -0.98984039
  261    43     0.28833716
  261   615    -0.12125036
  262   570    -0.63776240
  262   636     0.45508672
  262   606     0.31577319
  262   866     0.95800293
  263   654     0.95942505
  263     0    -0.36953227
  263   731     1.62750358
  263   893     0.33284384
  264   249    -1.75037888
  264   178     0.11966309
  264   234    -0.59304078
  264   116    -1.40319539
  265   515    -0.57792387
  265   854    -1.36979047
  265   895     1.39275478
  265   624     0.14926808
  266   876     1.68845410
  266   877     1.54012428
  266   646    -0.20501869
  266   318    -0.46221134
  267    31    -1.23490298
  267   593    -0.88275601
  267   129    -2.10534846
  267   859    -1.26867417
  268    58     0.64540574
  268   446     0.16183148
  268   455     1.59926574
  268   666     0.48611209
  269   901    -1.85761738
  269   496     0.82900349
  269    98     0.77420138
  269   803     1.03680488
  270   307    -0.22848720
  270   919    -0.36586362
  270   746    -0.16256403
  270   696    -0.02491832
  271   738    -0.57337288
  271   556    -1.13728589
  271   142    -0.24148465
  271   521     1.19285809
  272   560    -0.83104817
  272   891     0.16477567
  272   327    -0.19567577
  272   637     0.11706000
  273   749     0.85728844
  273   290    -0.57676705
  273   551    -2.03982858
  273   426     0.52486675
  274   103    -0.12235705
  274    74    -0.46478506
  274   635     0.90491579
  274   898    -0.43340441
  275   803     0.37886328
  275   464    -0.39591830
  275   645    -0.26841309
  275   451    -0.77690030
  276   765    -0.69693668
  276   443    -0.15635856
  276   926    -0.68590036
  276   463     0.91411703
  277   554    -0.67876535
  277   361     0.54173863
  277   673    -1.00404941
  277   754     1.29785915
  278   394    -0.25376901
  278    83    -0.54811820
  278   567    -1.13457824
  278   974    -0.59864414
  279   317     0.83338546
  279    51    -0.33018676
  279   842    -0.73027096
  279   990    -0.18048626
  280   548    -0.89440094
  280   165     0.66815802
  280   376     0.15807214
  280   298     0.95285529
  281   936    -1.55614592
  281   763    -0.22239861
  281   324    -0.60395803
  281    28     1.33095053
  282   382    -0.24899001
  282   936     0.33465101
  282   955    -0.80567228
  282   161     0.31921711
  283   145     0.62101359
  283   598    -0.65320450
  283    22     0.22009593
  283    80     0.61586352
  284   794     0.12896184
  284   515     0.43317932
  284   765    -1.50804877
  284   677     0.60163899
  285   190    -0.63977304
  285    17    -0.35916360
  285   844     0.34286675
  285   600    -0.47226891
  286   150     0.35185408
  286   927    -2.27607958
  286    33     0.83094677
  286   301    -1.97318299
  287   934     0.50253759
  287   752     0.07938155
  287   108     0.61178918
  287    54     0.26072916
  288   229     1.35723617
  288   137    -0.93725358
  288   220     0.00190111
  288   331     0.60690552
  289   436    -0.15473808
  289   961     1.44536844
  289    69    -1.79921568
  289   712     1.07294176
  290   273    -0.57676705
  290   925    -0.05551856
  290   885    -0.11581575
  290   341     0.14067700
  291   458    -0.03233108
  291   924     0.96585908
  291   475    -0.63082785
  291   917     0.89381589
  292   843     0.21654814
  292   569    -0.76581923
  292   440     0.74596140
  292   850    -1.29916810
  293   690    -0.68867801
  293   956     0.84193203
  293    24    -0.64425743
  293   890    -0.24092473
  294   689    -0.20164743
  294   461    -0.04518413
  294   531    -0.43864501
  294   136     1.09496917
  295   672     0.37616672
  295    42    -0.29354597
  295   795     0.62013701
  295    13     0.15152107
  296   546    -1.29569179
  296   832    -0.00136592
  296    38    -1.45286900
  296   764     0.22775265
  297   609    -0.52570231
  297   429     0.88744028
  297   933     1.34892872
  297   399    -0.07662232
  298   810     0.59736262
  298   733    -0.57168047
  298   280     0.95285529
  298   612     1.67107122
  299   309    -0.87031208
  299   672    -0.25159412
  299   623    -1.61494288
  299   407     0.71632065
  300   512     1.40413687
  300   213     0.88282468
  300   525    -0.22515572
  300   356    -0.36273328
  301   120    -0.87759044
  301   317     1.72845646
  301   138     0.18137719
  301   286    -1.97318299
  302   874    -0.59743475
  302   884    -0.51530684
  302   196     0.52076523
  302   134     0.81628029
  303   311     1.65850729
  303   158     0.90891769
  303    68     0.17953763
  303    49    -0.89511468
  304   676     0.76989517
  304   261    -0.98984039
  304   854     1.71710881
  304   336     1.39260872
  305    48     0.15492980
  305   650     1.33566279
  305   232     0.40545565
  305   228     0.92322410
  306   821    -1.59616287
  306   540    -0.69407336
  306   616     0.47070765
  306   801    -0.09727062
  307   270    -0.22848720
  307   870    -1.79922339
  307   689    -0.42240421
  307   373    -0.41274286
  308   160    -1.44926061
  308   944     0.03064010
  308   855     1.03491286
  308   754     0.34640650
  309   711     0.05726391
  309   299    -0.87031208
  309   191    -0.32920734
  309   566     0.49017147
  310   513    -0.01069118
  310   360     0.52270905
  310   599     0.81782846
  310   157     0.14114107
  311   303     1.65850729
  311   339    -0.66345580
  311   800    -0.14642379
  311   731    -2.09843897
  312   579     0.67904663
  312   391     0.34586518
  312   644     0.98240776
  312   825     0.08744208
  313    99     0.22895211
  313   571     0.96402995
  313   953     1.15103959
  313   852    -2.32007743
  314   398     1.66169930
  314    91    -0.85039564
  314   344    -0.35881706
  314    23    -0.87073993
  315   579    -1.13674883
  315    81     1.75070540
  315   829     1.24725156
  315   615     1.87018233
  316   956     0.17867739
  316   423    -0.39898226
  316   429    -0.55318190
  316   440     0.32083493
  317   279     0.83338546
  317   301     1.72845646
  317   367     0.12107213
  317    18     1.98106288
  318   472     1.29449521
  318   872     1.04391153
  318   875    -0.31073603
  318   266    -0.46221134
  319   836     0.13160006
  319   376    -0.26486818
  319   954    -0.23583414
  319    63     0.81408314
  320   526     0.64140184
  320   147     0.11669140
  320   535     0.28991366
  320   348    -0.63502340
  321   577    -0.18670678
  321   900    -1.12476956
  321   407    -1.30591886
  321   553     3.72561624
  322   651    -0.22160851
  322   808     0.02256517
  322   413     1.06229252
  322   325     1.15802743
  323    42    -1.84066116
  323   821    -1.43540934
  323   395     0.27958612
  323   960    -0.53197472
  324   659     0.14643404
  324   327    -0.06332710
  324   561    -0.06414037
  324   281    -0.60395803
  325    19     1.25140017
  325   559    -0.55348827
  325   322     1.15802743
  325   828     1.22848166
  326   585     0.10563251
  326   477     0.57134276
  326   766    -0.80984374
  326   553    -0.65720217
  327   272    -0.19567577
  327   324    -0.06332710
  327   613    -0.20914428
  327   717    -1.03230115
  328   529    -0.13430844
  328   596     0.63398386
  328   419    -0.85347404
  328   104     0.20098933
  329   539     2.31016616
  329     7    -0.27637476
  329   533     0.98991709
  329   597    -0.78764838
  330   390    -0.23185600
  330   463     0.37875445
  330   866     2.51842814
  330   969    -0.86113126
  331   288     0.60690552
  331   568     0.54288823
  331   791     0.45344406
  331   897     1.21948607
  332   138    -0.65194624
  332    93    -1.07712178
  332   180    -0.92704938
  332   704     1.05920358
  333   847    -0.07096649
  333   998     1.55339402
  333   492    -1.80154368
  333   975     0.28298572
  334   673     0.86611590
  334   181     0.46305819
  334   486     0.08433656
  334   573    -1.10255170
  335   569     0.95714467
  335   748    -0.01406557
  335   804     0.05424113
  335   675    -0.07221381
  336   467    -0.95308650
  336   921     0.56194883
  336   400     0.95874186
  336   304     1.39260872
  337   470    -0.65373602
  337   720    -0.83223204
  337   962    -1.35873910
  337   737     0.25985687
  338   472     0.90740156
  338   488    -1.66169799
  338   558     0.52751813
  338    40    -0.60495123
  339   311    -0.66345580
  339   883    -0.21282769
  339   408     0.02982975
  339   152    -0.78710602
  340   557     1.06287869
  340   178    -0.42554684
  340   805     0.00427312
  340   345    -0.16923152
  341    89    -2.90817813
  341   649    -0.01436609
  341   290     0.14067700
  341   635    -0.07926113
  342   691    -0.95745143
  342   256    -0.06170694
  342   964     0.97097698
  342    96    -0.25989196
  343    56    -0.27260179
  343   881    -0.28863514
  343   999    -0.00247349
  343   224     0.88148513
  344    98    -1.08907872
  344   177     0.74900248
  344   314    -0.35881706
  344   907    -0.88346771
  345   759    -0.16452060
  345   340    -0.16923152
  345   529     0.41251449
  345   239     0.90340903
  346   405     1.07149366
  346   925     1.03612749
  346   182    -1.57174389
  346   967    -0.68671880
  347   594     2.30502464
  347    49     0.54846105
  347   749     0.45017915
  347   865     0.41188277
  348   439    -1.73476822
  348   320    -0.63502340
  348    52    -0.40628422
  348   785     1.11753091
  349   473    -0.57282385
  349   631     0.67127453
  349   114    -0.14790296
  349   792    -1.25530567
  350   170    -0.05907044
  350   115    -0.20738364
  350   410    -0.95346631
  350   426    -0.34870576
  351   621     1.66277403
  351    66     0.67704060
  351   931     1.90852241
  351   205     1.06732805
  352   631     1.36721809
  352   601     0.59218605
  352   164    -0.39537163
  352   456    -1.44055068
  353   187    -1.07499017
  353   483     0.41289498
  353   921     2.09285822
  353   357     0.96989212
  354   899    -1.39744166
  354    27    -0.18929872
  354   774    -0.38512773
  354   100     0.00563147
  355   587    -0.59661363
  355   821    -0.01893329
  355   781     0.82980015
  355   794    -1.18780468
  356   300    -0.36273328
  356   433     0.15418199
  356   728     0.20958236
  356    15     0.92870956
  357   896     1.14434551
  357   353     0.96989212
  357   505    -0.11073360
  357   757    -1.00543101
  358   194    -0.55586635
  358   215     0.27389291
  358   843    -1.04436716
  358   991     0.71981881
  359   388    -1.43362293
  359   590     0.90562175
  359   700    -0.85868254
  359   859     0.23663226
  360   456     2.15027762
  360   310     0.52270905
  360   186    -0.49978992
  360   530    -2.22205801
  361   230    -0.55355978
  361   939    -1.49315031
  361   277     0.54173863
  361   949     0.51865258
  362   480     0.82926142
  362   586    -0.41601325
  362   174     1.71382929
  362   753    -0.10680524
  363   193     0.36181807
  363   602    -1.44344094
  363   190    -0.88133726
  363   144    -0.00132826
  364   887     0.13082415
  364    87     1.10032150
  364   137    -1.19533794
  364   118    -1.84690037
  365   211    -1.56859808
  365     9    -2.33869930
  365   127    -0.62231319
  365   542    -0.64526379
  366   740     0.46005871
  366   654     0.36228973
  366   797     0.74216806
  366     4     0.07248618
  367   664    -0.54760455
  367   686    -1.79091765
  367   317     0.12107213
  367   212    -0.40575299
  368   589     0.69434052
  368   889     0.53712774
  368   402    -0.52491353
  368   438     0.57906640
  369   502    -1.61657448
  369    45     2.49486854
