#Random regular graph with connectivity C = 10
#Vertices:	Bonds:
#	1000		5000
    0   147    -0.79747895
    0   313     0.10602540
    0   446    -0.62744751
    0   751    -0.07354091
    0    11    -1.23940378
    0   531    -1.20154600
    0   779     0.46752265
    0   980     1.64715380
    0   131    -0.67560722
    0   984    -0.05753038
    1   605    -1.69247177
    1   865    -0.81359379
    1   134    -0.39297429
    1   149    -0.90423479
    1    83    -0.27261751
    1   947    -1.68271024
    1   581     0.15633937
    1   360     0.20525618
    1    19    -2.15321534
    1   111    -0.23721631
    2   218    -2.12485031
    2   165     0.49279246
    2   542    -1.54845311
    2   712     0.88670000
    2   503     0.04974037
    2   763     0.18950314
    2   558    -1.04098337
    2   224     0.54009092
    2    94     1.14230541
    2   992     1.90636393
    3   115     0.83312628
    3   544     0.77284709
    3   737    -0.01287482
    3   224     0.69554493
    3   418    -2.22156908
    3   733    -0.86701113
    3   568     0.62482970
    3   863     1.55691223
    3    54     0.97699750
    3   231     0.22460930
    4   344     2.59840154
    4   671    -0.98604172
    4    86     0.46136446
    4   740     0.13930938
    4   910     1.53844060
    4   467    -1.59965865
    4   239     0.08106844
    4   615     0.47289304
    4   170     1.34486341
    4   744     0.32933261
    5   917    -0.10947067
    5   475    -0.86613731
    5   594     1.62504606
    5   965     0.56699093
    5    26     0.30692347
    5    86     0.02348710
    5   327     0.03729143
    5   175     1.06174370
    5   678     0.95736379
    5   172     0.23306526
    6    44    -1.26370748
    6   724     0.50411549
    6   887    -0.05716613
    6   498    -0.46123170
    6    17    -0.56011482
    6   537     1.95840931
    6    31     0.28012340
    6   659     0.49669377
    6   677    -0.24528631
    6   529    -1.21554144
    7   567     1.00979546
    7   399    -1.05310483
    7   142     0.03015588
    7    45     0.11872297
    7   134     0.16826047
    7   174    -1.26968897
    7    23    -0.74913044
    7   211     1.06153629
    7   441     0.80917088
    7   625     2.20551843
    8   835     0.20136508
    8   131    -0.25675590
    8   121    -0.60911253
    8   466     3.57191724
    8   329    -1.42777069
    8   572     0.20723985
    8    12    -1.58838052
    8   695    -1.13390612
    8   955    -0.40729372
    8   848    -0.70960918
    9   637    -0.77894877
    9   631     0.01788152
    9   584     0.76015371
    9    36    -0.17659512
    9    58    -0.43170629
    9   168     0.51794826
    9   972     0.14615818
    9   798    -0.41807020
    9   322    -2.55557525
    9   944    -0.58902278
   10   542    -0.32380590
   10   728    -1.07160190
   10   221    -1.29804048
   10    20    -1.32957111
   10   935     0.68261573
   10   281    -0.10723691
   10   515     1.02166590
   10   425     1.13637986
   10   118    -1.10210977
   10   779    -1.06650527
   11   198    -1.49794996
   11   236    -0.23768966
   11   645     0.55011823
   11     0    -1.23940378
   11   723     1.42804649
   11   883    -0.02765194
   11   448    -0.77996645
   11   786    -1.25750389
   11   838    -1.14191719
   11   457    -0.34877180
   12   951    -1.32397726
   12   961     0.23533476
   12   579     0.13737556
   12   271    -0.15302802
   12    34    -1.31266725
   12   305     1.11590743
   12   801    -0.25394104
   12   255     0.42280269
   12     8    -1.58838052
   12   189    -0.43024684
   13   766    -0.60966894
   13   383     0.08363802
   13   269     2.52875055
   13   442     1.08267748
   13   634     0.11905707
   13   476    -0.50906040
   13   314    -0.62811914
   13   536    -0.97528989
   13   334     2.12506935
   13   531     0.53429321
   14   924    -0.36511751
   14   983    -1.31373067
   14   747     0.37586266
   14   199    -1.01461132
   14   768     0.32005831
   14   810     0.23010252
   14   837    -1.04912095
   14   932     0.05218656
   14   819     0.62520230
   14   665     0.18961524
   15   543    -0.34362615
   15   494    -0.71102230
   15   623     0.74072679
   15   513     0.67892113
   15   609    -0.36572783
   15   610     0.60312402
   15   126    -0.35711672
   15   952     0.10187160
   15   868     0.64441047
   15   935     1.41961964
   16   906    -1.65944790
   16   810    -1.78584029
   16   256     0.74403005
   16   464     0.29572162
   16   610    -0.70556397
   16   783     0.45479002
   16   638     0.26525772
   16   249    -1.04681145
   16   588     0.03164497
   16   888     0.88237018
   17   311     0.30927908
   17   825    -1.39130259
   17   242     0.75700867
   17   989     0.62233725
   17   572    -0.40555029
   17    57    -0.77402276
   17   614     0.38795668
   17   333    -0.91898541
   17     6    -0.56011482
   17   937     0.28362279
   18   179    -1.52749281
   18   591    -1.08020176
   18   399     0.18644333
   18   393    -0.24576122
   18   988    -1.17688733
   18   287    -1.51337649
   18   837     1.80229540
   18   492     0.04356029
   18   832     1.18672400
   18   112    -0.08359543
   19   589     0.16304787
   19   760     0.89074497
   19    68     0.98633103
   19   743     0.88642588
   19   692     0.23782446
   19     1    -2.15321534
   19   781     0.16801531
   19   789     0.22847880
   19    91     0.81561057
   19   928    -1.80181577
   20   315    -1.06336642
   20   722     0.83432125
   20    10    -1.32957111
   20   685    -0.96190068
   20   525     1.01705857
   20   516     1.43078364
   20   386    -0.11419945
   20   653     2.15257245
   20   630     0.93401825
   20   377     1.01805318
   21   305     0.61652086
   21   740     1.60374701
   21    82    -0.76368160
   21   535     1.04507556
   21    73     0.15689172
   21   469    -0.15217199
   21   396     0.19986629
   21   847     0.04854523
   21   803    -0.30315137
   21   427     2.52113349
   22   453    -0.67554446
   22   707     1.10057070
   22   417     0.73945894
   22   269     0.52226285
   22   596    -1.33253955
   22   690     0.64181093
   22   516    -0.25781169
   22   933    -1.43015305
   22   465     1.54090018
   22   880    -1.48398645
   23   210    -1.26517664
   23   846     0.81661831
   23   866     1.04753053
   23   907     0.84331312
   23   431     0.90539888
   23   705    -0.70596859
   23   524     1.92636901
   23     7    -0.74913044
   23   296    -0.33674772
   23   819     1.01997513
   24   112    -0.86620115
   24   688    -0.57652118
   24   612    -1.12296796
   24   331    -0.58260582
   24   645     0.77046059
   24   448     0.16263981
   24    31    -0.42639612
   24   135     1.48325165
   24   726     0.14249246
   24   309    -1.36324809
   25   164     0.31293227
   25   960     0.10580795
   25   273     2.43326868
   25   508     1.30986026
   25   810    -1.02959570
   25   514    -0.10961947
   25   673    -0.96213440
   25   649    -1.80523280
   25   734     0.00476272
   25   411     1.87441606
   26   602     0.48662341
   26   509     0.99085414
   26   230    -0.68075819
   26     5     0.30692347
   26   168    -0.58269499
   26   861    -1.65635590
   26   668     1.07082131
   26   814     0.26736463
   26   937    -0.19122433
   26   827    -0.99984239
   27   126     1.88523268
   27   675    -0.32806594
   27    63     0.34224783
   27   421     2.32206317
   27   894     0.10542975
   27   587     0.24679427
   27   549    -0.38221702
   27   611    -0.50740408
   27   821    -0.67132967
   27   861     0.50257616
   28   446    -1.43944968
   28   234     0.23627650
   28   580     1.36552970
   28   917    -0.12592294
   28   132    -0.24398362
   28   457     1.05123104
   28   782    -0.20272186
   28   786     0.01900332
   28   236     0.03222456
   28   826     0.63628195
   29   728    -1.07017129
   29   786     0.05846518
   29   820     2.38406370
   29   939    -0.73857620
   29   617     1.19263067
   29   543    -1.18092625
   29   126     1.66359513
   29   112     1.51908258
   29   226     0.63396455
   29   421    -1.22499069
   30   662     0.89640353
   30   555     1.17737002
   30   328    -0.71202733
   30   755     0.30351784
   30   349     0.53298757
   30   397     0.06900114
   30   958     0.50747395
   30   166     1.51179114
   30   350     1.81965472
   30   865     0.63302283
   31   939    -0.08130346
   31    98     0.29539694
   31    24    -0.42639612
   31    79     1.31876268
   31   748     1.14882586
   31    67     0.13218083
   31   640    -0.92962992
   31     6     0.28012340
   31   141    -0.55032937
   31   472    -1.15182174
   32   556     0.08282468
   32   104    -2.09961978
   32   793     0.65987212
   32   476     0.19861021
   32   444     0.28510832
   32   962     1.48241939
   32   642    -0.43996126
   32   327    -1.53458510
   32   849    -0.21759176
   32   932     0.06058856
   33   390     0.64165267
   33   850     0.11946288
   33   409    -1.19207358
   33   382    -0.98738713
   33   573    -1.16646922
   33   387     0.81432046
   33   106    -1.50512310
   33   980     0.40038035
   33   940    -0.04435376
   33   680    -0.34761787
   34   134     2.99942777
   34   833    -0.41057447
   34   907     0.79975973
   34    12    -1.31266725
   34   594     0.48597770
   34   747    -0.59349435
   34   588    -0.03802296
   34   902    -1.72896543
   34   154     0.18428369
   34   966    -1.38090246
   35   497     0.44930020
   35   198    -1.36071160
   35    73    -0.34044517
   35   864     0.30655105
   35   413    -0.74333776
   35    43    -0.97371365
   35   533     2.74018876
   35   466     0.76595827
   35   138     1.21832810
   35   334    -1.41414274
   36   193     0.85867176
   36     9    -0.17659512
   36   711     0.99052312
   36   170    -1.78720769
   36   672    -1.05400749
   36   325     0.01554127
   36   141    -1.01147485
   36   358    -0.20449771
   36   330    -1.53174277
   36   828     0.66472793
   37   817     1.10527356
   37   191     0.53978186
   37   798    -0.70094999
   37   914    -0.42310648
   37   360     1.43609432
   37   346     1.88726594
   37   354     1.42063412
   37   337     0.27674898
   37   831     0.32618964
   37   818    -0.45758255
   38   173     0.56343992
   38   821     0.24645999
   38   318    -0.20888117
   38   690    -0.73101339
   38   357     0.41270384
   38   515    -0.78036864
   38    95    -0.16415471
   38   307    -0.04215003
   38   488     0.32352439
   38   767     1.81183226
   39   227    -1.37355418
   39   503     0.36252068
   39   826    -0.43659619
   39   560     0.47505089
   39   617    -0.77013853
   39   159     0.22567830
   39   888    -0.63243915
   39   235     0.14182674
   39   310     0.49370374
   39   561    -0.61386573
   40   940     2.09753383
   40   834     1.64714243
   40   594    -0.62862963
   40   870    -0.60489033
   40   906     0.76579200
   40   967    -0.19931611
   40   754     1.86038487
   40   930    -0.27588095
   40   155    -0.45942353
   40   700    -0.98937414
   41   228    -0.23129286
   41   579    -0.11336324
   41   754     0.84656543
   41   755     0.78058955
   41   174    -1.32350936
   41   120     0.64085218
   41   870    -0.24831052
   41   283    -1.23667778
   41   915    -0.42594317
   41   629    -0.46461443
   42   951    -0.45471952
   42   924    -0.10782496
   42   628    -0.35561378
   42   413     1.34312878
   42   458     1.09561990
   42   524    -1.37445110
   42   939     0.06771410
   42   975    -0.67934655
   42   144    -0.21749604
   42   910    -0.87062185
   43   805     0.63409164
   43   437    -0.21510055
   43   620     0.60011783
   43    35    -0.97371365
   43   141    -0.33785747
   43   818    -0.24121331
   43   720     1.62215190
   43   370    -0.62752781
   43   557    -0.31376189
   43   169    -1.38733172
   44     6    -1.26370748
   44   432     0.75604449
   44   754    -0.08784666
   44   936    -1.98383511
   44    67     0.12364924
   44   526     1.80914917
   44   866     0.12561346
   44   128     0.94238268
   44   995     0.65859992
   44   194     1.53427972
   45   430    -1.43764614
   45   717     0.33947509
   45   184    -0.28295700
   45   148    -0.12999060
   45   113     0.41060173
   45   889     1.84273882
   45   498     0.47638597
   45     7     0.11872297
   45   187    -1.80026334
   45   784    -0.38671038
   46   365     0.11272658
   46   853    -0.84268174
   46   658     0.50255131
   46   422     1.46596567
   46    54     0.35790485
   46   278     1.23019581
   46   864    -0.40866689
   46   237    -0.91124152
   46   502     0.62895937
   46   583    -0.88620306
   47   903    -0.82187074
   47   334    -2.77249961
   47   128     0.42215818
   47   730     1.21800230
   47   885     1.15707841
   47   281    -0.19634013
   47    86    -0.51010917
   47   668    -0.70360182
   47    59    -0.63893826
   47    85    -0.49119048
   48   683     0.58094083
   48   593     0.66219881
   48   817    -0.97937892
   48   761     0.12496616
   48   568    -0.04514856
   48   447    -0.95864517
   48   496    -1.29910435
   48   343     0.96521253
   48   976     0.37201758
   48   397    -1.00792039
   49   463    -1.62281953
   49   898    -0.69996817
   49   832    -0.56175730
   49   979     1.00656848
   49   556    -1.72753231
   49   730    -1.16481124
   49   252     0.48659434
   49   776     0.89445618
   49   516     0.91439399
   49   453    -0.55949275
   50   456     0.48845875
   50   164     2.09810603
   50   672    -0.80275712
   50   483    -0.98780227
   50   281     0.44261433
   50   153     0.77852975
   50   536    -0.31379825
   50   445    -0.55964169
   50   147     0.81335513
   50   489    -0.97639824
   51   285    -0.08941643
   51   753     1.36100782
   51   333     1.31858843
   51   712     0.54772802
   51   841     0.54774404
   51   923    -0.15230397
   51   955    -1.34659291
   51   167    -0.57519153
   51   259    -0.27797518
   51   519    -1.77862132
   52   653     0.91159253
   52   917     0.60120650
   52   506     0.38088083
   52   687    -1.55445123
   52   921    -0.08091013
   52   260    -0.63105551
   52   231    -1.07063206
   52   846    -0.67479048
   52   317     0.71338401
   52   999    -1.19391398
   53   892    -1.74636686
   53   977    -0.74962126
   53   811     0.60113046
   53   580    -1.62070925
   53   466    -1.50931538
   53   543     0.05014673
   53   889    -0.56581661
   53   725    -0.57229861
   53   404     1.49293192
   53   917     0.30652540
   54   138    -1.44545214
   54   972     0.23495665
   54   405     1.63788549
   54   608    -1.45939234
   54   590     0.27620655
   54   807     1.08080661
   54    46     0.35790485
   54   812    -0.27116130
   54     3     0.97699750
   54   609     0.26606931
   55   977     0.78109929
   55   207    -0.83895056
   55   266     0.41836301
   55   301     0.71044180
   55   401    -2.38324031
   55   370    -0.54370180
   55   608     0.52224927
   55   876    -0.24001249
   55   620     0.18789241
   55   807     0.10969969
   56   234    -0.54166878
   56   973     0.84717449
   56   514    -0.04653741
   56   628    -2.29415535
   56   867    -1.29760322
   56   937     0.29522631
   56   813     0.12445005
   56   603    -1.56621964
   56   566     0.23609975
   56   980     0.22315478
   57   368     1.09389440
   57   586    -0.29991743
   57   583     0.27062582
   57    87     0.53137481
   57    90    -0.08260577
   57   769     0.73666850
   57   225     0.14854482
   57    17    -0.77402276
   57   765     0.18645229
   57   696    -0.44328588
   58   651    -0.72596728
   58   173    -1.06157979
   58   737     0.93581552
   58   652    -0.77980713
   58     9    -0.43170629
   58   684    -0.00314118
   58   634     1.20072742
   58   393    -0.21726130
   58   802    -1.51003978
   58   571    -1.15423063
   59   148    -1.70434953
   59   259     1.29696522
   59   344     0.07708940
   59   439     0.05520292
   59   641    -1.28834246
   59   929     0.13600393
   59   413     0.14475601
   59    47    -0.63893826
   59   859     0.99486980
   59   536     1.97892848
   60   747    -1.84018314
   60   319     0.54297350
   60   982    -0.22316259
   60   472     1.15475085
   60   206    -0.87592375
   60   107    -0.51371711
   60   676    -0.78282926
   60   756     0.09067683
   60   869    -1.79693684
   60   973    -0.30494387
   61   335     0.47825946
   61   807     0.37851113
   61   971    -0.84267299
   61   705     0.98216298
   61   542     1.41554194
   61   325     1.31973783
   61   235     0.89776386
   61   289    -0.30820632
   61   207     0.11376550
   61   578     0.39496441
   62   188    -0.32898192
   62   221     0.39205524
   62    63    -1.73523562
   62   135     0.74426837
   62   945    -0.30768866
   62   339     1.16304371
   62   338     0.76513808
   62   231    -0.29962309
   62   761    -0.13581388
   62   964    -0.58376749
   63    65     1.45321973
   63   337     0.45689677
   63    80    -2.22086022
   63    62    -1.73523562
   63   267     0.27891306
   63    27     0.34224783
   63   875    -0.77232868
   63   613    -0.50470941
   63   175     0.33331600
   63   247    -0.32694097
   64   827     1.98019017
   64   815    -0.81427040
   64   876    -0.25128764
   64   561     0.82584736
   64   730    -0.73802769
   64   881     0.81142984
   64   410     0.09625417
   64   113    -0.41839041
   64   655     1.24446917
   64   146    -0.28316273
   65    63     1.45321973
   65   110    -3.54878209
   65   409    -1.21945575
   65   180     0.29098369
   65   908     0.36991521
   65   196     0.96218052
   65   370     0.14008582
   65   593     0.69308293
   65   886     0.04969913
   65   989    -0.85165043
   66   691    -0.63225579
   66   725    -1.25007164
   66   396     0.58595333
   66   400     0.75764322
   66   574     0.41347449
   66    80     0.28548582
   66   727    -2.19587459
   66   641     1.33164415
   66   289     0.01686456
   66   923    -0.68133789
   67   629     1.08108258
   67    44     0.12364924
   67   702     0.17598896
   67   637     0.36362246
   67   979     1.78638122
   67   808    -1.27569567
   67    31     0.13218083
   67   283     1.51761370
   67   697    -0.93565369
   67   862     1.72582667
   68   998     0.24999187
   68    93    -2.06427091
   68   784     0.41469058
   68    19     0.98633103
   68   183    -0.44761860
   68   384     0.75644444
   68    78    -0.48465082
   68   378     0.45266877
   68   754    -1.42774014
   68   969     0.92112830
   69   837     0.27499412
   69   194    -0.86100130
   69   503     0.03783776
   69   800     1.12924380
   69   462     0.17415194
   69   169    -0.45496326
   69   487    -1.61003270
   69   903     0.50949571
   69   760     0.37037698
   69   694     1.00599294
   70   451     0.18205415
   70   116     0.65076284
   70   326    -1.28698115
   70   515    -1.07438068
   70   864    -0.24225755
   70   103     1.79780025
   70   204    -0.76723066
   70   419     1.10730404
   70   428    -1.49021228
   70    89     0.70889496
   71   586    -0.52645906
   71   521     0.58861621
   71   437    -2.61416565
   71   420    -0.55029288
   71   223    -0.72356362
   71   181    -0.98340020
   71   731     0.53321876
   71   360    -0.02426996
   71   792    -1.24304451
   71   371    -0.95672861
   72   394    -1.66926137
   72   179     1.20251731
   72   448     1.60178753
   72   603     0.63812580
   72   824    -0.76868499
   72   852     0.56127543
   72   900    -0.02736015
   72   928    -3.20298645
   72   409    -0.05633215
   72   841    -0.71718427
   73   852     0.99678479
   73   189    -0.53362176
   73   839     0.36055499
   73    35    -0.34044517
   73   920     0.50211196
   73    21     0.15689172
   73   504     1.09334591
   73   402     0.66065530
   73   877    -0.39725387
   73   678     0.99495201
   74   612    -1.21787828
   74   411     1.51879125
   74   743    -0.89593825
   74   745     0.79385680
   74   514     0.98821325
   74   968    -2.25195066
   74   853     0.41829505
   74   540    -1.51857113
   74   231     0.27316009
   74   966    -1.55632409
   75   203    -1.67050331
   75   517    -0.65233247
   75   551    -0.73418753
   75   347    -1.29135244
   75   304     0.06049968
   75   600     0.31475078
   75   264     0.50791711
   75   925    -1.14491677
   75   736     0.20282704
   75   463     1.46502292
   76   420     2.14709298
   76   548    -1.00675406
   76   226    -0.40224871
   76   986     0.48454068
   76   408    -0.68427896
   76   811     0.20402975
   76   532     0.11125122
   76   835    -0.14236585
   76   474     0.17128508
   76   305    -0.52322275
   77   512    -0.90235485
   77   593    -0.93190350
   77   340     0.14799591
   77   455     0.40744604
   77   583     0.34779632
   77   336     0.75885019
   77   967     1.67678498
   77   469    -1.35999459
   77   866     1.18086868
   77   109    -0.83540054
   78   911    -2.15105820
   78   345    -0.37226356
   78   790     1.27052972
   78   575    -0.96986161
   78   410    -0.12675139
   78    68    -0.48465082
   78   815     2.23990267
   78   689    -0.22866438
   78   361    -0.21390491
   78   624     0.25604119
   79   790     0.82458161
   79   400     0.50415392
   79   146    -0.93165733
   79   304     0.59079481
   79   843    -1.77429052
   79    31     1.31876268
   79   129     2.15589274
   79   468     1.38871959
   79   503    -0.82362689
   79   540    -0.27746026
   80   766     0.18159623
   80    63    -2.22086022
   80   792     0.40684546
   80    66     0.28548582
   80   673    -0.39274941
   80   576     1.10659438
   80   748    -0.68739284
   80   782    -1.12822821
   80   610     0.37414274
   80   806    -0.38541737
   81   876    -0.75192875
   81    95    -0.75506564
   81   480    -1.92574106
   81   782     1.20999273
   81   483    -0.36042724
   81   268     0.30467173
   81   607    -0.62905269
   81   715    -1.08053012
   81   277    -1.25381986
   81   616     0.94154075
   82   247    -0.42099399
   82   511     0.68399159
   82   143    -0.67214167
   82    21    -0.76368160
   82   187    -0.26049414
   82   665    -0.66788034
   82   783     2.39197288
   82   158     0.60651591
   82    89    -0.00341908
   82   553    -0.57206085
   83   420     0.92829190
   83     1    -0.27261751
   83   567    -2.63575350
   83   887    -0.68290403
   83   949     0.02662592
   83   181     0.26900272
   83   342    -1.16567477
   83   436    -0.61459769
   83   158    -2.26429405
   83   542    -0.66317856
   84   839     1.19314039
   84   681     0.85110570
   84   624     0.32355823
   84   177    -0.35515223
   84   131    -0.78358995
   84   626    -1.31067256
   84    96    -1.94051770
   84   198    -0.44771700
   84   541     3.42299856
   84   614     0.55102437
   85   980    -0.20676952
   85   158     0.16977106
   85   430     1.33958060
   85   318    -1.55466973
   85   790    -1.08982341
   85   895    -0.24474166
   85   670     0.75437338
   85   658    -0.21813594
   85   602    -0.76377731
   85    47    -0.49119048
   86   186     0.35519347
   86     4     0.46136446
   86   385     0.15186626
   86   789     0.87305980
   86   344    -1.09636301
   86     5     0.02348710
   86   530     0.02429139
   86    96    -0.89534989
   86    47    -0.51010917
   86   605    -0.49872823
   87   519    -0.74886971
   87   184     0.33605659
   87   270     0.47178849
   87   611    -0.55595832
   87    57     0.53137481
   87   732     1.09004816
   87   391     1.37124297
   87   714    -0.47172533
   87   619     1.19528236
   87   116     0.53630803
   88   987     1.34556836
   88   430    -0.56852456
   88   567     0.20553836
   88   895     0.71918780
   88   751     0.91131653
   88   418    -1.75102492
   88   162     0.16164225
   88   247     2.00337264
   88   988    -0.48465258
   88   964    -0.64798000
   89   105     0.11501416
   89   882     0.48551997
   89   522    -0.89852887
   89   377     0.69732115
   89   203     0.86696945
   89   725     0.95701484
   89    70     0.70889496
   89   642    -0.39880997
   89    82    -0.00341908
   89   954    -1.55126378
   90   583    -0.86201791
   90   881     0.08189220
   90    57    -0.08260577
   90   873     0.01742480
   90   411    -0.26878158
   90   444    -0.13556081
   90   998     0.02804763
   90   318     0.70887112
   90   101     0.53277994
   90   570     0.25344751
   91   893    -0.76259130
   91   610     0.71912274
   91   749     0.44249432
   91   490    -1.59708497
   91   479     0.91517422
   91   934     1.08472046
   91    19     0.81561057
   91   246     1.21479110
   91   863     0.42020231
   91   689     2.35360844
   92   956     1.99140941
   92   150    -1.42052913
   92   485    -0.05555520
   92   186    -1.65209233
   92   594     1.49924935
   92   543    -1.59837847
   92   513    -0.51670948
   92   692     1.13404483
   92   425     3.00760722
   92   823     1.13415401
   93    68    -2.06427091
   93   617     1.32962101
   93   276    -0.24395091
   93   167     0.77720342
   93   514    -1.49691754
   93   840     1.54009595
   93   993    -1.24293844
   93   304     1.46374977
   93   457     1.17472241
   93   862    -0.58960487
   94   338     0.07683195
   94   146     0.85680512
   94   477    -1.48298792
   94   453    -0.47424305
   94   264    -3.04460700
   94   461     0.38510089
   94     2     1.14230541
   94   962     0.00120167
   94   615     1.95938345
   94   896     0.32676672
   95   748    -2.06954428
   95   695     0.88438653
   95    81    -0.75506564
   95   584     0.07770263
   95   835    -0.01553305
   95    38    -0.16415471
   95   248     1.69241790
   95   429    -0.20929988
   95   739     1.68374599
   95   322    -1.35944781
   96   524     0.57908769
   96   377     0.56063952
   96   571     1.30043825
   96   404    -1.18248622
   96   734     0.58155070
   96   892    -0.33128153
   96   442    -1.20376722
   96    86    -0.89534989
   96   939    -0.38367567
   96    84    -1.94051770
   97   369     1.04466814
   97   512     0.45492905
   97   548     0.24325538
   97   315    -0.93418661
   97   495     2.04081679
   97   319    -0.87707231
   97   850    -0.45171241
   97   387    -0.19595451
   97   456     1.40439499
   97   867     0.66206139
   98   651     0.81020897
   98   102    -0.35797275
   98    31     0.29539694
   98   209     1.24376085
   98   720     2.07234093
   98   814    -0.25969469
   98   364     0.76326734
   98   408    -0.71070789
   98   429    -0.24042112
   98   462    -0.03740241
   99   875     1.04734336
   99   578     0.88415978
   99   826    -0.01153138
   99   829    -0.00765724
   99   257     1.61217884
   99   170    -1.17316585
   99   152     0.91764343
   99   456    -1.01194890
   99   985    -0.36000049
   99   534     0.48511693
  100   133     1.27410022
  100   118    -1.49345180
  100   597    -0.44146191
  100   183     0.09584258
  100   393     0.17000810
  100   309    -1.17834312
  100   995    -0.68330082
  100   872    -0.07498795
  100   107     0.99674124
  100   593    -0.39530031
  101   497     0.49940713
  101   612     0.98185292
  101   133    -0.60553555
  101   495     0.56303589
  101    90     0.53277994
  101   927    -0.12293802
  101   585     0.70050233
  101   316     0.08271304
  101   438     0.43682195
  101   755     1.67419085
  102   684     1.36182024
  102    98    -0.35797275
  102   804     0.19831152
  102   745    -0.36347038
  102   433     0.21817440
  102   708    -1.04936048
  102   448    -1.15722543
  102   217     0.71809901
  102   510     1.25090063
  102   826    -0.08363074
  103   816    -1.24949958
  103   599     0.67005473
  103   590     1.27686180
  103   312    -1.57897406
  103   357    -0.74103814
  103    70     1.79780025
  103   835    -2.02440009
  103   140    -0.30072135
  103   480     0.46253159
  103   639    -0.78781124
  104    32    -2.09961978
  104   300     0.71334532
  104   778    -0.78030128
  104   152    -0.86266649
  104   511     1.09061414
  104   125     0.60822115
  104   458     1.32726817
  104   371    -2.14077427
  104   812    -0.16439068
  104   887     1.11509955
  105   247    -0.52515134
  105   475    -0.28384909
  105   406     0.19455717
  105    89     0.11501416
  105   446    -0.52314599
  105   870     1.10111441
  105   117    -0.59214687
  105   900    -0.41193131
  105   402     0.79158002
  105   748     0.20720962
  106   254     1.01992011
  106   465    -0.94981010
  106   758    -0.87453513
  106   578     1.96658350
  106   772     0.28985916
  106   926    -0.40017991
  106   123     0.34808455
  106    33    -1.50512310
  106   544    -0.46398382
  106   840     1.32905443
  107   263    -0.38587793
  107   771    -0.72028548
  107    60    -0.51371711
  107   176    -0.15000806
  107   866     0.95368233
  107   205    -0.15391343
  107   915     1.97798458
  107   450    -0.27074807
  107   949     0.26086603
  107   100     0.99674124
  108   260    -0.23622256
  108   258    -0.04685368
  108   447     1.76505841
  108   428     0.48214326
  108   348     0.37893822
  108   266    -1.58553242
  108   742     0.56137001
  108   965     1.56702185
  108   723     1.26144069
  108   845     0.06978944
  109   312     0.33126174
  109   513    -1.35207207
  109   122     2.57167884
  109   849    -0.30946124
  109   651     1.03022789
  109   653    -0.28037269
  109   158     2.62087261
  109   900     1.14401036
  109    77    -0.83540054
  109   179    -1.23795015
  110    65    -3.54878209
  110   191     0.41767671
  110   969     1.14763612
  110   445    -0.98896370
  110   282     0.41264876
  110   497    -0.77363136
  110   688    -0.11561139
  110   942    -0.58487680
  110   265     0.87796449
  110   544     1.15596227
  111   271    -0.05993351
  111   856    -0.89120618
  111   744    -0.11894672
  111   462     1.84710084
  111   636    -0.54826240
  111   549    -1.43326696
  111   682    -0.91599519
  111   422     0.93199747
  111     1    -0.23721631
  111   163     0.00941257
  112    24    -0.86620115
  112   371     1.00011153
  112   771    -0.74459739
  112   884     0.32149341
  112   471    -0.16888556
  112   756    -0.98152634
  112    29     1.51908258
  112    18    -0.08359543
  112   261     0.46613679
  112   746     1.42214973
  113   879    -0.83087539
  113   811    -0.53258878
  113   652    -0.67385025
  113   704    -1.09769586
  113    45     0.41060173
  113   343    -1.22762930
  113   926    -0.52987432
  113    64    -0.41839041
  113   114    -1.17244694
  113   119     0.67923696
  114   560     2.17586056
  114   446    -0.24976482
  114   964     0.69166841
  114   236    -0.45553951
  114   620    -0.70488719
  114   417     1.41221177
  114   113    -1.17244694
  114   244    -1.66628494
  114   117     0.75279014
  114   974     0.25217609
  115   213    -1.32067249
  115   989    -0.87425591
  115   256     0.09436708
  115   801    -0.52336233
  115     3     0.83312628
  115   270     1.60570310
  115   524     0.93289991
  115   494     0.83292303
  115   658    -2.15926258
  115   176    -1.61393563
  116   160     0.59684791
  116    70     0.65076284
  116   334    -0.08390244
  116   562     0.00696030
  116   787     0.10827265
  116   553     1.42302536
  116   681     0.26322600
  116   841     0.14068677
  116    87     0.53630803
  116   488    -0.95784988
  117   430    -0.50010995
  117   251     1.17895933
  117   672     1.44172931
  117   411     1.48753011
  117   250    -1.41182876
  117   722     1.41618802
  117   105    -0.59214687
  117   114     0.75279014
  117   415     0.04207234
  117   508    -0.36217753
  118   208    -1.06422286
  118   100    -1.49345180
  118   233     0.76994664
  118   781    -1.73377344
  118   631     1.24624530
  118   823    -1.25306709
  118    10    -1.10210977
  118   682    -0.56457678
  118   314    -0.59153269
  118   588    -0.20948712
  119   966     0.12723655
  119   305    -0.49886478
  119   287    -0.85959080
  119   424     0.04931741
  119   965     0.50193867
  119   228     0.21938462
  119   944    -0.54310415
  119   820    -0.58873228
  119   113     0.67923696
  119   782     1.83815859
  120   144    -0.14564717
  120   410     1.19874188
  120   271     0.05829238
  120   316    -0.33668539
  120    41     0.64085218
  120   634     1.58451495
  120   878    -1.29719711
  120   625     2.06171759
  120   591     0.15769160
  120   470     0.22692215
  121   699    -1.02196995
  121   260    -1.41894987
  121   273    -0.46564324
  121     8    -0.60911253
  121   974     0.81440266
  121   433    -1.35785778
  121   157    -0.29609683
  121   530     0.68484164
  121   488     0.53829788
  121   633    -0.35790441
  122   578    -0.93653325
  122   285     1.34649990
  122   540     1.20733423
  122   161    -0.10762858
  122   109     2.57167884
  122   435    -0.93858790
  122   620    -0.72829501
  122   663     0.67420903
  122   287    -0.57583030
  122   542     0.55210209
  123   250     1.74447581
  123   537    -2.42695382
  123   106     0.34808455
  123   172    -0.31152165
  123   913    -2.04627164
  123   544     0.51535322
  123   804     0.15074624
  123   853    -0.26438923
  123   764    -0.41044109
  123   258    -0.21521418
  124   395     0.67738556
  124   806    -0.41498899
  124   529    -0.65531941
  124   425    -0.18345609
  124   156     0.20069144
  124   843    -1.40313203
  124   842    -2.98866190
  124   603    -0.60642361
  124   834    -0.18165959
  124   410     1.58234355
  125   674     1.45538092
  125   104     0.60822115
  125   584    -1.72931242
  125   326    -0.08914020
  125   602    -0.55190613
  125   134    -1.28190904
  125   252    -1.35848235
  125   976    -0.53868317
  125   362    -0.13369389
  125   963     0.66741931
  126   768     0.71467299
  126    27     1.88523268
  126   434    -0.29687432
  126   842     1.12971659
  126   453    -0.70319573
  126    29     1.66359513
  126   188    -0.62147247
  126    15    -0.35711672
  126   852    -0.20625190
  126   297    -0.24107273
  127   398    -1.79722546
  127   840    -1.61686805
  127   129     0.63614431
  127   404    -0.76833079
  127   261    -1.68281284
  127   630    -1.01342026
  127   629     0.55680453
  127   415    -1.55404147
  127   282    -0.32818751
  127   948     1.06696470
  128   436    -1.01697193
  128   886    -0.51761778
  128   493     0.38996915
  128   663    -1.14593273
  128   182    -1.88479999
  128    47     0.42215818
  128    44     0.94238268
  128   330    -1.01268838
  128   703     0.86662100
  128   588     0.85312195
  129   980    -3.05251589
  129   297    -0.06359122
  129   127     0.63614431
  129   666     0.49886440
  129   888    -0.02000315
  129   339    -0.07468423
  129   229     0.40707057
  129    79     2.15589274
  129   398     0.63322782
  129   305    -1.14203094
  130   185     0.94993484
  130   243    -0.33327746
  130   776    -0.51845426
  130   780     0.84084744
  130   459     0.43712501
  130   202     1.02831930
  130   706    -0.34175014
  130   728    -0.38351161
  130   887    -0.59931947
  130   883     0.94413769
  131   242    -0.13342042
  131     8    -0.25675590
  131   646     0.62482875
  131   245     0.05275631
  131   427     0.12718041
  131   980     0.77631184
  131    84    -0.78358995
  131   869     1.32864924
  131   609     0.36299295
  131     0    -0.67560722
  132   728     0.26291937
  132   321     0.55185040
  132   351     0.83959963
  132   247     2.16916276
  132   603    -0.40384675
  132   384    -0.16676775
  132   577     1.89421393
  132   212     0.99231808
  132    28    -0.24398362
  132   991     1.35260377
  133   708     1.01997463
  133   483    -0.01592208
  133   100     1.27410022
  133   685     0.52180888
  133   960    -0.02346101
  133   774    -0.37800644
  133   101    -0.60553555
  133   233     0.06367629
  133   585    -0.94203012
  133   757     1.18443050
  134     1    -0.39297429
  134   935     0.21307227
  134    34     2.99942777
  134   620    -1.41658417
  134   378    -0.35371548
  134   512     1.32647007
  134   652     0.63748994
  134     7     0.16826047
  134   895     0.89456355
  134   125    -1.28190904
  135   286    -0.97974141
  135   526     0.32592152
  135   774    -1.17726173
  135   385     0.51843814
  135    62     0.74426837
  135   716    -0.55512836
  135    24     1.48325165
  135   245     1.70422244
  135   948     0.06004799
  135   904     0.09844886
  136   523     0.83304550
  136   240     1.16345110
  136   522    -0.61875383
  136   761     0.26267717
  136   385    -0.30316502
  136   139    -0.22136497
  136   680    -1.17757649
  136   852     1.49161099
  136   957     0.63531831
  136   780     1.48009958
  137   177    -0.36687828
  137   373    -0.23289734
  137   277     0.53543084
  137   966    -1.44843559
  137   931    -0.09904352
  137   261    -0.27264241
  137   449    -0.15005623
  137   786    -0.30392193
  137   197     1.41740260
  137   355    -1.12302724
  138    54    -1.44545214
  138   559     0.65332268
  138   499     1.55594813
  138   736    -1.69199426
  138   220    -1.36724708
  138    35     1.21832810
  138   804    -1.76542770
  138   846    -1.35424082
  138   150    -0.81931947
  138   902    -0.24352680
  139   548     0.07173386
  139   467    -0.17034723
  139   403     0.14609447
  139   931    -0.70402257
  139   555     0.22793213
  139   136    -0.22136497
  139   851    -0.30633402
  139   287     0.67909401
  139   711    -1.84980212
  139   998     0.55191526
  140   707    -0.39804706
  140   332     0.56140345
  140   886    -0.41602334
  140   696    -2.20833245
  140   256    -0.08977364
  140   823    -0.39485298
  140   651    -0.64124020
  140   550     1.03273199
  140   103    -0.30072135
  140   291    -2.38651314
  141   802    -0.20965632
  141   317    -0.01703938
  141   285    -1.61369889
  141    43    -0.33785747
  141    36    -1.01147485
  141   698    -0.90430603
  141    31    -0.55032937
  141   186    -1.13476874
  141   649     0.15570923
  141   862    -1.45611569
  142   630    -0.83627837
  142     7     0.03015588
  142   190     1.39857671
  142   925     2.10501619
  142   932    -2.44817814
  142   577    -1.26131325
  142   379    -1.08537933
  142   408    -1.08971421
  142   919    -0.01007730
  142   149    -0.54129014
  143   961     0.07480417
  143   644     1.12845709
  143    82    -0.67214167
  143   557    -1.46321259
  143   367     1.25103065
  143   848     0.15902134
  143   241    -2.49459060
  143   719     0.01218092
  143   847    -0.63304701
  143   648    -0.69071251
  144   120    -0.14564717
  144   520    -0.31632612
  144   551    -0.48039859
  144   462    -0.12665024
  144   386     0.36189994
  144    42    -0.21749604
  144   161     1.04675206
  144   883    -1.12655784
  144   405     0.44291633
  144   874     0.65306438
  145   248     0.41142051
  145   565    -0.03155542
  145   326     0.01126156
  145   624    -1.01826119
  145   275     1.71156450
  145   383    -0.40243841
  145   719    -0.92583600
  145   892    -0.74936363
  145   317     1.27630731
  145   948    -0.00259313
  146   757     0.15433209
  146   630    -1.72305503
  146   229    -1.34087337
  146    94     0.85680512
  146   305    -1.04117875
  146    79    -0.93165733
  146   803     1.50017400
  146   780    -2.16799509
  146    64    -0.28316273
  146   312     1.09643071
  147     0    -0.79747895
  147   361     0.59134944
  147   979    -0.97489383
  147   162    -2.05904635
  147   637     0.06151275
  147   736     1.01080020
  147   529     0.99006202
  147    50     0.81335513
