#Random regular graph with connectivity C = 4
#Vertices:	Bonds:
#	1000		2000
    0   964     0.44732559
    0   652    -1.34426901
    0   704    -1.04928930
    0   426     0.22439982
    1   712    -0.11508962
    1   344     0.39588020
    1   904     0.73521069
    1   190     0.43923904
    2   219     0.27848475
    2   844     0.57552492
    2   782    -0.13505723
    2   218    -2.66253939
    3   604    -0.45974656
    3   189     1.18205648
    3   992     0.35689874
    3   186    -0.78269720
    4   782    -0.37796039
    4   115     0.47100005
    4   447    -0.93085619
    4    24     0.95225276
    5   525     0.46518383
    5   718     0.16043192
    5   813    -1.35263452
    5   204    -0.44794266
    6   556    -1.50302469
    6   539     0.32283903
    6   661     1.40516255
    6   636     0.54586149
    7   661    -0.07290109
    7   630    -1.59387547
    7   953     1.87701352
    7   343     1.72264813
    8   839    -1.52876278
    8   790     1.24434065
    8   442     0.42641514
    8   122    -2.12132465
    9   181    -1.63838819
    9   335     0.24823478
    9   734     1.38654201
    9   840    -0.62273145
   10   365     1.66708286
   10   500     0.22851893
   10   941    -1.04585432
   10   137    -0.38082043
   11   255    -1.78862734
   11    50    -0.41664939
   11   137    -0.15289850
   11    24    -0.68927695
   12   476     1.06297396
   12   228     0.04860079
   12   571     0.14623441
   12   911     0.90503985
   13   189     0.20708377
   13   923     0.03009851
   13   811    -1.28519688
   13   403    -0.76588148
   14   384    -1.55961962
   14   579     0.38601839
   14    45     1.86638070
   14    23    -1.10417052
   15   473     0.62894731
   15   110    -0.16095680
   15   496    -0.06024601
   15   283    -0.28345133
   16   325     0.37138833
   16   985    -0.43518162
   16   305    -0.44810516
   16   392     0.22374490
   17   140    -1.46554765
   17   925     1.08071245
   17   113     1.27414738
   17   626     1.27727876
   18   664    -1.80788448
   18   406     1.87369978
   18   470    -0.25097395
   18   532    -0.90599343
   19   797     0.41485818
   19   767    -3.08374947
   19   412     0.16197644
   19    78    -0.82882803
   20   998     0.18853386
   20    80     0.70043859
   20   528    -0.08324791
   20   426     0.92838699
   21   490     0.86953516
   21   335     0.33911407
   21   624    -0.65132091
   21   431    -1.72983463
   22   117    -0.77803807
   22   876     1.37896831
   22   683     0.13873269
   22   774    -0.28051981
   23   491     1.45278094
   23   876     0.14701242
   23   463     0.45393915
   23    14    -1.10417052
   24   233    -0.68476230
   24    25    -0.95205168
   24     4     0.95225276
   24    11    -0.68927695
   25   760    -0.84561970
   25    24    -0.95205168
   25   495     0.70459153
   25   377    -0.98830234
   26   229    -1.34163619
   26   546    -1.97837174
   26   329    -1.84130225
   26   867    -0.93525891
   27   559    -1.27600571
   27   625    -0.39575911
   27   741     1.19509562
   27   476     0.59667058
   28   530     0.21542049
   28   126    -0.17022929
   28   828     1.99619793
   28   849    -0.05170126
   29   875    -0.05058823
   29   591     1.17044833
   29   793    -0.88048354
   29   178     2.38334229
   30   281     2.57797962
   30    36     0.25421108
   30   532     0.66253562
   30   546    -0.13582987
   31   488    -1.00275887
   31   898    -0.27291090
   31   956     2.38747735
   31   727     1.76967129
   32   938     1.35133248
   32   885    -1.03861995
   32    58    -0.21574087
   32   912    -0.55820376
   33   931    -0.46353791
   33   126     0.09754643
   33   667     0.05771175
   33   581     0.95875115
   34   483     1.34682961
   34   898     0.12961483
   34   389     1.20005581
   34   368     1.31043748
   35   850     0.86174380
   35   519     0.87832973
   35   987     0.05686979
   35   285    -0.42954569
   36   388    -1.82464502
   36   510    -0.77042456
   36    30     0.25421108
   36   141    -1.37714639
   37   675     0.09862964
   37   600    -0.58475086
   37   894    -0.71497281
   37   732    -0.46179071
   38   842    -0.79874754
   38   248     0.46603494
   38   186     0.83657579
   38   689    -1.21981860
   39   851     1.25096946
   39   694    -0.24870776
   39   267     0.81569989
   39   314    -1.50684138
   40    68    -1.03656969
   40   469     1.36485475
   40   924     0.54411781
   40   727    -0.02343709
   41   410     0.09322489
   41    65    -1.01097147
   41   714    -0.02188688
   41   222     0.98682330
   42   411     1.93884902
   42   996    -0.19044804
   42   369     0.28499020
   42   328     0.01508999
   43   670    -0.11858916
   43   296    -0.33943291
   43    68    -1.04506231
   43   486    -2.01261784
   44   374    -0.56864953
   44   531    -0.97994691
   44   185    -0.48065446
   44   246     1.10073699
   45    14     1.86638070
   45   608     0.07518895
   45   456    -1.47249059
   45   124     0.73228262
   46   268    -0.16204850
   46   773     1.62514156
   46   503     1.97992825
   46   684     1.32237421
   47   682    -0.83807008
   47   947    -0.73855040
   47   449    -0.59275374
   47   697    -0.69243821
   48   802     0.50642569
   48   490     1.03517233
   48   926     0.78721475
   48   152     0.05876488
   49   740     0.07266518
   49   571     1.10239945
   49    81     0.62760816
   49   905    -0.61886216
   50    11    -0.41664939
   50   346    -0.05991752
   50   429     0.29757603
   50   857    -1.50782783
   51   916     0.14863188
   51   305    -0.42973713
   51   270     1.01933327
   51   719     0.75742540
   52   950     1.33914630
   52   998    -0.51005460
   52   334    -0.75018345
   52   293     0.62089530
   53   388     0.57852846
   53   940    -0.55411317
   53   933     1.36233839
   53   242    -1.03581253
   54   353     0.92908042
   54   816     0.40235755
   54   170    -1.67327008
   54   444    -0.45155398
   55   320    -1.00016468
   55   597    -0.20027241
   55   914    -1.10303568
   55   576     0.63250370
   56   556    -1.31675176
   56   804    -1.21186842
   56   874     0.90811565
   56   149     0.73723729
   57   711    -0.34484974
   57   575     1.89325359
   57   695    -1.52500373
   57   782     0.54755613
   58   434     0.81675404
   58   689     1.27460337
   58    32    -0.21574087
   58   794    -0.59544473
   59   815    -1.16527375
   59   125    -0.09361831
   59   742    -0.63257100
   59   679    -0.37845572
   60   278    -0.46785732
   60   371    -1.52861635
   60   272     0.78943667
   60   366    -0.16078457
   61   481     0.38584706
   61   737     0.77168414
   61   944     1.02212234
   61   958     0.50417638
   62   194    -0.56288516
   62   457     1.20753758
   62   562     1.31060933
   62   723    -1.31569682
   63   510    -0.55335179
   63   593    -1.66423084
   63   244    -1.59465914
   63   751    -1.53279814
   64   123    -0.40581424
   64   576    -0.25437296
   64   463     0.90952294
   64   963     0.78138473
   65   659    -1.32947986
   65   554     0.13988820
   65    41    -1.01097147
   65   219    -0.09007254
   66   134    -0.46679560
   66   826    -0.50307922
   66   349     0.94411065
   66   178     0.91601524
   67   473     1.37663608
   67    94     0.82671754
   67   335     0.40106404
   67   854    -0.10517894
   68    40    -1.03656969
   68   587     0.45167239
   68    43    -1.04506231
   68   564    -0.50606977
   69   750     0.18480393
   69   336     0.22532350
   69   195    -1.00542049
   69   829     0.52205869
   70   504    -0.38185445
   70   809     1.12191007
   70   460     1.71770712
   70   177     0.08267844
   71   332    -0.07945285
   71   420     0.49863578
   71   901    -1.25184976
   71   858     0.22298244
   72   519    -0.55169783
   72   675     1.21039188
   72   996     0.56969120
   72   979     0.70075181
   73   410    -0.40202832
   73   667     1.25638017
   73   896     0.32655267
   73   235    -2.23261452
   74   948     0.12452061
   74   919     1.18025785
   74   566    -1.39127271
   74   963    -0.61140158
   75   222     1.09265601
   75   569    -0.27733869
   75   498    -0.20551717
   75   908    -1.18809154
   76   373    -0.76981843
   76   612     0.45830204
   76   777     0.19136911
   76   923     3.37266997
   77   844     0.81247098
   77   668     0.92167066
   77   206     1.41068051
   77   961    -0.05227745
   78   890     0.09054626
   78   740     0.29218755
   78   991    -1.35470962
   78    19    -0.82882803
   79   161     0.54620144
   79   485     1.68487972
   79   340    -0.45567668
   79   663    -1.45006729
   80   533     0.14224951
   80   817    -1.78793983
   80    20     0.70043859
   80   513     0.52184433
   81   263    -1.46268900
   81    49     0.62760816
   81   645    -1.02060467
   81   202     0.35167924
   82   927     1.07331052
   82   920     1.95517863
   82   475    -1.95714677
   82   926     0.61646804
   83   594    -1.61660246
   83   803    -1.28193098
   83   918     2.00861015
   83   826    -1.98854505
   84   327    -0.13810763
   84   100    -0.93422939
   84   977    -1.34722445
   84   590     0.02289595
   85   634     0.80179612
   85   768    -1.55065712
   85   892    -1.96420305
   85   372    -0.41899588
   86   841     1.39254812
   86   934     1.71429044
   86   280    -1.24276128
   86   142     0.17689804
   87   595     0.75672214
   87   306     1.46400692
   87   498    -0.13655671
   87   177    -0.71986581
   88   832    -0.61444705
   88   764    -0.35570239
   88   669     1.85833967
   88   967    -1.15307850
   89   989     1.22097373
   89   707    -1.11233596
   89   400     0.70603658
   89   313    -1.64613549
   90   336     0.34279999
   90   469    -0.09891322
   90   198     0.40616031
   90   572    -1.58970791
   91   160    -0.54387449
   91   810    -0.03650804
   91   589    -2.16920386
   91   657     0.68353786
   92   911    -0.31809520
   92   524    -0.91778527
   92   615    -0.20991422
   92   956    -1.40149959
   93   210     1.05203935
   93   482     0.34034998
   93   984     0.01541154
   93   295     0.13889243
   94   812     1.32002208
   94    67     0.82671754
   94   852    -0.24548437
   94   346     1.91498467
   95   468     0.92979901
   95   495     1.22124633
   95   854    -0.00194938
   95   356     1.01945694
   96   795     0.04032759
   96   679    -1.62994628
   96   551     0.65480029
   96   247     0.89059245
   97   794     1.10318857
   97   968     1.71921202
   97   937    -0.55843256
   97   315    -1.12313973
   98   830    -0.83805658
   98   270     0.60429510
   98   463     0.41250415
   98   171    -0.42915074
   99   308    -0.17620035
   99   722     1.42232178
   99   564     1.57500082
   99   679     0.17805820
  100   396    -1.61897691
  100   395    -0.36541018
  100    84    -0.93422939
  100   598     0.05717411
  101   593     1.31622274
  101   822     0.00275615
  101   212     0.07841829
  101   918     0.42835373
  102   121     2.16817193
  102   103     1.45929589
  102   445     0.64908101
  102   442    -2.43598465
  103   853     1.49250155
  103   499     0.90317751
  103   102     1.45929589
  103   793     1.46900075
  104   609     1.42565583
  104   327     0.16498720
  104   921     1.85035976
  104   883     1.29813102
  105   601    -0.08131788
  105   307    -0.81369654
  105   689     0.53131712
  105   634     0.07887469
  106   520    -1.38273596
  106   425    -0.38672587
  106   506     2.15129314
  106   422    -0.79668628
  107   494    -1.34133824
  107   831     1.65807851
  107   499     0.76076913
  107   947    -1.63407808
  108   594     0.34133574
  108   190    -1.33859488
  108   587     1.88069418
  108   336     0.94815174
  109   494     1.08774590
  109   418    -0.16346444
  109   323     1.72227990
  109   893    -1.39728651
  110   375     0.48266953
  110   282    -0.03556173
  110    15    -0.16095680
  110   939     0.48780420
  111   786     0.33991180
  111   540    -0.19094854
  111   836    -1.39480559
  111   206     0.49403922
  112   729    -1.72486296
  112   352    -1.01062092
  112   169     0.08750407
  112   378     0.67563479
  113    17     1.27414738
  113   307     2.51245597
  113   412    -2.05791894
  113   936    -0.52590140
  114   642     0.08539626
  114   504    -0.05302995
  114   351    -0.23333365
  114   160     0.71147396
  115   618    -0.43586795
  115   367    -0.19824225
  115     4     0.47100005
  115   287    -0.65154075
  116   419    -1.27754930
  116   632     0.27131647
  116   176    -0.76085680
  116   478    -1.60837349
  117    22    -0.77803807
  117   671     0.41722308
  117   485     1.57419071
  117   201    -1.61358241
  118   443     1.76651950
  118   632     2.20796676
  118   820     0.06673664
  118   915     2.57148008
  119   688     0.65095066
  119   617    -0.52966419
  119   332    -1.09542251
  119   540    -0.26019093
  120   610     0.12880305
  120   412    -2.45111794
  120   203     1.22508145
  120   725    -1.79129730
  121   102     2.16817193
  121   489    -0.81833728
  121   902     0.09749395
  121   577     0.87973925
  122   853     0.00709650
  122   131     0.08613741
  122     8    -2.12132465
  122   183     0.80023591
  123   264    -0.24087589
  123    64    -0.40581424
  123   545    -0.02728290
  123   821    -0.48140670
  124   481    -0.63074554
  124   911     2.84126221
  124    45     0.73228262
  124   435    -0.43327659
  125    59    -0.09361831
  125   582     0.27215814
  125   389    -1.19447593
  125   159    -0.21657003
  126    28    -0.17022929
  126   303     0.60075253
  126    33     0.09754643
  126   753    -0.91108073
  127   838    -0.27040729
  127   615     1.23692269
  127   413     0.46516018
  127   541    -1.29294581
  128   750    -1.28685214
  128   696    -1.18100214
  128   535    -0.34888927
  128   850     0.91940390
  129   900     0.33861847
  129   552     0.85172327
  129   285    -0.34749348
  129   786    -0.44589452
  130   608     1.49661752
  130   224    -0.06872700
  130   846     0.97350617
  130   889    -0.66863560
  131   122     0.08613741
  131   804     0.41632011
  131   168     0.06589784
  131   641    -0.75325136
  132   613     0.62958010
  132   616     1.78765643
  132   520     0.36893060
  132   970    -0.06683539
  133   451    -0.72194689
  133   518    -0.83147000
  133   765     1.38252016
  133   173     1.08018704
  134    66    -0.46679560
  134   266    -0.83594783
  134   217    -1.12410581
  134   903     0.93581801
  135   479     0.80838140
  135   175     0.32676794
  135   745    -0.33308831
  135   198    -1.10042127
  136   221    -0.17835765
  136   211    -2.28605644
  136   372     0.37401992
  136   189     0.17028677
  137    10    -0.38082043
  137    11    -0.15289850
  137   155     0.49471801
  137   905     0.42021840
  138   660    -1.41478565
  138   906     1.18043861
  138   713     0.51803263
  138   403    -0.43330499
  139   897     0.60068916
  139   223    -1.90910575
  139   294    -0.76245185
  139   331    -0.38253179
  140   463    -2.10217213
  140    17    -1.46554765
  140   740    -1.32483810
  140   920     0.69801557
  141   520    -0.26139883
  141   229     0.96513262
  141   610     0.00195612
  141    36    -1.37714639
  142   730    -0.77367514
  142   153     0.91196326
  142   801    -0.09821631
  142    86     0.17689804
  143   318    -1.46226389
  143   911     1.01261821
  143   206    -0.36683790
  143   674    -2.30327446
  144   285    -1.21807636
  144   279     2.16978019
  144   186     0.65495036
  144   625    -0.03333416
  145   417     1.21814052
  145   766     0.99872697
  145   743     0.01143871
  145   697     0.57244465
  146   171     2.10847706
  146   877     0.28165151
  146   687    -0.76948714
  146   193    -0.21105798
  147   290    -0.84391795
  147   538    -0.03698450
  147   439    -0.23430576
  147   704    -0.17190044
  148   341    -2.27422161
  148   874    -1.86106585
  148   378     2.06125625
  148   922    -0.42618578
  149   631     0.71979224
  149   772     0.40399059
  149    56     0.73723729
  149   257    -0.83069984
  150   746     0.46810291
  150   269    -0.64798807
  150   776     0.70416765
  150   573     0.24928644
  151   623    -0.55527795
  151   207     0.49174783
  151   197     0.57496389
  151   290     1.90800390
  152   964    -0.93709507
  152   253    -1.54109954
  152   402    -0.04528278
  152    48     0.05876488
  153   230     0.23733483
  153   188    -0.15050654
  153   142     0.91196326
  153   746    -0.75566880
  154   540     0.14185863
  154   802    -0.73406458
  154   380     0.91894866
  154   607     0.49936093
  155   724    -2.02998142
  155   883     1.90705485
  155   577    -2.75276966
  155   137     0.49471801
  156   825     0.63534617
  156   564     0.59122900
  156   451    -0.00496265
  156   472     0.34215729
  157   466    -0.39509575
  157   985    -0.91586142
  157   655    -1.20344284
  157   772     0.30531272
  158   605     0.59055236
  158   500    -0.50222797
  158   993    -0.28957341
  158   939    -0.86158785
  159   370     0.24008592
  159   397    -0.09886269
  159   480    -0.30996997
  159   125    -0.21657003
  160    91    -0.54387449
  160   968    -0.46578834
  160   114     0.71147396
  160   938    -1.10590624
  161    79     0.54620144
  161   326    -2.13957584
  161   817    -1.16048230
  161   179     0.16654446
  162   278     0.20749660
  162   702    -0.68828704
  162   477     1.93042238
  162   706     0.27216661
  163   270    -0.34125892
  163   756    -0.63380648
  163   620    -1.04134174
  163   261     0.15819707
  164   810    -0.51037760
  164   717    -0.49796415
  164   205     0.00809121
  164   471     1.13544129
  165   703    -1.66810295
  165   175    -1.79396363
  165   779    -0.44703341
  165   431     0.29640722
  166   847    -0.78663440
  166   773    -0.54909781
  166   924     0.11871044
  166   698    -1.40014370
  167   255    -0.07307106
  167   594    -0.29921552
  167   855    -0.07089683
  167   938     0.37261118
  168   988    -0.85527204
  168   702    -0.61807874
  168   606     0.64476290
  168   131     0.06589784
  169   198     1.30258035
  169   809     2.09695404
  169   112     0.08750407
  169   861    -1.51061160
  170   271    -0.41474450
  170   828    -0.64250728
  170   642     2.73102085
  170    54    -1.67327008
  171   146     2.10847706
  171   872     0.47222415
  171   991    -0.07936085
  171    98    -0.42915074
  172   846     1.62186240
  172   390     1.09370963
  172   263     0.53682826
  172   879     0.63058133
  173   887    -0.54040569
  173   133     1.08018704
  173   474    -0.10873388
  173   989     0.39893113
  174   864     0.01399634
  174   413     0.96574577
  174   267    -0.24114543
  174   808    -1.39032830
  175   165    -1.79396363
  175   135     0.32676794
  175   822    -0.01447224
  175   897     2.03508144
  176   647     0.44863355
  176   116    -0.76085680
  176   629     1.92447102
  176   741     0.36513170
  177   706    -0.58226269
  177   828    -0.26463288
  177    87    -0.71986581
  177    70     0.08267844
  178   893     0.79811390
  178   453    -0.90415491
  178    66     0.91601524
  178    29     2.38334229
  179   576     0.52496054
  179   557     0.68187931
  179   161     0.16654446
  179   903    -1.85299584
  180   983    -0.06248141
  180   443     0.15604308
  180   601    -0.08786120
  180   321     0.10319613
  181   444     1.64018455
  181   541     0.65612754
  181   348    -2.08445648
  181     9    -1.63838819
  182   359    -0.44213886
  182   440     2.12597053
  182   814     0.87624383
  182   322     0.50882280
  183   910    -1.56324466
  183   527     1.31484134
  183   720     0.21764705
  183   122     0.80023591
  184   815     1.48853174
  184   867    -0.30804907
  184   805     0.93290251
  184   536    -0.10052775
  185   373     0.25039989
  185   966    -0.38977419
  185   658     0.10562973
  185    44    -0.48065446
  186   919     0.98239507
  186    38     0.83657579
  186   144     0.65495036
  186     3    -0.78269720
  187   508    -0.35133001
  187   577    -0.94819608
  187   291     0.47826583
  187   838    -0.17511658
  188   153    -0.15050654
  188   549     1.70084073
  188   982    -0.08539307
  188   451    -1.61435099
  189     3     1.18205648
  189    13     0.20708377
  189   614     0.41730794
  189   136     0.17028677
  190   108    -1.33859488
  190   802     0.51230831
  190     1     0.43923904
  190   707     1.02849877
  191   902    -0.39570435
  191   994     0.11322003
  191   484    -1.03866515
  191   691    -1.59630735
  192   786     1.70022447
  192   433     1.71500183
  192   446     0.40551755
  192   528    -1.30937311
  193   709    -0.96791645
  193   816     1.27550951
  193   146    -0.21105798
  193   361    -0.21255784
  194   993     0.57946028
  194    62    -0.56288516
  194   722    -1.01155367
  194   458    -0.14771870
  195   641     0.55432348
  195   951     1.72078732
  195   778     1.16807775
  195    69    -1.00542049
  196   910     0.01029821
  196   409    -0.17714823
  196   832    -0.43934051
  196   800     0.32381867
  197   481     1.22829217
  197   151     0.57496389
  197   979     0.31554171
  197   265     1.39990290
  198   169     1.30258035
  198    90     0.40616031
  198   302     0.00575577
  198   135    -1.10042127
  199   495    -0.48037656
  199   732     1.19258888
  199   684    -0.23021964
  199   998     1.50406488
  200   935     0.41578273
  200   251    -0.77893641
  200   582    -0.46540834
  200   361    -1.64846191
  201   117    -1.61358241
  201   872     0.72441341
  201   789     0.81468609
  201   458    -0.50087552
  202   983     0.54550790
  202   256     0.08351053
  202   710    -1.04365631
  202    81     0.35167924
  203   796    -0.17569100
  203   300    -0.72283383
  203   320     0.65731190
  203   120     1.22508145
  204     5    -0.44794266
  204   819     1.00676808
  204   936    -0.83935797
  204   745    -0.16966036
  205   886     0.39306369
  205   459    -0.55552964
  205   164     0.00809121
  205   601    -0.50250106
  206    77     1.41068051
  206   143    -0.36683790
  206   111     0.49403922
  206   886    -0.66318077
  207   254    -0.43843786
  207   280     0.78949794
  207   151     0.49174783
  207   708     1.81434984
  208   454    -0.94009380
  208   802     2.18391933
  208   218     1.74741506
  208   557    -1.43015834
  209   767     0.98348291
  209   309     1.35463349
  209   909     0.79296351
  209   749    -0.08816564
  210    93     1.05203935
  210   923    -0.54304721
  210   968    -1.42769235
  210   694     1.19200883
  211   766    -0.27015229
  211   136    -2.28605644
  211   521     2.42291920
  211   715     0.48105807
  212   700     2.77455506
  212   101     0.07841829
  212   626     0.36199861
  212   312     1.09212707
  213   625    -0.54786490
  213   952     0.32814636
  213   693     0.00168100
  213   655     0.38949502
  214   459    -1.99120264
  214   981    -0.82229623
  214   698    -0.38371837
  214   526    -0.94762980
  215   602    -1.13622456
  215   947     0.37688525
  215   644     1.76874850
  215   870    -1.72311958
  216   984    -1.10037538
  216   736    -0.38707669
  216   834     0.62581725
  216   879    -0.42949578
  217   134    -1.12410581
  217   731     0.43741217
  217   857     0.06532799
  217   692    -1.55310925
  218   756    -0.53274476
  218   937    -0.85988325
  218   208     1.74741506
  218     2    -2.66253939
  219     2     0.27848475
  219   587     1.29021105
  219    65    -0.09007254
  219   477    -1.77555200
  220   623    -0.68210758
  220   798    -1.10694328
  220   244     1.35864740
  220   577    -1.84820113
  221   136    -0.17835765
  221   416    -0.56372609
  221   281     1.66073738
  221   497    -0.41035888
  222    75     1.09265601
  222   514    -0.79242614
  222   954    -0.20580427
  222    41     0.98682330
  223   580    -0.25136156
  223   747     0.11059244
  223   744     0.74445795
  223   139    -1.90910575
  224   130    -0.06872700
  224   861     0.82335644
  224   957    -0.34518020
  224   271     1.08715701
  225   621    -0.21327957
  225   934    -0.45195021
  225   810     0.68790211
  225   299    -1.91936877
  226   376    -2.63500104
  226   806     0.93422596
  226   831     0.82277082
  226   296     0.10872891
  227   241    -0.04069872
  227   402     0.88910612
  227   424     0.36436163
  227   466     0.09107490
  228   596    -0.57220710
  228    12     0.04860079
  228   236    -0.07586564
  228   868    -0.06845307
  229    26    -1.34163619
  229   141     0.96513262
  229   593    -1.07386640
  229   579    -0.28625678
  230   153     0.23733483
  230   514     0.53154724
  230   232    -0.45407301
  230   833     0.40428241
  231   525    -1.56373777
  231   363     0.90485958
  231   773     0.90980382
  231   347    -2.01057600
  232   705     1.71158205
  232   230    -0.45407301
  232   467    -0.27589496
  232   535    -2.22159336
  233    24    -0.68476230
  233   542    -0.63968318
  233   375    -0.87225082
  233   287     0.32147825
  234   949    -1.00661646
  234   358     0.29600611
  234   260    -0.39566411
  234   671     1.73851235
  235   249    -0.56964220
  235   473    -0.12881518
  235    73    -2.23261452
  235   821     0.40803657
  236   591     2.41057777
  236   823     0.07658632
  236   228    -0.07586564
  236   597     0.48683860
  237   875     0.21177354
  237   979     0.50073248
  237   808     1.49957288
  237   592    -0.41898456
  238   423    -1.16498846
  238   797    -0.40912108
  238   714    -0.17455073
  238   491     0.05010964
  239   523     0.37781068
  239   815     1.05745650
  239   677     0.98651765
  239   331     0.26738045
  240   371     0.79049015
  240   725    -0.45469055
  240   521     0.81347598
  240   935     0.87649273
  241   227    -0.04069872
  241   370    -0.01182868
  241   749     2.18062131
  241   778     0.11765958
  242   290     2.43597499
  242   574    -0.70185576
  242    53    -1.03581253
  242   757    -1.18634748
  243   550     1.01273862
  243   261    -0.08705496
  243   298    -0.98759814
  243   557     0.31110531
  244   329     1.35560015
  244   220     1.35864740
  244   391    -1.29141261
  244    63    -1.59465914
  245   781     0.17138522
  245   560    -0.94423704
  245   672     0.68262984
  245   345    -1.45617307
  246   603    -0.48830309
  246   663    -1.26573549
  246   288     0.33615684
  246    44     1.10073699
  247   644     0.85929717
  247   497    -1.07553688
  247    96     0.89059245
  247   680    -0.06091475
  248    38     0.46603494
  248   293     0.47617162
  248   337    -0.63648624
  248   630    -0.67258500
  249   235    -0.56964220
  249   858     1.40180914
  249   389    -1.44098167
  249   781     1.25618819
  250   393    -0.05965191
  250   258    -1.89381932
  250   327    -0.65676692
  250   929     0.14715775
  251   818     1.35754639
  251   200    -0.77893641
  251   945     0.14324986
  251   951    -0.33548804
  252   770     0.99244950
  252   560     0.69106516
  252   391     0.37578571
  252   380    -2.44222533
  253   152    -1.54109954
  253   300     1.09144981
  253   714     0.10791891
  253   718     0.35466280
  254   428     0.27204153
  254   207    -0.43843786
  254   649     0.65331798
  254   988    -0.66284260
  255    11    -1.78862734
  255   167    -0.07307106
  255   636     0.00152020
  255   523    -0.41400224
  256   202     0.08351053
  256   316    -0.17451926
  256   271     1.79767888
  256   557    -1.59058059
  257   537     0.59803073
  257   845     2.14661909
  257   974    -0.02142387
  257   149    -0.83069984
  258   250    -1.89381932
  258   757     0.25994890
  258   665     1.98886404
  258   385     1.47504575
  259   726    -1.26842480
  259   672     0.28233241
  259   680     0.17573553
  259   775    -1.26103039
  260   234    -0.39566411
  260   433    -0.60453913
  260   825     0.67761887
  260   635    -1.40965048
  261   243    -0.08705496
  261   452    -0.89294391
  261   484    -1.35308459
  261   163     0.15819707
  262   334    -0.29455998
  262   607     0.30414805
  262   950    -1.57126694
  262   729    -0.39278302
  263    81    -1.46268900
  263   856    -0.46501872
  263   172     0.53682826
  263   675     0.18944138
  264   123    -0.24087589
  264   749    -0.15164632
  264   630     0.58912827
  264   771    -2.03041421
  265   751     0.14164825
  265   197     1.39990290
  265   769     0.29245298
  265   641     0.11531042
  266   512    -0.17713133
  266   384     1.34883510
  266   134    -0.83594783
  266   838     1.00226311
  267   174    -0.24114543
  267   991     0.32686023
  267   699     1.22269139
  267    39     0.81569989
  268    46    -0.16204850
  268   678    -0.13634675
  268   470     0.30520069
  268   780     0.28064430
  269   606    -0.10310219
  269   709     1.19923261
  269   150    -0.64798807
  269   755     0.16718960
  270   163    -0.34125892
  270    98     0.60429510
  270   627    -0.40848594
  270    51     1.01933327
  271   602    -2.16989951
  271   170    -0.41474450
  271   256     1.79767888
  271   224     1.08715701
  272   900     1.15141937
  272    60     0.78943667
  272   809    -0.39587819
  272   708     0.10823100
  273   666    -0.51604031
  273   732    -0.75204141
  273   772     0.88694647
  273   519     2.02362813
  274   730     0.04828155
  274   859     2.47964124
  274   902    -0.64656846
  274   586     0.87487348
  275   638     0.37712240
  275   370    -0.15951515
  275   683    -1.30707753
  275   827     2.33771559
  276   746     1.00927112
  276   554     0.68344013
  276   840     0.95667596
  276   284     0.90049195
  277   946     1.18860947
  277   843     0.46445547
  277   777    -0.41660586
  277   835     0.35574387
  278   960     0.52497654
  278   162     0.20749660
  278    60    -0.46785732
  278   517     0.53091367
  279   280     0.17260021
  279   144     2.16978019
  279   543     0.58621201
  279   585    -0.32715655
  280   392    -0.22156052
  280   279     0.17260021
  280   207     0.78949794
  280    86    -1.24276128
  281   639     1.50551959
  281    30     2.57797962
  281   869     0.11819884
  281   221     1.66073738
  282   110    -0.03556173
  282   990     0.76507597
  282   444    -0.50191108
  282   959     1.12686322
  283   626     0.19136654
  283   377     1.05468157
  283    15    -0.28345133
  283   860     0.05734884
  284   663    -1.41113699
  284   985    -1.00120031
  284   368    -1.17234623
  284   276     0.90049195
  285   144    -1.21807636
  285   612     0.45615496
  285   129    -0.34749348
  285    35    -0.42954569
  286   892     1.30556545
  286   308    -1.58725767
  286   316     2.15328535
  286   883    -0.76804498
  287   490    -1.42718490
  287   345     0.05047042
  287   115    -0.65154075
  287   233     0.32147825
  288   467     1.12480405
  288   423     2.03887840
  288   845    -0.35645635
  288   246     0.33615684
  289   364     0.43058062
  289   861     0.49918876
  289   623    -0.35266196
  289   318     0.84246524
  290   147    -0.84391795
  290   981     0.57085191
  290   242     2.43597499
  290   151     1.90800390
  291   333     0.06528532
  291   187     0.47826583
  291   735    -0.35464922
  291   538     0.73875824
  292   308    -0.47876221
  292   447     1.58936880
  292   930    -0.78665487
  292   848     0.29729277
  293   479    -0.69386735
  293   248     0.47617162
  293   452     1.00772196
  293    52     0.62089530
  294   862     0.70987864
  294   465     0.40092317
  294   388     0.02909204
  294   139    -0.76245185
  295   697     0.65118796
  295    93     0.13889243
  295   651     0.23147529
  295   469     0.61422842
  296   301     0.30441553
  296    43    -0.33943291
  296   379    -0.75809472
  296   226     0.10872891
  297   695    -0.00394900
  297   437    -0.41891513
  297   971    -0.21792457
  297   860     0.65732189
  298   346    -0.90471450
  298   692    -2.44434508
  298   243    -0.98759814
  298   381     0.51780478
  299   638     0.37891106
  299   561     1.25284301
  299   225    -1.91936877
  299   310    -1.40792088
  300   203    -0.72283383
  300   699     1.64699211
  300   253     1.09144981
  300   955    -0.04642787
  301   296     0.30441553
  301   312     0.88497901
  301   428     1.63097935
  301   601     0.08891480
  302   544     0.26666978
  302   198     0.00575577
  302   650    -0.44900707
  302   512    -1.29946521
  303   126     0.60075253
  303   830     0.64005108
  303   554     0.90706588
  303   670    -0.61188330
  304   429    -2.15904094
  304   914     0.84771892
  304   843    -0.93321332
  304   999    -0.30378148
  305   838    -1.33775280
  305    51    -0.42973713
  305    16    -0.44810516
  305   633    -0.14079708
  306    87     1.46400692
  306   595    -1.07493938
  306   738     0.70386555
  306   550    -1.19533651
  307   465    -0.39547699
  307   113     2.51245597
  307   105    -0.81369654
  307   494    -2.02548977
  308   286    -1.58725767
  308    99    -0.17620035
  308   292    -0.47876221
  308   432    -1.71730759
  309   458     1.78436254
  309   209     1.35463349
  309   574    -0.91366460
  309   850    -0.63715208
  310   751    -0.11848766
  310   865    -1.04595728
  310   725     0.38048913
  310   299    -1.40792088
  311   650     1.74277321
  311   353     1.28359440
  311   872     1.20070702
  311   748     0.35120018
  312   754     0.83640878
  312   301     0.88497901
  312   653    -0.14601073
  312   212     1.09212707
  313   532    -1.49925998
  313   932    -1.93639587
  313    89    -1.64613549
  313   565     1.78737042
  314   886    -2.35920559
  314   424     1.46677373
  314   624    -0.22886220
  314    39    -1.50684138
  315   983     0.53871102
  315   871     0.90842123
  315    97    -1.12313973
  315   607     0.79714611
  316   421     0.54408625
  316   256    -0.17451926
  316   286     2.15328535
  316   940    -0.02617346
  317   339    -0.95066318
  317   799     0.76175933
  317   501    -1.47404948
  317   574     1.60351520
  318   143    -1.46226389
  318   355     0.52529019
  318   887    -0.12918955
  318   289     0.84246524
  319   626    -0.39368542
  319   848     0.20684592
  319   456    -0.57805410
  319   467     0.99397450
  320   665     0.08905909
  320    55    -1.00016468
  320   706    -1.28408685
  320   203     0.65731190
  321   759    -0.18999780
  321   380     1.06614544
  321   586     0.55773344
  321   180     0.10319613
  322   509     0.21344232
  322   986    -0.34267440
  322   356     1.31299316
  322   182     0.50882280
  323   980    -0.76249955
  323   763     0.32268399
  323   726    -1.12319987
  323   109     1.72227990
  324   512    -0.16172367
  324   596     0.30147404
  324   533    -1.69188328
  324   571    -1.18021787
  325    16     0.37138833
  325   337    -0.73726319
  325   704     0.54819135
  325   877    -0.88471571
  326   373     0.13625592
  326   161    -2.13957584
  326   664     0.15851073
  326   432    -0.73335066
  327    84    -0.13810763
  327   946    -1.37422673
  327   104     0.16498720
  327   250    -0.65676692
  328   859    -1.44665634
  328   686     0.64954716
  328   960    -1.23975858
  328    42     0.01508999
  329   244     1.35560015
  329    26    -1.84130225
  329   575     0.30658763
  329   728    -2.04357193
  330   812     1.68690656
  330   980    -0.53271996
  330   633    -0.66905963
  330   765    -0.77334417
  331   708     1.87273354
  331   662    -0.57940734
  331   239     0.26738045
  331   139    -0.38253179
  332   944     1.36959811
  332    71    -0.07945285
  332   119    -1.09542251
  332   937    -0.82018788
  333   961     0.62620502
  333   983     0.33835892
  333   291     0.06528532
  333   600    -0.50223430
  334   262    -0.29455998
  334    52    -0.75018345
  334   855    -0.08497710
  334   414     1.47071056
  335    21     0.33911407
  335     9     0.24823478
  335   798    -1.26186814
  335    67     0.40106404
  336    90     0.34279999
  336    69     0.22532350
  336   108     0.94815174
  336   756     0.85631023
  337   325    -0.73726319
  337   836    -0.53317223
  337   248    -0.63648624
  337   662    -0.87224612
  338   825     1.14452675
  338   341    -0.39309448
  338   404    -0.47281425
  338   565     0.30756013
  339   671     1.61070433
  339   317    -0.95066318
  339   787    -0.73037200
  339   885     0.01072673
  340   768     0.36934675
  340   402    -1.11512412
  340   796     0.60124513
  340    79    -0.45567668
  341   386    -0.57949417
  341   148    -2.27422161
  341   338    -0.39309448
  341   480     0.76449221
  342   946     0.26128400
  342   890     0.24225901
  342   769    -1.48446864
  342   831    -0.05156215
  343   449    -0.92061438
  343   716    -1.12751526
  343   394    -0.35194797
  343     7     1.72264813
  344     1     0.39588020
  344   889    -0.42033671
  344   984    -0.64736185
  344   725     0.55358887
  345   287     0.05047042
  345   622     0.50284442
  345   376    -1.18570041
  345   245    -1.45617307
  346    50    -0.05991752
  346   298    -0.90471450
  346   607    -0.56826412
  346    94     1.91498467
  347   512     1.21315101
  347   231    -2.01057600
  347   851    -0.82015107
  347   598     1.30787397
  348   181    -2.08445648
  348   696     0.73234692
  348   617     1.66552334
  348   878     1.10357418
  349   976     0.44253853
  349    66     0.94411065
  349   682     0.39702186
  349   829    -1.01516299
  350   804     1.57027164
  350   374     1.15751466
  350   385     0.09502415
  350   468    -0.77690721
  351   648    -1.56484611
  351   114    -0.23333365
  351   639     0.30540117
  351   726     1.02648336
  352   457    -0.39407609
  352   439     0.22350090
  352   871     0.69848857
  352   112    -1.01062092
  353    54     0.92908042
  353   311     1.28359440
  353   723     0.28296276
  353   917     0.78779432
  354   799     1.51570368
  354   754    -0.14275384
  354   762    -0.74836795
  354   806     0.07351590
  355   318     0.52529019
  355   648    -0.17158768
  355   568    -0.39119011
  355   608    -0.71118042
  356   555    -0.50620631
  356   358    -0.11699411
  356   322     1.31299316
  356    95     1.01945694
  357   913    -1.26502946
  357   534     0.04997412
  357   661     0.01730472
  357   611     0.58097400
  358   721    -0.66929734
  358   234     0.29600611
  358   679    -0.82483473
  358   356    -0.11699411
  359   390     0.89123461
  359   182    -0.44213886
  359   461     1.13691520
  359   864     1.32151765
  360   916     1.46409548
  360   910    -1.60366746
  360   447    -0.55245789
  360   422    -0.03444257
  361   701     1.32719568
  361   200    -1.64846191
  361   555    -0.09823252
  361   193    -0.21255784
  362   914    -0.20486286
  362   829    -0.22710441
  362   715    -0.12322418
  362   790     0.10085264
  363   646    -0.85649403
  363   906    -0.95610340
  363   231     0.90485958
  363   700     1.41005923
  364   547     1.24284852
  364   289     0.43058062
  364   366     0.49256405
  364   576     0.06923316
  365   944    -1.87223534
  365    10     1.66708286
  365   875     0.35701778
  365   681     0.34954108
  366   453     0.54654060
  366   364     0.49256405
  366    60    -0.16078457
  366   978    -0.24886418
  367   941     0.37569514
  367   115    -0.19824225
  367   780    -1.18655066
  367   972    -0.25621933
  368   788     1.77805972
  368    34     1.31043748
  368   284    -1.17234623
  368   484     0.74620392
  369   692     2.25491241
  369   499     0.12191130
