#Random lattice graph with connectivity C = 6
#Vertices:	Bonds:
#	1000		3000
    0     1    -0.21879558
    0     9     0.85962349
    0    10     0.97295527
    0    90    -1.00617834
    0   100     0.55528353
    0   900     1.15835542
    1     0    -0.21879558
    1     2    -2.16476774
    1    11    -0.19592351
    1    91    -0.37765671
    1   101     0.75521784
    1   901    -0.86190734
    2     1    -2.16476774
    2     3     0.52348994
    2    12     0.16140037
    2    92    -1.37558902
    2   102    -0.26900568
    2   902     0.94827367
    3     2     0.52348994
    3     4    -0.04536678
    3    13     0.02118472
    3    93    -0.24123882
    3   103    -1.29677725
    3   903     4.24375379
    4     3    -0.04536678
    4     5    -1.17730385
    4    14    -1.26481211
    4    94     1.05659964
    4   104    -0.04411601
    4   904     0.33591700
    5     4    -1.17730385
    5     6     0.91425743
    5    15    -2.09582176
    5    95    -1.82227255
    5   105     0.96553712
    5   905    -0.21478140
    6     5     0.91425743
    6     7    -0.97007355
    6    16    -0.49187557
    6    96    -0.77680799
    6   106    -0.30770253
    6   906    -1.11939457
    7     6    -0.97007355
    7     8     1.11211197
    7    17     0.52644273
    7    97     0.44796526
    7   107    -0.40704815
    7   907     1.26929297
    8     7     1.11211197
    8     9    -0.16216995
    8    18     0.25441331
    8    98    -0.73568305
    8   108     0.78446141
    8   908     2.10920949
    9     0     0.85962349
    9     8    -0.16216995
    9    19    -0.55898124
    9    99     0.96464204
    9   109    -1.25665035
    9   909     0.38435399
   10     0     0.97295527
   10    11    -0.53129070
   10    19     0.52119808
   10    20    -0.20817028
   10   110     0.31855239
   10   910    -1.17770469
   11     1    -0.19592351
   11    10    -0.53129070
   11    12    -0.61153506
   11    21    -0.89620394
   11   111    -0.14683120
   11   911    -1.04101917
   12     2     0.16140037
   12    11    -0.61153506
   12    13     0.82012324
   12    22    -1.82378461
   12   112     1.33134847
   12   912     2.28332344
   13     3     0.02118472
   13    12     0.82012324
   13    14     0.05600156
   13    23     1.09810483
   13   113     0.54889289
   13   913     1.32517036
   14     4    -1.26481211
   14    13     0.05600156
   14    15     1.14665121
   14    24    -0.36084267
   14   114    -0.06374222
   14   914    -1.04823586
   15     5    -2.09582176
   15    14     1.14665121
   15    16    -2.49785086
   15    25     1.36931057
   15   115     1.08259776
   15   915     1.19917933
   16     6    -0.49187557
   16    15    -2.49785086
   16    17    -1.00320483
   16    26     0.10732216
   16   116     0.21331841
   16   916     1.41540786
   17     7     0.52644273
   17    16    -1.00320483
   17    18    -0.34605919
   17    27    -1.89119617
   17   117     0.57409590
   17   917     0.32304180
   18     8     0.25441331
   18    17    -0.34605919
   18    19     0.38856966
   18    28     0.54498173
   18   118    -0.88187016
   18   918    -0.29600271
   19     9    -0.55898124
   19    10     0.52119808
   19    18     0.38856966
   19    29    -0.24945012
   19   119    -0.98368001
   19   919    -0.07171897
   20    10    -0.20817028
   20    21     0.58506311
   20    29    -0.00281237
   20    30     0.32702675
   20   120     0.34805548
   20   920     0.49944251
   21    11    -0.89620394
   21    20     0.58506311
   21    22    -1.06215096
   21    31    -0.24978082
   21   121    -0.98383768
   21   921    -2.00515545
   22    12    -1.82378461
   22    21    -1.06215096
   22    23    -0.65039972
   22    32    -0.55243954
   22   122     1.09703315
   22   922    -0.70829690
   23    13     1.09810483
   23    22    -0.65039972
   23    24    -0.48447836
   23    33    -1.14800524
   23   123    -0.76332106
   23   923    -3.02349113
   24    14    -0.36084267
   24    23    -0.48447836
   24    25     1.22610607
   24    34     0.80750418
   24   124     1.75866711
   24   924     2.32726027
   25    15     1.36931057
   25    24     1.22610607
   25    26     0.68173509
   25    35     0.10992308
   25   125     0.65092932
   25   925    -1.15817495
   26    16     0.10732216
   26    25     0.68173509
   26    27     1.18085198
   26    36    -0.32860216
   26   126     1.01468214
   26   926    -2.14631142
   27    17    -1.89119617
   27    26     1.18085198
   27    28     0.52319641
   27    37    -0.62201904
   27   127    -0.19127557
   27   927     0.63645945
   28    18     0.54498173
   28    27     0.52319641
   28    29     0.93415797
   28    38    -0.68441769
   28   128    -0.06836982
   28   928    -0.32725293
   29    19    -0.24945012
   29    20    -0.00281237
   29    28     0.93415797
   29    39     0.78436923
   29   129     0.06716113
   29   929    -1.86009808
   30    20     0.32702675
   30    31     0.20604130
   30    39     0.57793927
   30    40     0.89673279
   30   130     1.19816366
   30   930    -0.79853911
   31    21    -0.24978082
   31    30     0.20604130
   31    32     0.79976412
   31    41     0.86420639
   31   131     0.13081831
   31   931    -0.44497924
   32    22    -0.55243954
   32    31     0.79976412
   32    33    -0.37289554
   32    42     0.46322964
   32   132    -0.24103591
   32   932    -1.03975612
   33    23    -1.14800524
   33    32    -0.37289554
   33    34    -0.24397889
   33    43     1.48638454
   33   133    -0.70894608
   33   933    -1.46922034
   34    24     0.80750418
   34    33    -0.24397889
   34    35     0.03136201
   34    44    -0.30813347
   34   134    -0.60309830
   34   934     0.53329387
   35    25     0.10992308
   35    34     0.03136201
   35    36     1.54600482
   35    45     1.87722077
   35   135     0.71325962
   35   935    -0.59191090
   36    26    -0.32860216
   36    35     1.54600482
   36    37     0.36784013
   36    46     1.19325320
   36   136     1.51470720
   36   936     0.64725416
   37    27    -0.62201904
   37    36     0.36784013
   37    38    -1.60403008
   37    47    -0.54939619
   37   137    -1.13314886
   37   937     0.54391212
   38    28    -0.68441769
   38    37    -1.60403008
   38    39    -0.83034069
   38    48    -2.30585015
   38   138    -1.12395329
   38   938    -0.88508303
   39    29     0.78436923
   39    30     0.57793927
   39    38    -0.83034069
   39    49    -0.38369576
   39   139    -2.05488297
   39   939    -0.40850773
   40    30     0.89673279
   40    41    -1.50913950
   40    49    -1.26016690
   40    50     0.50106617
   40   140     0.04896249
   40   940    -0.67409674
   41    31     0.86420639
   41    40    -1.50913950
   41    42    -1.15792200
   41    51     0.32896791
   41   141     1.44308641
   41   941     0.19865310
   42    32     0.46322964
   42    41    -1.15792200
   42    43     1.29365108
   42    52     0.38619952
   42   142    -0.77551860
   42   942    -1.11257788
   43    33     1.48638454
   43    42     1.29365108
   43    44     1.10827977
   43    53     0.69474678
   43   143    -0.12228797
   43   943     0.61688872
   44    34    -0.30813347
   44    43     1.10827977
   44    45    -0.37802301
   44    54     1.75458609
   44   144     0.33557863
   44   944     0.12513861
   45    35     1.87722077
   45    44    -0.37802301
   45    46     0.62101405
   45    55    -0.80270912
   45   145    -0.03295183
   45   945    -0.38250822
   46    36     1.19325320
   46    45     0.62101405
   46    47    -0.17732797
   46    56     1.22876242
   46   146    -0.78996701
   46   946    -1.10803190
   47    37    -0.54939619
   47    46    -0.17732797
   47    48     0.03548781
   47    57     1.14442014
   47   147     0.16401698
   47   947    -1.51211219
   48    38    -2.30585015
   48    47     0.03548781
   48    49     0.77728830
   48    58     1.52783046
   48   148     1.18518355
   48   948    -2.01954164
   49    39    -0.38369576
   49    40    -1.26016690
   49    48     0.77728830
   49    59    -0.94667212
   49   149    -1.35797043
   49   949     0.98131519
   50    40     0.50106617
   50    51    -2.08464038
   50    59     0.52648457
   50    60    -0.60518926
   50   150     1.13829671
   50   950     0.57763160
   51    41     0.32896791
   51    50    -2.08464038
   51    52    -1.17354775
   51    61    -0.19424776
   51   151    -0.92184145
   51   951    -1.03738457
   52    42     0.38619952
   52    51    -1.17354775
   52    53    -0.49328829
   52    62     0.98598808
   52   152     0.80432110
   52   952     2.37358655
   53    43     0.69474678
   53    52    -0.49328829
   53    54    -1.40076997
   53    63     0.60059857
   53   153    -1.67159011
   53   953    -0.64538868
   54    44     1.75458609
   54    53    -1.40076997
   54    55    -0.55633181
   54    64     0.72551417
   54   154    -0.31629138
   54   954     1.93459202
   55    45    -0.80270912
   55    54    -0.55633181
   55    56     0.03886909
   55    65    -1.12680334
   55   155     1.20892814
   55   955    -0.49535537
   56    46     1.22876242
   56    55     0.03886909
   56    57     0.14998867
   56    66     0.52322400
   56   156     0.62847611
   56   956     0.55556810
   57    47     1.14442014
   57    56     0.14998867
   57    58     0.17709445
   57    67    -0.87537010
   57   157     0.72123644
   57   957    -2.87913300
   58    48     1.52783046
   58    57     0.17709445
   58    59    -1.49319212
   58    68    -1.04941821
   58   158     0.55653045
   58   958     0.02616631
   59    49    -0.94667212
   59    50     0.52648457
   59    58    -1.49319212
   59    69    -0.06534435
   59   159    -0.33796359
   59   959     1.11286332
   60    50    -0.60518926
   60    61    -0.28932774
   60    69     0.09767005
   60    70    -1.08443503
   60   160     0.35947296
   60   960    -0.73637273
   61    51    -0.19424776
   61    60    -0.28932774
   61    62    -1.54990417
   61    71    -1.08980666
   61   161    -2.21676702
   61   961    -1.56082037
   62    52     0.98598808
   62    61    -1.54990417
   62    63     0.00076079
   62    72     0.29888849
   62   162     0.79225400
   62   962     0.07298840
   63    53     0.60059857
   63    62     0.00076079
   63    64    -0.33253268
   63    73     0.04603463
   63   163     0.88513705
   63   963    -0.48306889
   64    54     0.72551417
   64    63    -0.33253268
   64    65     0.83488026
   64    74     0.65160134
   64   164     0.25423998
   64   964     0.03787916
   65    55    -1.12680334
   65    64     0.83488026
   65    66    -1.81062264
   65    75     1.03471627
   65   165    -0.16424478
   65   965    -1.24371647
   66    56     0.52322400
   66    65    -1.81062264
   66    67    -0.34579681
   66    76    -1.54305367
   66   166     0.54357875
   66   966     1.75301764
   67    57    -0.87537010
   67    66    -0.34579681
   67    68    -1.37257995
   67    77    -1.92798600
   67   167     0.98967553
   67   967     1.16388382
   68    58    -1.04941821
   68    67    -1.37257995
   68    69     0.12829822
   68    78     0.13992891
   68   168     1.11395475
   68   968     0.30375148
   69    59    -0.06534435
   69    60     0.09767005
   69    68     0.12829822
   69    79    -1.27695031
   69   169    -0.61875969
   69   969     0.55832019
   70    60    -1.08443503
   70    71    -2.33313461
   70    79     0.67990085
   70    80     0.56343822
   70   170    -1.67671708
   70   970     1.86534232
   71    61    -1.08980666
   71    70    -2.33313461
   71    72    -0.71218834
   71    81     0.65583443
   71   171     0.80257570
   71   971    -1.39097188
   72    62     0.29888849
   72    71    -0.71218834
   72    73    -0.24442751
   72    82    -0.10900594
   72   172    -0.83952231
   72   972     0.92194010
   73    63     0.04603463
   73    72    -0.24442751
   73    74     0.09761505
   73    83     1.05218097
   73   173    -1.77078799
   73   973    -0.12564170
   74    64     0.65160134
   74    73     0.09761505
   74    75    -0.89167661
   74    84    -0.71919978
   74   174    -0.07900733
   74   974     0.04079010
   75    65     1.03471627
   75    74    -0.89167661
   75    76    -0.51402010
   75    85    -0.69112822
   75   175     0.60111178
   75   975     0.71058287
   76    66    -1.54305367
   76    75    -0.51402010
   76    77     1.18322859
   76    86    -1.67464286
   76   176    -1.53539236
   76   976    -1.98362209
   77    67    -1.92798600
   77    76     1.18322859
   77    78     0.45895483
   77    87    -2.32558086
   77   177    -1.76432558
   77   977    -0.40419078
   78    68     0.13992891
   78    77     0.45895483
   78    79     1.72683924
   78    88    -1.07213302
   78   178    -0.75372036
   78   978     0.15389945
   79    69    -1.27695031
   79    70     0.67990085
   79    78     1.72683924
   79    89    -0.98264800
   79   179    -0.91301902
   79   979    -1.76540225
   80    70     0.56343822
   80    81    -0.55776765
   80    89     0.16167438
   80    90     0.56069986
   80   180     0.79533660
   80   980    -1.12125392
   81    71     0.65583443
   81    80    -0.55776765
   81    82     1.44658100
   81    91    -1.89567971
   81   181    -0.98565774
   81   981    -0.69144112
   82    72    -0.10900594
   82    81     1.44658100
   82    83    -1.62497399
   82    92    -0.79107548
   82   182     0.50989185
   82   982     0.28517320
   83    73     1.05218097
   83    82    -1.62497399
   83    84     1.38308570
   83    93    -0.96508162
   83   183     1.02441257
   83   983    -0.41520170
   84    74    -0.71919978
   84    83     1.38308570
   84    85     0.82869102
   84    94    -0.32731754
   84   184    -0.22389242
   84   984     1.20221960
   85    75    -0.69112822
   85    84     0.82869102
   85    86    -0.63433145
   85    95    -1.94709830
   85   185    -0.89384832
   85   985     0.45664101
   86    76    -1.67464286
   86    85    -0.63433145
   86    87     0.95692535
   86    96    -0.12018541
   86   186     0.68397753
   86   986    -1.52302849
   87    77    -2.32558086
   87    86     0.95692535
   87    88     2.00466204
   87    97    -0.06980300
   87   187    -1.33718623
   87   987     0.15390112
   88    78    -1.07213302
   88    87     2.00466204
   88    89    -0.42530254
   88    98    -0.22374041
   88   188     0.39151688
   88   988     0.14025255
   89    79    -0.98264800
   89    80     0.16167438
   89    88    -0.42530254
   89    99    -0.97925359
   89   189    -1.45975437
   89   989     0.62597869
   90     0    -1.00617834
   90    80     0.56069986
   90    91     1.66176923
   90    99     1.20157136
   90   190    -0.21183049
   90   990     0.07781430
   91     1    -0.37765671
   91    81    -1.89567971
   91    90     1.66176923
   91    92    -0.38549278
   91   191     0.88270164
   91   991    -1.34212525
   92     2    -1.37558902
   92    82    -0.79107548
   92    91    -0.38549278
   92    93     0.01437108
   92   192     0.34411999
   92   992     0.22889741
   93     3    -0.24123882
   93    83    -0.96508162
   93    92     0.01437108
   93    94    -1.05037388
   93   193    -1.34940273
   93   993     1.92011917
   94     4     1.05659964
   94    84    -0.32731754
   94    93    -1.05037388
   94    95    -0.50925784
   94   194    -1.36484086
   94   994     0.75812658
   95     5    -1.82227255
   95    85    -1.94709830
   95    94    -0.50925784
   95    96     0.58621818
   95   195    -0.51706731
   95   995    -1.10834413
   96     6    -0.77680799
   96    86    -0.12018541
   96    95     0.58621818
   96    97     0.66045602
   96   196     1.78851057
   96   996    -0.51033900
   97     7     0.44796526
   97    87    -0.06980300
   97    96     0.66045602
   97    98    -0.49133813
   97   197     0.05642378
   97   997    -1.16797480
   98     8    -0.73568305
   98    88    -0.22374041
   98    97    -0.49133813
   98    99     0.29254662
   98   198    -1.05346668
   98   998     0.40555077
   99     9     0.96464204
   99    89    -0.97925359
   99    90     1.20157136
   99    98     0.29254662
   99   199     0.30025495
   99   999     1.26106711
  100     0     0.55528353
  100   101     0.78977159
  100   109     2.30020584
  100   110    -2.11136305
  100   190     0.76531574
  100   200    -0.08254528
  101     1     0.75521784
  101   100     0.78977159
  101   102     0.33397559
  101   111     0.15980117
  101   191    -1.17432552
  101   201     0.38649798
  102     2    -0.26900568
  102   101     0.33397559
  102   103     1.86913049
  102   112    -1.14554620
  102   192     0.00851557
  102   202    -0.15333985
  103     3    -1.29677725
  103   102     1.86913049
  103   104     0.67612556
  103   113    -0.99075179
  103   193     1.72271105
  103   203     1.03870094
  104     4    -0.04411601
  104   103     0.67612556
  104   105    -0.58198048
  104   114     0.90581973
  104   194     0.77485413
  104   204    -1.25483049
  105     5     0.96553712
  105   104    -0.58198048
  105   106    -0.05121166
  105   115    -2.19868950
  105   195     1.74517934
  105   205     0.10951408
  106     6    -0.30770253
  106   105    -0.05121166
  106   107    -1.03624078
  106   116    -0.25840488
  106   196     1.16335146
  106   206    -0.01109856
  107     7    -0.40704815
  107   106    -1.03624078
  107   108     1.23338992
  107   117     0.39593020
  107   197    -0.17378781
  107   207    -1.21893522
  108     8     0.78446141
  108   107     1.23338992
  108   109     2.02248950
  108   118     0.14612852
  108   198    -0.32584948
  108   208     0.50735370
  109     9    -1.25665035
  109   100     2.30020584
  109   108     2.02248950
  109   119     0.30414037
  109   199    -0.81060275
  109   209    -0.09425755
  110    10     0.31855239
  110   100    -2.11136305
  110   111    -2.38924398
  110   119     0.30864334
  110   120     0.92952970
  110   210     1.11330672
  111    11    -0.14683120
  111   101     0.15980117
  111   110    -2.38924398
  111   112     0.91850256
  111   121    -0.69667388
  111   211    -0.61291618
  112    12     1.33134847
  112   102    -1.14554620
  112   111     0.91850256
  112   113     1.12840108
  112   122     0.07359042
  112   212     0.50336915
  113    13     0.54889289
  113   103    -0.99075179
  113   112     1.12840108
  113   114     0.84202100
  113   123    -0.13115536
  113   213    -0.08785907
  114    14    -0.06374222
  114   104     0.90581973
  114   113     0.84202100
  114   115    -0.67093631
  114   124     0.57147984
  114   214     0.01068382
  115    15     1.08259776
  115   105    -2.19868950
  115   114    -0.67093631
  115   116    -0.48638456
  115   125    -0.18097179
  115   215    -1.33976454
  116    16     0.21331841
  116   106    -0.25840488
  116   115    -0.48638456
  116   117    -0.46792161
  116   126     0.05013000
  116   216    -0.92051878
  117    17     0.57409590
  117   107     0.39593020
  117   116    -0.46792161
  117   118    -2.55236338
  117   127    -2.27496739
  117   217    -0.89498358
  118    18    -0.88187016
  118   108     0.14612852
  118   117    -2.55236338
  118   119     0.93162361
  118   128    -0.05542114
  118   218    -0.75235966
  119    19    -0.98368001
  119   109     0.30414037
  119   110     0.30864334
  119   118     0.93162361
  119   129    -1.64772679
  119   219    -0.29174271
  120    20     0.34805548
  120   110     0.92952970
  120   121    -0.91218433
  120   129     1.12561887
  120   130    -0.24126811
  120   220     0.36840460
  121    21    -0.98383768
  121   111    -0.69667388
  121   120    -0.91218433
  121   122     0.46157585
  121   131     0.07181689
  121   221    -1.54357941
  122    22     1.09703315
  122   112     0.07359042
  122   121     0.46157585
  122   123     0.85415903
  122   132    -0.68799757
  122   222    -2.11673348
  123    23    -0.76332106
  123   113    -0.13115536
  123   122     0.85415903
  123   124    -0.54821131
  123   133    -0.81092363
  123   223    -0.66768114
  124    24     1.75866711
  124   114     0.57147984
  124   123    -0.54821131
  124   125    -0.04042456
  124   134     0.97550123
  124   224     0.95034732
  125    25     0.65092932
  125   115    -0.18097179
  125   124    -0.04042456
  125   126    -0.24635853
  125   135    -0.50943943
  125   225    -0.15248143
  126    26     1.01468214
  126   116     0.05013000
  126   125    -0.24635853
  126   127    -0.94986206
  126   136    -1.41378330
  126   226     0.88465899
  127    27    -0.19127557
  127   117    -2.27496739
  127   126    -0.94986206
  127   128     0.92327434
  127   137    -0.87884114
  127   227    -0.21220308
  128    28    -0.06836982
  128   118    -0.05542114
  128   127     0.92327434
  128   129     0.28806280
  128   138    -0.14588846
  128   228     0.33302408
  129    29     0.06716113
  129   119    -1.64772679
  129   120     1.12561887
  129   128     0.28806280
  129   139    -1.63239891
  129   229     0.38339303
  130    30     1.19816366
  130   120    -0.24126811
  130   131     0.42780462
  130   139    -0.00705953
  130   140    -0.40707751
  130   230    -0.11263412
  131    31     0.13081831
  131   121     0.07181689
  131   130     0.42780462
  131   132     0.72626004
  131   141    -0.31627992
  131   231    -1.31980527
  132    32    -0.24103591
  132   122    -0.68799757
  132   131     0.72626004
  132   133     1.20152763
  132   142     1.04259249
  132   232     0.82884877
  133    33    -0.70894608
  133   123    -0.81092363
  133   132     1.20152763
  133   134    -1.11373781
  133   143    -2.22427386
  133   233    -0.56364325
  134    34    -0.60309830
  134   124     0.97550123
  134   133    -1.11373781
  134   135     0.32394135
  134   144    -0.01104468
  134   234    -0.20034736
  135    35     0.71325962
  135   125    -0.50943943
  135   134     0.32394135
  135   136     0.61826220
  135   145     1.49897696
  135   235     0.32378694
  136    36     1.51470720
  136   126    -1.41378330
  136   135     0.61826220
  136   137     0.41558699
  136   146    -1.35084966
  136   236    -0.32440645
  137    37    -1.13314886
  137   127    -0.87884114
  137   136     0.41558699
  137   138     0.27332831
  137   147     0.70454387
  137   237    -1.15697767
  138    38    -1.12395329
  138   128    -0.14588846
  138   137     0.27332831
  138   139     0.59509748
  138   148     0.40694224
  138   238     0.20884800
  139    39    -2.05488297
  139   129    -1.63239891
  139   130    -0.00705953
  139   138     0.59509748
  139   149    -1.11577255
  139   239    -0.20106765
  140    40     0.04896249
  140   130    -0.40707751
  140   141     0.61335287
  140   149    -1.59364238
  140   150    -0.75930907
  140   240     1.59133114
  141    41     1.44308641
  141   131    -0.31627992
  141   140     0.61335287
  141   142     0.13713001
  141   151    -0.03960352
  141   241    -0.40725026
  142    42    -0.77551860
  142   132     1.04259249
  142   141     0.13713001
  142   143     1.20966635
  142   152     1.18591155
  142   242     1.49973474
  143    43    -0.12228797
  143   133    -2.22427386
  143   142     1.20966635
  143   144     1.10966336
  143   153    -0.14597639
  143   243    -0.02577188
  144    44     0.33557863
  144   134    -0.01104468
  144   143     1.10966336
  144   145     0.71198910
  144   154    -0.63814971
  144   244     0.72574452
  145    45    -0.03295183
  145   135     1.49897696
  145   144     0.71198910
  145   146     1.13056737
  145   155     1.65098734
  145   245     0.53524863
  146    46    -0.78996701
  146   136    -1.35084966
  146   145     1.13056737
  146   147    -0.14026884
  146   156    -1.62310381
  146   246     0.80711187
  147    47     0.16401698
  147   137     0.70454387
  147   146    -0.14026884
  147   148     0.96851463
  147   157    -0.36178845
  147   247    -0.56266851
  148    48     1.18518355
  148   138     0.40694224
  148   147     0.96851463
  148   149    -0.05264619
  148   158    -0.39244987
  148   248     0.03085508
  149    49    -1.35797043
  149   139    -1.11577255
  149   140    -1.59364238
  149   148    -0.05264619
  149   159    -0.69845415
  149   249     0.17829738
  150    50     1.13829671
  150   140    -0.75930907
  150   151    -0.74000220
  150   159    -1.30972185
  150   160    -2.07463183
  150   250    -0.74807978
  151    51    -0.92184145
  151   141    -0.03960352
  151   150    -0.74000220
  151   152     1.51274191
  151   161    -0.13297544
  151   251    -0.93174161
  152    52     0.80432110
  152   142     1.18591155
  152   151     1.51274191
  152   153     1.33740148
  152   162     0.54797354
  152   252     1.73332683
  153    53    -1.67159011
  153   143    -0.14597639
  153   152     1.33740148
  153   154     0.09609455
  153   163    -0.52706909
  153   253    -0.99683237
  154    54    -0.31629138
  154   144    -0.63814971
  154   153     0.09609455
  154   155    -1.41031110
  154   164     0.12916529
  154   254    -1.30883348
  155    55     1.20892814
  155   145     1.65098734
  155   154    -1.41031110
  155   156     0.66586147
  155   165     1.06608472
  155   255    -0.75108947
  156    56     0.62847611
  156   146    -1.62310381
  156   155     0.66586147
  156   157     1.18977946
  156   166    -2.27683200
  156   256    -2.34978419
  157    57     0.72123644
  157   147    -0.36178845
  157   156     1.18977946
  157   158     0.00116474
  157   167    -0.75303204
  157   257     0.45033345
  158    58     0.55653045
  158   148    -0.39244987
  158   157     0.00116474
  158   159    -0.54125008
  158   168    -0.24921256
  158   258    -1.24092711
  159    59    -0.33796359
  159   149    -0.69845415
  159   150    -1.30972185
  159   158    -0.54125008
  159   169     1.28596964
  159   259     0.42446764
  160    60     0.35947296
  160   150    -2.07463183
  160   161     1.03381910
  160   169     2.87661970
  160   170     1.23229806
  160   260    -0.85897206
  161    61    -2.21676702
  161   151    -0.13297544
  161   160     1.03381910
  161   162    -0.24446843
  161   171     0.11339168
  161   261    -0.36486552
  162    62     0.79225400
  162   152     0.54797354
  162   161    -0.24446843
  162   163    -1.92612413
  162   172     1.85548444
  162   262    -0.51227755
  163    63     0.88513705
  163   153    -0.52706909
  163   162    -1.92612413
  163   164     0.78487455
  163   173     0.69962968
  163   263    -1.71103342
  164    64     0.25423998
  164   154     0.12916529
  164   163     0.78487455
  164   165    -1.73353623
  164   174     1.56101908
  164   264    -0.32732480
  165    65    -0.16424478
  165   155     1.06608472
  165   164    -1.73353623
  165   166     0.32264447
  165   175    -1.54568752
  165   265     0.75513863
  166    66     0.54357875
  166   156    -2.27683200
  166   165     0.32264447
  166   167    -1.09030863
  166   176    -1.11110570
  166   266     0.45068046
  167    67     0.98967553
  167   157    -0.75303204
  167   166    -1.09030863
  167   168     1.89578424
  167   177    -0.18106758
  167   267    -0.67806797
  168    68     1.11395475
  168   158    -0.24921256
  168   167     1.89578424
  168   169    -1.35069419
  168   178     0.78514907
  168   268     2.19861509
  169    69    -0.61875969
  169   159     1.28596964
  169   160     2.87661970
  169   168    -1.35069419
  169   179     0.59001770
  169   269    -1.66302676
  170    70    -1.67671708
  170   160     1.23229806
  170   171     1.29004112
  170   179    -0.34046095
  170   180     1.79449271
  170   270    -1.62996205
  171    71     0.80257570
  171   161     0.11339168
  171   170     1.29004112
  171   172     1.27169515
  171   181    -1.25290349
  171   271     0.30902223
  172    72    -0.83952231
  172   162     1.85548444
  172   171     1.27169515
  172   173    -1.28932271
  172   182     0.01753583
  172   272     0.48721249
  173    73    -1.77078799
  173   163     0.69962968
  173   172    -1.28932271
  173   174     1.28711670
  173   183    -0.64208550
  173   273    -0.05426689
  174    74    -0.07900733
  174   164     1.56101908
  174   173     1.28711670
  174   175     0.38506045
  174   184    -1.97022843
  174   274     1.15202501
  175    75     0.60111178
  175   165    -1.54568752
  175   174     0.38506045
  175   176    -0.66883353
  175   185    -0.06501490
  175   275     0.33224661
  176    76    -1.53539236
  176   166    -1.11110570
  176   175    -0.66883353
  176   177    -0.05430870
  176   186     0.99790131
  176   276     0.23520618
  177    77    -1.76432558
  177   167    -0.18106758
  177   176    -0.05430870
  177   178    -1.42396489
  177   187    -0.33206354
  177   277    -0.17497768
  178    78    -0.75372036
  178   168     0.78514907
  178   177    -1.42396489
  178   179     0.84063001
  178   188    -0.24006873
  178   278     1.37780221
  179    79    -0.91301902
  179   169     0.59001770
  179   170    -0.34046095
  179   178     0.84063001
  179   189    -1.10642153
  179   279    -0.02441083
  180    80     0.79533660
  180   170     1.79449271
  180   181    -0.85111682
  180   189     0.59054028
  180   190    -0.00216024
  180   280    -0.61558048
  181    81    -0.98565774
  181   171    -1.25290349
  181   180    -0.85111682
  181   182    -0.34505483
  181   191     1.57239749
  181   281    -1.34623342
  182    82     0.50989185
  182   172     0.01753583
  182   181    -0.34505483
  182   183    -0.49576672
  182   192    -1.83282999
  182   282     0.24013948
  183    83     1.02441257
  183   173    -0.64208550
  183   182    -0.49576672
  183   184    -0.95078725
  183   193     2.29400672
  183   283    -1.36943309
  184    84    -0.22389242
  184   174    -1.97022843
  184   183    -0.95078725
  184   185    -0.62684252
  184   194     0.04675707
  184   284     0.58693946
  185    85    -0.89384832
  185   175    -0.06501490
  185   184    -0.62684252
  185   186    -0.47584474
  185   195    -0.58482194
  185   285    -1.37405033
  186    86     0.68397753
  186   176     0.99790131
  186   185    -0.47584474
  186   187    -0.70486818
  186   196     0.18211168
  186   286     1.56416237
  187    87    -1.33718623
  187   177    -0.33206354
  187   186    -0.70486818
  187   188     0.39574757
  187   197    -0.87988154
  187   287    -0.97082730
  188    88     0.39151688
  188   178    -0.24006873
  188   187     0.39574757
  188   189     0.36204036
  188   198     0.08129237
  188   288     0.57502232
  189    89    -1.45975437
  189   179    -1.10642153
  189   180     0.59054028
  189   188     0.36204036
  189   199     0.86866915
  189   289    -0.11510364
  190    90    -0.21183049
  190   100     0.76531574
  190   180    -0.00216024
  190   191     0.20261282
  190   199     0.16911030
  190   290    -0.97117942
  191    91     0.88270164
  191   101    -1.17432552
  191   181     1.57239749
  191   190     0.20261282
  191   192    -0.71729686
  191   291    -2.01240626
  192    92     0.34411999
  192   102     0.00851557
  192   182    -1.83282999
  192   191    -0.71729686
  192   193     0.75979403
  192   292     0.52356728
  193    93    -1.34940273
  193   103     1.72271105
  193   183     2.29400672
  193   192     0.75979403
  193   194    -1.12908997
  193   293     0.36905672
  194    94    -1.36484086
  194   104     0.77485413
  194   184     0.04675707
  194   193    -1.12908997
  194   195    -0.31474527
  194   294    -0.01577797
  195    95    -0.51706731
  195   105     1.74517934
  195   185    -0.58482194
  195   194    -0.31474527
  195   196    -0.11872644
  195   295     0.74770306
  196    96     1.78851057
  196   106     1.16335146
  196   186     0.18211168
  196   195    -0.11872644
  196   197     1.30218240
  196   296     1.35437183
  197    97     0.05642378
  197   107    -0.17378781
  197   187    -0.87988154
  197   196     1.30218240
  197   198     0.47912769
  197   297    -1.00142491
  198    98    -1.05346668
  198   108    -0.32584948
  198   188     0.08129237
  198   197     0.47912769
  198   199     1.43380987
  198   298    -1.10673077
  199    99     0.30025495
  199   109    -0.81060275
  199   189     0.86866915
  199   190     0.16911030
  199   198     1.43380987
  199   299     0.37363033
  200   100    -0.08254528
  200   201    -0.45442753
  200   209     0.98550654
  200   210    -1.29339046
  200   290     0.86824470
  200   300    -3.57394503
  201   101     0.38649798
  201   200    -0.45442753
  201   202     0.28299883
  201   211    -0.80119642
  201   291     0.76132978
  201   301    -1.89795474
  202   102    -0.15333985
  202   201     0.28299883
  202   203    -2.96509390
  202   212     0.33641393
  202   292    -0.36643079
  202   302     0.13465139
  203   103     1.03870094
  203   202    -2.96509390
  203   204     2.13814050
  203   213    -1.55441659
  203   293     1.16290297
  203   303    -1.14231416
  204   104    -1.25483049
  204   203     2.13814050
  204   205     0.74341776
  204   214     0.69195146
  204   294     1.26208546
  204   304     0.45750689
  205   105     0.10951408
  205   204     0.74341776
  205   206     0.45122623
  205   215    -0.53125937
  205   295    -0.82484124
  205   305    -1.87995137
  206   106    -0.01109856
  206   205     0.45122623
  206   207     1.06585667
  206   216     0.69635371
  206   296     0.09720632
  206   306    -0.06935279
  207   107    -1.21893522
  207   206     1.06585667
  207   208    -0.74133156
  207   217    -0.21528802
  207   297    -0.56836874
  207   307    -0.86557536
  208   108     0.50735370
  208   207    -0.74133156
  208   209     2.72940760
  208   218    -0.25886856
  208   298     2.69613812
  208   308     2.17080265
  209   109    -0.09425755
  209   200     0.98550654
  209   208     2.72940760
  209   219    -1.75452311
  209   299    -0.64384163
  209   309    -0.84663043
  210   110     1.11330672
  210   200    -1.29339046
  210   211     1.05354611
  210   219    -0.40207869
  210   220    -1.20515030
  210   310    -0.02190510
  211   111    -0.61291618
  211   201    -0.80119642
  211   210     1.05354611
  211   212    -3.40439165
  211   221     1.26622138
  211   311    -0.02591349
  212   112     0.50336915
  212   202     0.33641393
  212   211    -3.40439165
  212   213     0.97266636
  212   222     0.66045018
  212   312     0.26259584
  213   113    -0.08785907
  213   203    -1.55441659
  213   212     0.97266636
  213   214    -0.41271441
  213   223     0.13228476
  213   313    -0.05078787
  214   114     0.01068382
  214   204     0.69195146
  214   213    -0.41271441
  214   215    -0.00163625
  214   224    -0.99861573
  214   314     2.35793739
  215   115    -1.33976454
  215   205    -0.53125937
  215   214    -0.00163625
  215   216     1.79139484
  215   225    -0.81475219
  215   315     1.59743160
  216   116    -0.92051878
  216   206     0.69635371
  216   215     1.79139484
  216   217     0.61405572
  216   226     0.55274433
  216   316     1.57784426
  217   117    -0.89498358
  217   207    -0.21528802
  217   216     0.61405572
  217   218     1.43545223
  217   227     1.61935217
  217   317     1.98965054
  218   118    -0.75235966
  218   208    -0.25886856
  218   217     1.43545223
  218   219    -1.44295034
  218   228    -0.11205918
  218   318    -2.36858203
  219   119    -0.29174271
  219   209    -1.75452311
  219   210    -0.40207869
  219   218    -1.44295034
  219   229     0.59794100
  219   319     0.76004155
  220   120     0.36840460
  220   210    -1.20515030
  220   221    -0.53926135
  220   229     0.18362716
  220   230     1.43483701
  220   320     1.31294442
  221   121    -1.54357941
  221   211     1.26622138
  221   220    -0.53926135
  221   222    -0.29388346
  221   231    -0.78739499
  221   321    -1.36725136
  222   122    -2.11673348
  222   212     0.66045018
  222   221    -0.29388346
  222   223    -0.39195408
  222   232    -1.49382495
  222   322    -0.41659478
  223   123    -0.66768114
  223   213     0.13228476
  223   222    -0.39195408
  223   224    -0.22485668
  223   233    -1.55975253
  223   323    -0.41961055
  224   124     0.95034732
  224   214    -0.99861573
  224   223    -0.22485668
  224   225    -0.66754492
  224   234    -0.41557207
  224   324     0.70579238
  225   125    -0.15248143
  225   215    -0.81475219
  225   224    -0.66754492
  225   226    -2.53584657
  225   235    -1.50538567
  225   325    -0.69548524
  226   126     0.88465899
  226   216     0.55274433
  226   225    -2.53584657
  226   227    -0.17848445
  226   236     0.39630682
  226   326    -0.08968894
  227   127    -0.21220308
  227   217     1.61935217
  227   226    -0.17848445
  227   228    -1.49928713
  227   237    -0.50107288
  227   327     0.19969759
  228   128     0.33302408
  228   218    -0.11205918
  228   227    -1.49928713
  228   229     1.03049369
  228   238    -0.60195165
  228   328    -0.58042016
  229   129     0.38339303
  229   219     0.59794100
  229   220     0.18362716
  229   228     1.03049369
  229   239    -0.20787595
  229   329    -0.80358359
  230   130    -0.11263412
  230   220     1.43483701
  230   231    -0.08317265
  230   239     0.99165748
  230   240     0.26533344
  230   330     1.05065623
  231   131    -1.31980527
  231   221    -0.78739499
  231   230    -0.08317265
  231   232     0.03414758
  231   241    -0.32161111
  231   331    -0.01884609
  232   132     0.82884877
  232   222    -1.49382495
  232   231     0.03414758
  232   233     0.17747764
  232   242    -0.39870353
  232   332     1.05160764
  233   133    -0.56364325
  233   223    -1.55975253
  233   232     0.17747764
  233   234     0.74028331
  233   243    -0.10841022
  233   333    -0.55397580
  234   134    -0.20034736
  234   224    -0.41557207
  234   233     0.74028331
  234   235    -0.03184848
  234   244    -1.70970748
  234   334     1.36543710
  235   135     0.32378694
  235   225    -1.50538567
  235   234    -0.03184848
  235   236    -0.08815650
  235   245    -0.26360927
  235   335    -0.73943581
  236   136    -0.32440645
  236   226     0.39630682
  236   235    -0.08815650
  236   237    -0.73846585
  236   246    -1.10951198
  236   336     2.00095217
  237   137    -1.15697767
  237   227    -0.50107288
  237   236    -0.73846585
  237   238     1.33062309
  237   247     0.33788816
  237   337    -0.55757052
  238   138     0.20884800
  238   228    -0.60195165
  238   237     1.33062309
  238   239    -0.80229905
  238   248     0.59336927
  238   338    -0.89517318
  239   139    -0.20106765
  239   229    -0.20787595
  239   230     0.99165748
  239   238    -0.80229905
  239   249     2.19740862
  239   339     0.01522637
  240   140     1.59133114
  240   230     0.26533344
  240   241    -0.57190070
  240   249    -1.31426304
  240   250    -0.56817511
  240   340    -0.35027364
  241   141    -0.40725026
  241   231    -0.32161111
  241   240    -0.57190070
  241   242    -0.92447134
  241   251     0.50103677
  241   341    -0.65202235
  242   142     1.49973474
  242   232    -0.39870353
  242   241    -0.92447134
  242   243     0.02007486
  242   252     0.26402438
  242   342    -1.34601327
  243   143    -0.02577188
  243   233    -0.10841022
  243   242     0.02007486
  243   244     0.56924399
  243   253     1.91539987
  243   343     1.13228527
  244   144     0.72574452
  244   234    -1.70970748
  244   243     0.56924399
  244   245     1.16863242
  244   254     0.76900399
  244   344     0.55974659
  245   145     0.53524863
  245   235    -0.26360927
  245   244     1.16863242
  245   246     2.08553505
  245   255    -0.82251673
  245   345    -0.98583390
  246   146     0.80711187
  246   236    -1.10951198
