#Random lattice graph with connectivity C = 4
#Vertices:	Bonds:
#	1024		2048
    0     1    -1.52461455
    0    31     1.01487150
    0    32     1.47503278
    0   992     0.26246233
    1     0    -1.52461455
    1     2    -0.41779406
    1    33     0.47639414
    1   993     1.01610524
    2     1    -0.41779406
    2     3    -0.36554176
    2    34     2.15342314
    2   994    -0.35056370
    3     2    -0.36554176
    3     4    -0.48167148
    3    35     0.25995330
    3   995    -0.02402791
    4     3    -0.48167148
    4     5    -0.00717816
    4    36     0.81656678
    4   996    -0.04297139
    5     4    -0.00717816
    5     6    -0.44219592
    5    37     0.22687522
    5   997    -1.30243682
    6     5    -0.44219592
    6     7     0.83612659
    6    38    -1.85534456
    6   998    -0.53223044
    7     6     0.83612659
    7     8     0.07061522
    7    39    -0.22725081
    7   999    -0.53186789
    8     7     0.07061522
    8     9     1.69316296
    8    40     0.76726579
    8  1000    -0.84337909
    9     8     1.69316296
    9    10     0.38987913
    9    41     2.27761515
    9  1001    -0.86763591
   10     9     0.38987913
   10    11    -0.36659172
   10    42     0.49404638
   10  1002     2.02965059
   11    10    -0.36659172
   11    12    -0.30622068
   11    43     0.90587047
   11  1003     0.00263573
   12    11    -0.30622068
   12    13     0.72910860
   12    44    -0.71198963
   12  1004     2.07949505
   13    12     0.72910860
   13    14    -0.74926298
   13    45     0.17386549
   13  1005    -0.82771022
   14    13    -0.74926298
   14    15    -0.38188113
   14    46    -0.38323071
   14  1006    -0.06429123
   15    14    -0.38188113
   15    16     0.27324304
   15    47    -0.10091580
   15  1007    -0.14260113
   16    15     0.27324304
   16    17     0.29074989
   16    48     0.80526327
   16  1008    -1.71520674
   17    16     0.29074989
   17    18    -0.75129368
   17    49     2.30875615
   17  1009     0.36445410
   18    17    -0.75129368
   18    19     0.03991024
   18    50     0.07003917
   18  1010     0.06524063
   19    18     0.03991024
   19    20    -0.15582525
   19    51    -1.11092418
   19  1011     0.16851860
   20    19    -0.15582525
   20    21    -0.83808609
   20    52     0.76229486
   20  1012     0.20248973
   21    20    -0.83808609
   21    22     1.24836326
   21    53    -0.86695432
   21  1013    -0.74583856
   22    21     1.24836326
   22    23    -0.59283706
   22    54    -0.26628165
   22  1014     2.09604195
   23    22    -0.59283706
   23    24    -0.57027626
   23    55     1.38710141
   23  1015     0.51553761
   24    23    -0.57027626
   24    25     0.92659495
   24    56    -0.48562750
   24  1016    -0.06181048
   25    24     0.92659495
   25    26    -1.44546356
   25    57    -0.67847930
   25  1017     0.17910944
   26    25    -1.44546356
   26    27    -0.55062742
   26    58    -0.29951955
   26  1018     0.89471816
   27    26    -0.55062742
   27    28     0.44079741
   27    59     1.11395816
   27  1019    -1.55788153
   28    27     0.44079741
   28    29     1.21050942
   28    60     0.36838371
   28  1020    -0.16753736
   29    28     1.21050942
   29    30    -0.80996851
   29    61    -0.31769632
   29  1021    -0.57680040
   30    29    -0.80996851
   30    31    -0.74970712
   30    62     0.94002666
   30  1022     1.76064294
   31     0     1.01487150
   31    30    -0.74970712
   31    63    -0.23683258
   31  1023    -0.37845232
   32     0     1.47503278
   32    33    -0.04522237
   32    63     0.74315301
   32    64     0.13378992
   33     1     0.47639414
   33    32    -0.04522237
   33    34     1.80868247
   33    65     0.95221121
   34     2     2.15342314
   34    33     1.80868247
   34    35    -0.00883637
   34    66     0.38275676
   35     3     0.25995330
   35    34    -0.00883637
   35    36    -0.67348166
   35    67     1.75908605
   36     4     0.81656678
   36    35    -0.67348166
   36    37    -0.28272417
   36    68     0.65094343
   37     5     0.22687522
   37    36    -0.28272417
   37    38    -0.46126573
   37    69     1.17344624
   38     6    -1.85534456
   38    37    -0.46126573
   38    39     0.26648871
   38    70    -0.17378046
   39     7    -0.22725081
   39    38     0.26648871
   39    40    -0.81734436
   39    71    -0.81358405
   40     8     0.76726579
   40    39    -0.81734436
   40    41    -0.16456513
   40    72    -1.71776878
   41     9     2.27761515
   41    40    -0.16456513
   41    42     0.87102701
   41    73    -0.85741866
   42    10     0.49404638
   42    41     0.87102701
   42    43    -0.35443991
   42    74     1.70106519
   43    11     0.90587047
   43    42    -0.35443991
   43    44     0.40696362
   43    75    -0.20086429
   44    12    -0.71198963
   44    43     0.40696362
   44    45    -0.55572330
   44    76    -2.57615615
   45    13     0.17386549
   45    44    -0.55572330
   45    46     0.84352588
   45    77     0.96704500
   46    14    -0.38323071
   46    45     0.84352588
   46    47    -0.75690203
   46    78     0.02940410
   47    15    -0.10091580
   47    46    -0.75690203
   47    48    -2.19861246
   47    79     0.54955368
   48    16     0.80526327
   48    47    -2.19861246
   48    49     0.14614383
   48    80    -0.25495831
   49    17     2.30875615
   49    48     0.14614383
   49    50     2.61769045
   49    81    -0.60261165
   50    18     0.07003917
   50    49     2.61769045
   50    51    -1.30993850
   50    82     0.56251250
   51    19    -1.11092418
   51    50    -1.30993850
   51    52    -0.04983574
   51    83    -0.52545251
   52    20     0.76229486
   52    51    -0.04983574
   52    53    -0.79519302
   52    84    -1.92404716
   53    21    -0.86695432
   53    52    -0.79519302
   53    54     1.56938292
   53    85     0.17046119
   54    22    -0.26628165
   54    53     1.56938292
   54    55    -1.93133212
   54    86    -0.84279418
   55    23     1.38710141
   55    54    -1.93133212
   55    56    -1.33606973
   55    87    -2.22189735
   56    24    -0.48562750
   56    55    -1.33606973
   56    57     2.29295252
   56    88    -0.49718059
   57    25    -0.67847930
   57    56     2.29295252
   57    58     0.96154625
   57    89     1.91304185
   58    26    -0.29951955
   58    57     0.96154625
   58    59    -1.11016725
   58    90    -0.62351095
   59    27     1.11395816
   59    58    -1.11016725
   59    60     1.02196876
   59    91    -1.22317245
   60    28     0.36838371
   60    59     1.02196876
   60    61     0.38313484
   60    92    -1.07848783
   61    29    -0.31769632
   61    60     0.38313484
   61    62    -0.60944032
   61    93     1.96454627
   62    30     0.94002666
   62    61    -0.60944032
   62    63     0.63449182
   62    94    -0.98577892
   63    31    -0.23683258
   63    32     0.74315301
   63    62     0.63449182
   63    95    -0.07211817
   64    32     0.13378992
   64    65     0.27772778
   64    95    -0.58020193
   64    96    -1.52417805
   65    33     0.95221121
   65    64     0.27772778
   65    66    -0.95401067
   65    97     0.69858124
   66    34     0.38275676
   66    65    -0.95401067
   66    67    -1.13188201
   66    98    -3.19688215
   67    35     1.75908605
   67    66    -1.13188201
   67    68     0.34994322
   67    99    -0.73354582
   68    36     0.65094343
   68    67     0.34994322
   68    69    -0.48772762
   68   100    -0.86813388
   69    37     1.17344624
   69    68    -0.48772762
   69    70    -1.02059045
   69   101     0.05022766
   70    38    -0.17378046
   70    69    -1.02059045
   70    71    -1.29014640
   70   102    -1.00604692
   71    39    -0.81358405
   71    70    -1.29014640
   71    72     1.33803209
   71   103    -0.06533473
   72    40    -1.71776878
   72    71     1.33803209
   72    73    -1.11568122
   72   104     1.95703834
   73    41    -0.85741866
   73    72    -1.11568122
   73    74     0.36937271
   73   105    -0.21142833
   74    42     1.70106519
   74    73     0.36937271
   74    75    -1.85600725
   74   106     0.63876807
   75    43    -0.20086429
   75    74    -1.85600725
   75    76     0.27377332
   75   107    -1.77478885
   76    44    -2.57615615
   76    75     0.27377332
   76    77     1.27462686
   76   108     1.00080923
   77    45     0.96704500
   77    76     1.27462686
   77    78     1.05888233
   77   109     1.37331041
   78    46     0.02940410
   78    77     1.05888233
   78    79     0.43797242
   78   110     0.96151226
   79    47     0.54955368
   79    78     0.43797242
   79    80    -0.02693935
   79   111    -0.05368481
   80    48    -0.25495831
   80    79    -0.02693935
   80    81    -2.12051334
   80   112     0.05677853
   81    49    -0.60261165
   81    80    -2.12051334
   81    82     0.41755658
   81   113    -0.00534598
   82    50     0.56251250
   82    81     0.41755658
   82    83     0.78933671
   82   114     0.48643533
   83    51    -0.52545251
   83    82     0.78933671
   83    84     1.23674274
   83   115    -1.46352097
   84    52    -1.92404716
   84    83     1.23674274
   84    85    -0.15129561
   84   116    -0.42486093
   85    53     0.17046119
   85    84    -0.15129561
   85    86     1.53386008
   85   117     1.75442330
   86    54    -0.84279418
   86    85     1.53386008
   86    87     0.93947740
   86   118    -0.99396152
   87    55    -2.22189735
   87    86     0.93947740
   87    88    -0.24069249
   87   119    -0.22396993
   88    56    -0.49718059
   88    87    -0.24069249
   88    89     1.71237036
   88   120     0.40616592
   89    57     1.91304185
   89    88     1.71237036
   89    90    -0.01687538
   89   121    -0.03118101
   90    58    -0.62351095
   90    89    -0.01687538
   90    91    -0.45314447
   90   122     0.00824680
   91    59    -1.22317245
   91    90    -0.45314447
   91    92    -0.68930078
   91   123    -0.94556127
   92    60    -1.07848783
   92    91    -0.68930078
   92    93     1.03372031
   92   124     1.22218852
   93    61     1.96454627
   93    92     1.03372031
   93    94     0.26689780
   93   125    -0.31034430
   94    62    -0.98577892
   94    93     0.26689780
   94    95    -0.98936233
   94   126    -0.76748793
   95    63    -0.07211817
   95    64    -0.58020193
   95    94    -0.98936233
   95   127    -0.59776454
   96    64    -1.52417805
   96    97    -1.74147713
   96   127    -0.18438161
   96   128    -0.19515303
   97    65     0.69858124
   97    96    -1.74147713
   97    98    -1.22672004
   97   129     2.53193729
   98    66    -3.19688215
   98    97    -1.22672004
   98    99     1.15644056
   98   130    -0.87758470
   99    67    -0.73354582
   99    98     1.15644056
   99   100    -1.80746137
   99   131    -2.14172634
  100    68    -0.86813388
  100    99    -1.80746137
  100   101     0.98155885
  100   132     1.40516940
  101    69     0.05022766
  101   100     0.98155885
  101   102    -0.05487180
  101   133     0.63031498
  102    70    -1.00604692
  102   101    -0.05487180
  102   103     0.52294143
  102   134     0.18534220
  103    71    -0.06533473
  103   102     0.52294143
  103   104     0.31206017
  103   135    -0.19935259
  104    72     1.95703834
  104   103     0.31206017
  104   105    -1.73016693
  104   136    -1.51705351
  105    73    -0.21142833
  105   104    -1.73016693
  105   106     1.02031767
  105   137     0.71283475
  106    74     0.63876807
  106   105     1.02031767
  106   107    -1.32110200
  106   138    -0.15603427
  107    75    -1.77478885
  107   106    -1.32110200
  107   108    -0.03742441
  107   139    -1.88817178
  108    76     1.00080923
  108   107    -0.03742441
  108   109     0.06670498
  108   140    -0.70315294
  109    77     1.37331041
  109   108     0.06670498
  109   110     0.54584588
  109   141     1.01994720
  110    78     0.96151226
  110   109     0.54584588
  110   111    -1.75167706
  110   142    -0.30286983
  111    79    -0.05368481
  111   110    -1.75167706
  111   112     0.22169569
  111   143    -0.78347267
  112    80     0.05677853
  112   111     0.22169569
  112   113     0.71844998
  112   144    -1.18475257
  113    81    -0.00534598
  113   112     0.71844998
  113   114     0.47947146
  113   145    -0.03996701
  114    82     0.48643533
  114   113     0.47947146
  114   115    -0.71816441
  114   146    -0.88777438
  115    83    -1.46352097
  115   114    -0.71816441
  115   116     0.64949411
  115   147    -0.67763997
  116    84    -0.42486093
  116   115     0.64949411
  116   117    -0.48668789
  116   148    -1.29419689
  117    85     1.75442330
  117   116    -0.48668789
  117   118    -0.44793588
  117   149    -0.83919234
  118    86    -0.99396152
  118   117    -0.44793588
  118   119     0.66579865
  118   150    -0.19760346
  119    87    -0.22396993
  119   118     0.66579865
  119   120     1.88709074
  119   151     0.01915504
  120    88     0.40616592
  120   119     1.88709074
  120   121    -1.49510731
  120   152     0.26500064
  121    89    -0.03118101
  121   120    -1.49510731
  121   122    -0.56399696
  121   153     0.07849144
  122    90     0.00824680
  122   121    -0.56399696
  122   123     0.45787932
  122   154    -0.00621979
  123    91    -0.94556127
  123   122     0.45787932
  123   124    -0.05309293
  123   155    -0.20832378
  124    92     1.22218852
  124   123    -0.05309293
  124   125     0.75553882
  124   156     0.45908613
  125    93    -0.31034430
  125   124     0.75553882
  125   126     1.21558626
  125   157     0.30895263
  126    94    -0.76748793
  126   125     1.21558626
  126   127     0.94876425
  126   158     0.18574804
  127    95    -0.59776454
  127    96    -0.18438161
  127   126     0.94876425
  127   159     0.79835262
  128    96    -0.19515303
  128   129     0.65795349
  128   159    -1.44647334
  128   160     0.06612385
  129    97     2.53193729
  129   128     0.65795349
  129   130    -0.21327353
  129   161     0.35977403
  130    98    -0.87758470
  130   129    -0.21327353
  130   131     0.70760547
  130   162    -0.13731515
  131    99    -2.14172634
  131   130     0.70760547
  131   132    -0.78650536
  131   163    -0.52936905
  132   100     1.40516940
  132   131    -0.78650536
  132   133    -1.14658730
  132   164     0.12755685
  133   101     0.63031498
  133   132    -1.14658730
  133   134    -0.51528947
  133   165     1.69093760
  134   102     0.18534220
  134   133    -0.51528947
  134   135     0.40426036
  134   166     1.09718920
  135   103    -0.19935259
  135   134     0.40426036
  135   136    -1.48246101
  135   167    -0.29335380
  136   104    -1.51705351
  136   135    -1.48246101
  136   137    -1.33661383
  136   168    -0.15506565
  137   105     0.71283475
  137   136    -1.33661383
  137   138     0.46002346
  137   169    -0.92064447
  138   106    -0.15603427
  138   137     0.46002346
  138   139    -0.25499185
  138   170     1.07635573
  139   107    -1.88817178
  139   138    -0.25499185
  139   140     0.27428330
  139   171     1.22338959
  140   108    -0.70315294
  140   139     0.27428330
  140   141     0.73854309
  140   172     1.39723038
  141   109     1.01994720
  141   140     0.73854309
  141   142    -0.69997595
  141   173     0.71998716
  142   110    -0.30286983
  142   141    -0.69997595
  142   143    -0.78565044
  142   174     0.61106659
  143   111    -0.78347267
  143   142    -0.78565044
  143   144     1.24458897
  143   175     1.42549940
  144   112    -1.18475257
  144   143     1.24458897
  144   145     1.01595957
  144   176     0.37234692
  145   113    -0.03996701
  145   144     1.01595957
  145   146    -0.67151982
  145   177     1.31416167
  146   114    -0.88777438
  146   145    -0.67151982
  146   147    -0.78763541
  146   178    -1.73173069
  147   115    -0.67763997
  147   146    -0.78763541
  147   148     0.09370994
  147   179     0.34720688
  148   116    -1.29419689
  148   147     0.09370994
  148   149     0.17112480
  148   180    -1.56713401
  149   117    -0.83919234
  149   148     0.17112480
  149   150     0.29488360
  149   181    -0.48223990
  150   118    -0.19760346
  150   149     0.29488360
  150   151     1.10046598
  150   182     1.22586473
  151   119     0.01915504
  151   150     1.10046598
  151   152     0.69111928
  151   183    -0.84500681
  152   120     0.26500064
  152   151     0.69111928
  152   153    -1.03093083
  152   184     0.44604187
  153   121     0.07849144
  153   152    -1.03093083
  153   154     2.67997059
  153   185    -0.21291233
  154   122    -0.00621979
  154   153     2.67997059
  154   155    -0.02225992
  154   186    -2.29202927
  155   123    -0.20832378
  155   154    -0.02225992
  155   156     1.56792700
  155   187    -2.29180781
  156   124     0.45908613
  156   155     1.56792700
  156   157    -0.72134716
  156   188     0.39920570
  157   125     0.30895263
  157   156    -0.72134716
  157   158     0.54538284
  157   189    -0.09765857
  158   126     0.18574804
  158   157     0.54538284
  158   159    -1.77000601
  158   190     1.39256198
  159   127     0.79835262
  159   128    -1.44647334
  159   158    -1.77000601
  159   191    -1.09019931
  160   128     0.06612385
  160   161    -0.24220078
  160   191     0.08261572
  160   192    -0.53500851
  161   129     0.35977403
  161   160    -0.24220078
  161   162    -0.24601607
  161   193    -1.51280181
  162   130    -0.13731515
  162   161    -0.24601607
  162   163     0.32241068
  162   194    -0.69486000
  163   131    -0.52936905
  163   162     0.32241068
  163   164     0.30163246
  163   195     0.50839240
  164   132     0.12755685
  164   163     0.30163246
  164   165     0.62765148
  164   196     2.11322027
  165   133     1.69093760
  165   164     0.62765148
  165   166     0.24875803
  165   197    -0.04587604
  166   134     1.09718920
  166   165     0.24875803
  166   167     0.78691237
  166   198     0.38579279
  167   135    -0.29335380
  167   166     0.78691237
  167   168    -0.26238781
  167   199    -0.59763848
  168   136    -0.15506565
  168   167    -0.26238781
  168   169    -0.50576776
  168   200    -1.34697224
  169   137    -0.92064447
  169   168    -0.50576776
  169   170    -1.30344858
  169   201    -0.35951246
  170   138     1.07635573
  170   169    -1.30344858
  170   171    -1.33384505
  170   202     0.19914285
  171   139     1.22338959
  171   170    -1.33384505
  171   172     0.07097896
  171   203     0.10638444
  172   140     1.39723038
  172   171     0.07097896
  172   173     0.02357004
  172   204     0.80683897
  173   141     0.71998716
  173   172     0.02357004
  173   174     1.03378079
  173   205    -0.67851608
  174   142     0.61106659
  174   173     1.03378079
  174   175     1.37612989
  174   206     1.09030768
  175   143     1.42549940
  175   174     1.37612989
  175   176    -0.11020758
  175   207    -1.48855966
  176   144     0.37234692
  176   175    -0.11020758
  176   177    -0.75832111
  176   208     0.88547782
  177   145     1.31416167
  177   176    -0.75832111
  177   178     0.46226796
  177   209     0.81802850
  178   146    -1.73173069
  178   177     0.46226796
  178   179     1.06205118
  178   210    -0.77176370
  179   147     0.34720688
  179   178     1.06205118
  179   180    -0.87505571
  179   211    -0.59921230
  180   148    -1.56713401
  180   179    -0.87505571
  180   181    -0.13102532
  180   212    -0.47306558
  181   149    -0.48223990
  181   180    -0.13102532
  181   182    -0.07298161
  181   213     0.79112450
  182   150     1.22586473
  182   181    -0.07298161
  182   183    -0.19553994
  182   214     0.77898293
  183   151    -0.84500681
  183   182    -0.19553994
  183   184    -1.42802154
  183   215    -0.56117300
  184   152     0.44604187
  184   183    -1.42802154
  184   185     1.04333104
  184   216    -0.69306064
  185   153    -0.21291233
  185   184     1.04333104
  185   186    -0.41675234
  185   217    -0.36028584
  186   154    -2.29202927
  186   185    -0.41675234
  186   187     0.84669287
  186   218     0.91716661
  187   155    -2.29180781
  187   186     0.84669287
  187   188    -1.77494069
  187   219    -0.79429937
  188   156     0.39920570
  188   187    -1.77494069
  188   189    -1.34502342
  188   220     0.28843097
  189   157    -0.09765857
  189   188    -1.34502342
  189   190     0.78462592
  189   221     0.30925887
  190   158     1.39256198
  190   189     0.78462592
  190   191    -0.35333654
  190   222     1.17479566
  191   159    -1.09019931
  191   160     0.08261572
  191   190    -0.35333654
  191   223    -0.71330395
  192   160    -0.53500851
  192   193     1.02577310
  192   223     0.68560645
  192   224     1.16637832
  193   161    -1.51280181
  193   192     1.02577310
  193   194    -0.37700954
  193   225    -0.55633685
  194   162    -0.69486000
  194   193    -0.37700954
  194   195     1.31455182
  194   226    -0.66354786
  195   163     0.50839240
  195   194     1.31455182
  195   196    -2.01806984
  195   227     0.11828102
  196   164     2.11322027
  196   195    -2.01806984
  196   197    -0.29892402
  196   228     0.00902643
  197   165    -0.04587604
  197   196    -0.29892402
  197   198    -0.45227260
  197   229    -1.17807372
  198   166     0.38579279
  198   197    -0.45227260
  198   199     1.43418388
  198   230    -1.66556496
  199   167    -0.59763848
  199   198     1.43418388
  199   200    -1.79849263
  199   231     0.80569788
  200   168    -1.34697224
  200   199    -1.79849263
  200   201     0.28586778
  200   232     1.16996394
  201   169    -0.35951246
  201   200     0.28586778
  201   202     0.68865627
  201   233    -0.62220026
  202   170     0.19914285
  202   201     0.68865627
  202   203     1.52549184
  202   234     0.12788624
  203   171     0.10638444
  203   202     1.52549184
  203   204     0.68176992
  203   235     0.08088363
  204   172     0.80683897
  204   203     0.68176992
  204   205     0.06626869
  204   236     0.63621295
  205   173    -0.67851608
  205   204     0.06626869
  205   206     1.65306904
  205   237     2.13482439
  206   174     1.09030768
  206   205     1.65306904
  206   207    -2.39542812
  206   238    -0.66675790
  207   175    -1.48855966
  207   206    -2.39542812
  207   208    -0.29019984
  207   239     0.11618094
  208   176     0.88547782
  208   207    -0.29019984
  208   209    -0.20375552
  208   240    -1.31886777
  209   177     0.81802850
  209   208    -0.20375552
  209   210     0.56428345
  209   241    -0.24996046
  210   178    -0.77176370
  210   209     0.56428345
  210   211    -0.73115102
  210   242    -1.30202635
  211   179    -0.59921230
  211   210    -0.73115102
  211   212     0.41419077
  211   243     0.45420792
  212   180    -0.47306558
  212   211     0.41419077
  212   213    -1.53722987
  212   244    -0.68289652
  213   181     0.79112450
  213   212    -1.53722987
  213   214    -0.40094422
  213   245    -0.16556718
  214   182     0.77898293
  214   213    -0.40094422
  214   215     1.47162441
  214   246    -0.98676803
  215   183    -0.56117300
  215   214     1.47162441
  215   216     0.03542685
  215   247     1.57281470
  216   184    -0.69306064
  216   215     0.03542685
  216   217    -0.34940893
  216   248     0.49845739
  217   185    -0.36028584
  217   216    -0.34940893
  217   218    -1.95862333
  217   249    -0.22604845
  218   186     0.91716661
  218   217    -1.95862333
  218   219    -0.54850626
  218   250    -1.28566148
  219   187    -0.79429937
  219   218    -0.54850626
  219   220    -0.92243961
  219   251    -0.96471898
  220   188     0.28843097
  220   219    -0.92243961
  220   221     0.59241192
  220   252    -0.41228781
  221   189     0.30925887
  221   220     0.59241192
  221   222    -0.44835328
  221   253    -0.98357901
  222   190     1.17479566
  222   221    -0.44835328
  222   223    -0.53074143
  222   254     0.26543805
  223   191    -0.71330395
  223   192     0.68560645
  223   222    -0.53074143
  223   255     1.30033504
  224   192     1.16637832
  224   225    -1.18918941
  224   255     1.61566275
  224   256    -1.29659166
  225   193    -0.55633685
  225   224    -1.18918941
  225   226    -0.21835613
  225   257     1.15191405
  226   194    -0.66354786
  226   225    -0.21835613
  226   227    -1.15638763
  226   258     0.77295199
  227   195     0.11828102
  227   226    -1.15638763
  227   228    -0.79828896
  227   259     1.11984238
  228   196     0.00902643
  228   227    -0.79828896
  228   229    -0.91045929
  228   260     0.04872558
  229   197    -1.17807372
  229   228    -0.91045929
  229   230     1.05024687
  229   261    -0.79170476
  230   198    -1.66556496
  230   229     1.05024687
  230   231     0.39786716
  230   262     0.21531839
  231   199     0.80569788
  231   230     0.39786716
  231   232     0.76050549
  231   263    -2.32559293
  232   200     1.16996394
  232   231     0.76050549
  232   233    -0.37314335
  232   264     0.82684685
  233   201    -0.62220026
  233   232    -0.37314335
  233   234    -0.48558452
  233   265    -0.90542682
  234   202     0.12788624
  234   233    -0.48558452
  234   235     1.15568546
  234   266     1.34113240
  235   203     0.08088363
  235   234     1.15568546
  235   236     0.28663589
  235   267     1.25664119
  236   204     0.63621295
  236   235     0.28663589
  236   237     0.55681597
  236   268    -1.34026938
  237   205     2.13482439
  237   236     0.55681597
  237   238    -0.96385332
  237   269     0.57446158
  238   206    -0.66675790
  238   237    -0.96385332
  238   239    -0.30180999
  238   270     0.27752708
  239   207     0.11618094
  239   238    -0.30180999
  239   240     0.53066058
  239   271    -0.69383838
  240   208    -1.31886777
  240   239     0.53066058
  240   241    -0.30955591
  240   272    -0.37320648
  241   209    -0.24996046
  241   240    -0.30955591
  241   242     0.51696878
  241   273     0.84361816
  242   210    -1.30202635
  242   241     0.51696878
  242   243    -0.44415636
  242   274     0.01429242
  243   211     0.45420792
  243   242    -0.44415636
  243   244    -1.27223950
  243   275    -0.12026156
  244   212    -0.68289652
  244   243    -1.27223950
  244   245     1.43641548
  244   276    -1.24003758
  245   213    -0.16556718
  245   244     1.43641548
  245   246     0.07877725
  245   277     1.60246463
  246   214    -0.98676803
  246   245     0.07877725
  246   247    -0.55468437
  246   278     1.91332776
  247   215     1.57281470
  247   246    -0.55468437
  247   248    -2.31442794
  247   279     0.30091936
  248   216     0.49845739
  248   247    -2.31442794
  248   249     0.04992991
  248   280     0.40351284
  249   217    -0.22604845
  249   248     0.04992991
  249   250    -0.87255425
  249   281     0.46688549
  250   218    -1.28566148
  250   249    -0.87255425
  250   251     0.40415129
  250   282     0.64535850
  251   219    -0.96471898
  251   250     0.40415129
  251   252     1.71143636
  251   283    -0.95226796
  252   220    -0.41228781
  252   251     1.71143636
  252   253    -0.11857593
  252   284    -0.99879775
  253   221    -0.98357901
  253   252    -0.11857593
  253   254     1.75290806
  253   285    -0.59000010
  254   222     0.26543805
  254   253     1.75290806
  254   255    -0.00387980
  254   286     1.03375319
  255   223     1.30033504
  255   224     1.61566275
  255   254    -0.00387980
  255   287     1.33437465
  256   224    -1.29659166
  256   257     1.65279120
  256   287     1.85606043
  256   288    -0.13563842
  257   225     1.15191405
  257   256     1.65279120
  257   258    -0.36377966
  257   289     0.67893986
  258   226     0.77295199
  258   257    -0.36377966
  258   259    -0.51816226
  258   290     0.59935028
  259   227     1.11984238
  259   258    -0.51816226
  259   260     0.43139190
  259   291    -1.69459025
  260   228     0.04872558
  260   259     0.43139190
  260   261     0.58754078
  260   292     0.60395300
  261   229    -0.79170476
  261   260     0.58754078
  261   262    -0.13701517
  261   293     1.46452055
  262   230     0.21531839
  262   261    -0.13701517
  262   263     0.79929730
  262   294     0.49865719
  263   231    -2.32559293
  263   262     0.79929730
  263   264     1.17176753
  263   295    -0.02189198
  264   232     0.82684685
  264   263     1.17176753
  264   265    -0.67142160
  264   296     0.91655650
  265   233    -0.90542682
  265   264    -0.67142160
  265   266     2.89761060
  265   297    -0.45505845
  266   234     1.34113240
  266   265     2.89761060
  266   267    -0.16441610
  266   298    -0.63095442
  267   235     1.25664119
  267   266    -0.16441610
  267   268    -0.87152096
  267   299     0.67794712
  268   236    -1.34026938
  268   267    -0.87152096
  268   269    -0.21965331
  268   300     1.36969014
  269   237     0.57446158
  269   268    -0.21965331
  269   270     0.06203081
  269   301     1.47476308
  270   238     0.27752708
  270   269     0.06203081
  270   271    -0.85943314
  270   302    -1.20761128
  271   239    -0.69383838
  271   270    -0.85943314
  271   272    -1.28341341
  271   303     0.48619613
  272   240    -0.37320648
  272   271    -1.28341341
  272   273    -1.11912792
  272   304    -0.82864073
  273   241     0.84361816
  273   272    -1.11912792
  273   274    -1.09362354
  273   305     2.35109096
  274   242     0.01429242
  274   273    -1.09362354
  274   275     0.18165037
  274   306     0.53471342
  275   243    -0.12026156
  275   274     0.18165037
  275   276     0.46489897
  275   307     0.53587870
  276   244    -1.24003758
  276   275     0.46489897
  276   277    -0.47208082
  276   308    -0.07472052
  277   245     1.60246463
  277   276    -0.47208082
  277   278     1.20593694
  277   309    -0.39808747
  278   246     1.91332776
  278   277     1.20593694
  278   279    -1.84288957
  278   310     1.43634002
  279   247     0.30091936
  279   278    -1.84288957
  279   280    -0.46189367
  279   311    -0.05250089
  280   248     0.40351284
  280   279    -0.46189367
  280   281     0.40613692
  280   312     0.08893594
  281   249     0.46688549
  281   280     0.40613692
  281   282    -0.59869865
  281   313    -0.09834342
  282   250     0.64535850
  282   281    -0.59869865
  282   283     0.98832693
  282   314    -0.99511846
  283   251    -0.95226796
  283   282     0.98832693
  283   284     0.07239726
  283   315     0.13065263
  284   252    -0.99879775
  284   283     0.07239726
  284   285     0.29748405
  284   316     0.74062514
  285   253    -0.59000010
  285   284     0.29748405
  285   286    -0.43520560
  285   317     0.79417830
  286   254     1.03375319
  286   285    -0.43520560
  286   287     0.28426809
  286   318     0.43510757
  287   255     1.33437465
  287   256     1.85606043
  287   286     0.28426809
  287   319    -0.66579691
  288   256    -0.13563842
  288   289    -1.12594332
  288   319    -0.82335371
  288   320     0.66621080
  289   257     0.67893986
  289   288    -1.12594332
  289   290    -0.52517615
  289   321     1.67429924
  290   258     0.59935028
  290   289    -0.52517615
  290   291     0.52451775
  290   322     0.75960659
  291   259    -1.69459025
  291   290     0.52451775
  291   292     0.64786597
  291   323     0.11917063
  292   260     0.60395300
  292   291     0.64786597
  292   293    -0.70383443
  292   324     0.68382816
  293   261     1.46452055
  293   292    -0.70383443
  293   294     0.43911754
  293   325     0.24687642
  294   262     0.49865719
  294   293     0.43911754
  294   295    -0.53862716
  294   326     0.94144520
  295   263    -0.02189198
  295   294    -0.53862716
  295   296    -1.89677005
  295   327     0.01462213
  296   264     0.91655650
  296   295    -1.89677005
  296   297    -0.83005014
  296   328    -1.11281386
  297   265    -0.45505845
  297   296    -0.83005014
  297   298    -0.91747623
  297   329    -0.47405684
  298   266    -0.63095442
  298   297    -0.91747623
  298   299     0.24449984
  298   330    -1.19668702
  299   267     0.67794712
  299   298     0.24449984
  299   300    -0.92993384
  299   331    -0.42290050
  300   268     1.36969014
  300   299    -0.92993384
  300   301    -0.08652200
  300   332    -0.56798006
  301   269     1.47476308
  301   300    -0.08652200
  301   302     0.01080481
  301   333     0.81745726
  302   270    -1.20761128
  302   301     0.01080481
  302   303     0.31026826
  302   334     0.75364587
  303   271     0.48619613
  303   302     0.31026826
  303   304    -0.29226385
  303   335    -0.30827126
  304   272    -0.82864073
  304   303    -0.29226385
  304   305     1.75856467
  304   336     0.32354878
  305   273     2.35109096
  305   304     1.75856467
  305   306     0.25444457
  305   337    -0.27155398
  306   274     0.53471342
  306   305     0.25444457
  306   307    -0.18686305
  306   338     0.47472257
  307   275     0.53587870
  307   306    -0.18686305
  307   308     0.53133977
  307   339     0.44699467
  308   276    -0.07472052
  308   307     0.53133977
  308   309    -0.83438331
  308   340    -2.27982741
  309   277    -0.39808747
  309   308    -0.83438331
  309   310    -1.16335474
  309   341    -0.37237512
  310   278     1.43634002
  310   309    -1.16335474
  310   311    -0.71172932
  310   342     0.34775681
  311   279    -0.05250089
  311   310    -0.71172932
  311   312    -0.17611156
  311   343    -0.24465456
  312   280     0.08893594
  312   311    -0.17611156
  312   313     0.88539483
  312   344     0.46797767
  313   281    -0.09834342
  313   312     0.88539483
  313   314     1.66069297
  313   345    -1.44903703
  314   282    -0.99511846
  314   313     1.66069297
  314   315    -0.03913124
  314   346     0.09757977
  315   283     0.13065263
  315   314    -0.03913124
  315   316    -0.20823981
  315   347    -0.43884778
  316   284     0.74062514
  316   315    -0.20823981
  316   317     1.32575679
  316   348     0.40429999
  317   285     0.79417830
  317   316     1.32575679
  317   318     0.46296981
  317   349    -0.37249279
  318   286     0.43510757
  318   317     0.46296981
  318   319    -0.61501170
  318   350    -1.20783435
  319   287    -0.66579691
  319   288    -0.82335371
  319   318    -0.61501170
  319   351     0.31612417
  320   288     0.66621080
  320   321    -0.06646318
  320   351     0.66774463
  320   352    -2.49206558
  321   289     1.67429924
  321   320    -0.06646318
  321   322    -0.51383877
  321   353    -0.85935461
  322   290     0.75960659
  322   321    -0.51383877
  322   323     0.70950826
  322   354     0.76504486
  323   291     0.11917063
  323   322     0.70950826
  323   324    -0.53645022
  323   355     0.06266473
  324   292     0.68382816
  324   323    -0.53645022
  324   325    -1.99267876
  324   356    -0.65347096
  325   293     0.24687642
  325   324    -1.99267876
  325   326     1.32225140
  325   357     0.12347333
  326   294     0.94144520
  326   325     1.32225140
  326   327    -0.28350725
  326   358    -0.03697483
  327   295     0.01462213
  327   326    -0.28350725
  327   328    -1.04457213
  327   359     1.63864287
  328   296    -1.11281386
  328   327    -1.04457213
  328   329    -0.38497885
  328   360     1.36204222
  329   297    -0.47405684
  329   328    -0.38497885
  329   330     2.25916352
  329   361    -0.65466868
  330   298    -1.19668702
  330   329     2.25916352
  330   331    -0.87613518
  330   362     2.21234800
  331   299    -0.42290050
  331   330    -0.87613518
  331   332     1.30356744
  331   363     0.96384960
  332   300    -0.56798006
  332   331     1.30356744
  332   333    -0.36937278
  332   364    -1.19495573
  333   301     0.81745726
  333   332    -0.36937278
  333   334    -0.65135420
  333   365    -0.74483525
  334   302     0.75364587
  334   333    -0.65135420
  334   335     0.09978812
  334   366     0.20010304
  335   303    -0.30827126
  335   334     0.09978812
  335   336     1.57685563
  335   367    -1.13145233
  336   304     0.32354878
  336   335     1.57685563
  336   337     1.40538477
  336   368     0.48829211
  337   305    -0.27155398
  337   336     1.40538477
  337   338    -0.25779916
  337   369     1.82985937
  338   306     0.47472257
  338   337    -0.25779916
  338   339    -0.96010535
  338   370     1.53566662
  339   307     0.44699467
  339   338    -0.96010535
  339   340     0.35613865
  339   371     0.63853002
  340   308    -2.27982741
  340   339     0.35613865
  340   341    -0.94458094
  340   372    -1.34674018
  341   309    -0.37237512
  341   340    -0.94458094
  341   342    -0.39336597
  341   373     0.41972939
  342   310     0.34775681
  342   341    -0.39336597
  342   343     0.35538670
  342   374     0.20397997
  343   311    -0.24465456
  343   342     0.35538670
  343   344     0.54276632
  343   375    -0.18216753
  344   312     0.46797767
  344   343     0.54276632
  344   345     0.51527818
  344   376    -0.56870297
  345   313    -1.44903703
  345   344     0.51527818
  345   346     0.22168969
  345   377     0.72746272
  346   314     0.09757977
  346   345     0.22168969
  346   347     0.93067509
  346   378     1.22128906
  347   315    -0.43884778
  347   346     0.93067509
  347   348    -1.42530786
  347   379     0.97288279
  348   316     0.40429999
  348   347    -1.42530786
  348   349    -0.05688982
  348   380    -0.58646624
  349   317    -0.37249279
  349   348    -0.05688982
  349   350     0.40489182
  349   381     1.38144914
  350   318    -1.20783435
  350   349     0.40489182
  350   351    -0.52565562
  350   382     1.44235025
  351   319     0.31612417
  351   320     0.66774463
  351   350    -0.52565562
  351   383     1.09816034
  352   320    -2.49206558
  352   353    -1.85187808
  352   383     2.37517320
  352   384     0.14811653
  353   321    -0.85935461
  353   352    -1.85187808
  353   354     1.88826579
  353   385    -0.83096850
  354   322     0.76504486
  354   353     1.88826579
  354   355    -0.40344914
  354   386    -1.13775390
  355   323     0.06266473
  355   354    -0.40344914
  355   356    -0.31883729
  355   387    -1.48059139
  356   324    -0.65347096
  356   355    -0.31883729
  356   357     0.05875536
  356   388    -1.64641042
  357   325     0.12347333
  357   356     0.05875536
  357   358     0.12899152
  357   389    -0.43919768
  358   326    -0.03697483
  358   357     0.12899152
  358   359    -0.30583482
  358   390     0.14208377
  359   327     1.63864287
  359   358    -0.30583482
  359   360    -0.54990295
  359   391     0.55286359
  360   328     1.36204222
  360   359    -0.54990295
  360   361     1.33723969
  360   392     1.70055936
  361   329    -0.65466868
  361   360     1.33723969
  361   362     1.03134681
  361   393     0.14654497
  362   330     2.21234800
  362   361     1.03134681
  362   363     1.22503403
  362   394     0.73873509
  363   331     0.96384960
  363   362     1.22503403
  363   364    -0.38687412
  363   395    -0.77948199
  364   332    -1.19495573
  364   363    -0.38687412
  364   365     2.08448337
  364   396     0.40351578
  365   333    -0.74483525
  365   364     2.08448337
  365   366    -0.23522005
  365   397     0.67187786
  366   334     0.20010304
  366   365    -0.23522005
  366   367    -0.23411686
  366   398    -0.56288666
  367   335    -1.13145233
  367   366    -0.23411686
  367   368    -0.01790075
  367   399     1.30545659
  368   336     0.48829211
  368   367    -0.01790075
  368   369     0.94790327
  368   400     1.19413270
  369   337     1.82985937
  369   368     0.94790327
