#Random lattice graph with connectivity C = 4
#Vertices:	Bonds:
#	1024		2048
    0     1     0.03580696
    0    31    -1.66664945
    0    32    -1.40812704
    0   992    -0.98450459
    1     0     0.03580696
    1     2     0.69316506
    1    33    -0.18678116
    1   993     1.11076774
    2     1     0.69316506
    2     3    -0.02427688
    2    34     1.84637999
    2   994     0.15672507
    3     2    -0.02427688
    3     4    -0.32116928
    3    35    -0.36890159
    3   995     0.92763889
    4     3    -0.32116928
    4     5     1.90325303
    4    36     0.11118147
    4   996    -1.70401888
    5     4     1.90325303
    5     6    -0.00735550
    5    37     3.05094273
    5   997     1.02854273
    6     5    -0.00735550
    6     7    -0.27207417
    6    38    -0.07616832
    6   998    -0.40744702
    7     6    -0.27207417
    7     8     0.22174588
    7    39     0.54182928
    7   999     2.97932132
    8     7     0.22174588
    8     9    -1.54209089
    8    40    -1.46089729
    8  1000     0.45875166
    9     8    -1.54209089
    9    10     1.13967875
    9    41     0.95174472
    9  1001     0.31081102
   10     9     1.13967875
   10    11    -1.31338514
   10    42     0.55912994
   10  1002     1.56120829
   11    10    -1.31338514
   11    12    -0.79500644
   11    43    -1.30212058
   11  1003    -0.08501141
   12    11    -0.79500644
   12    13     0.19855338
   12    44    -0.75884091
   12  1004    -0.13567438
   13    12     0.19855338
   13    14    -0.31229301
   13    45     0.99318156
   13  1005    -1.42850914
   14    13    -0.31229301
   14    15     2.28540474
   14    46    -0.48837957
   14  1006    -0.64111145
   15    14     2.28540474
   15    16     0.24423819
   15    47    -0.74634632
   15  1007    -1.33831496
   16    15     0.24423819
   16    17     1.15730416
   16    48     0.25502280
   16  1008     2.29133569
   17    16     1.15730416
   17    18    -0.64406876
   17    49    -0.21815738
   17  1009     0.95221587
   18    17    -0.64406876
   18    19    -0.92754440
   18    50    -1.72101604
   18  1010    -1.90855794
   19    18    -0.92754440
   19    20    -0.11590273
   19    51    -1.46842531
   19  1011    -0.21117141
   20    19    -0.11590273
   20    21     0.45713153
   20    52    -1.40513461
   20  1012     0.24849617
   21    20     0.45713153
   21    22    -1.84122385
   21    53    -0.56067952
   21  1013    -0.72891403
   22    21    -1.84122385
   22    23    -1.26247957
   22    54    -0.95276700
   22  1014     1.16171466
   23    22    -1.26247957
   23    24     0.06078156
   23    55    -0.94313852
   23  1015     0.32300905
   24    23     0.06078156
   24    25    -0.32601939
   24    56     0.28847844
   24  1016    -1.71960327
   25    24    -0.32601939
   25    26     0.91657285
   25    57    -0.57487337
   25  1017    -0.88339311
   26    25     0.91657285
   26    27     1.64518751
   26    58    -0.80596253
   26  1018    -1.58984065
   27    26     1.64518751
   27    28     0.67259214
   27    59     0.12006131
   27  1019     0.70784331
   28    27     0.67259214
   28    29    -0.56582131
   28    60     0.13580414
   28  1020    -1.02506506
   29    28    -0.56582131
   29    30    -0.81844761
   29    61    -1.08077209
   29  1021    -0.52828118
   30    29    -0.81844761
   30    31    -0.63168065
   30    62    -0.36477121
   30  1022    -0.59743951
   31     0    -1.66664945
   31    30    -0.63168065
   31    63     2.05642935
   31  1023    -0.97084908
   32     0    -1.40812704
   32    33    -0.16795304
   32    63    -0.24023511
   32    64     0.44243476
   33     1    -0.18678116
   33    32    -0.16795304
   33    34    -0.34548587
   33    65     1.89455001
   34     2     1.84637999
   34    33    -0.34548587
   34    35     0.26105479
   34    66     0.62873774
   35     3    -0.36890159
   35    34     0.26105479
   35    36    -0.06482966
   35    67    -0.90933589
   36     4     0.11118147
   36    35    -0.06482966
   36    37    -0.98054246
   36    68    -0.10106263
   37     5     3.05094273
   37    36    -0.98054246
   37    38    -0.35519258
   37    69     0.85563811
   38     6    -0.07616832
   38    37    -0.35519258
   38    39    -0.19021259
   38    70    -0.28340879
   39     7     0.54182928
   39    38    -0.19021259
   39    40     0.03230879
   39    71    -0.45141572
   40     8    -1.46089729
   40    39     0.03230879
   40    41     0.21268125
   40    72    -2.21123106
   41     9     0.95174472
   41    40     0.21268125
   41    42    -0.88135728
   41    73     0.09510442
   42    10     0.55912994
   42    41    -0.88135728
   42    43    -1.17368505
   42    74     0.53315152
   43    11    -1.30212058
   43    42    -1.17368505
   43    44     1.38124836
   43    75     0.83867490
   44    12    -0.75884091
   44    43     1.38124836
   44    45     1.09767766
   44    76     0.59914370
   45    13     0.99318156
   45    44     1.09767766
   45    46    -1.25094826
   45    77    -0.26143952
   46    14    -0.48837957
   46    45    -1.25094826
   46    47    -0.26786558
   46    78     0.90189942
   47    15    -0.74634632
   47    46    -0.26786558
   47    48     0.14494737
   47    79    -0.42315261
   48    16     0.25502280
   48    47     0.14494737
   48    49    -0.72638035
   48    80    -2.28346570
   49    17    -0.21815738
   49    48    -0.72638035
   49    50    -1.33610274
   49    81    -0.93518174
   50    18    -1.72101604
   50    49    -1.33610274
   50    51     0.10993330
   50    82     0.36676575
   51    19    -1.46842531
   51    50     0.10993330
   51    52     1.45411048
   51    83    -0.96768498
   52    20    -1.40513461
   52    51     1.45411048
   52    53     1.12719605
   52    84    -0.88251006
   53    21    -0.56067952
   53    52     1.12719605
   53    54    -1.16805287
   53    85     0.36060737
   54    22    -0.95276700
   54    53    -1.16805287
   54    55    -0.38752004
   54    86    -2.47903398
   55    23    -0.94313852
   55    54    -0.38752004
   55    56     1.25109042
   55    87     0.70124317
   56    24     0.28847844
   56    55     1.25109042
   56    57     0.37067673
   56    88     0.44339378
   57    25    -0.57487337
   57    56     0.37067673
   57    58     1.38203887
   57    89     1.14851758
   58    26    -0.80596253
   58    57     1.38203887
   58    59     0.54800665
   58    90     0.40138533
   59    27     0.12006131
   59    58     0.54800665
   59    60     1.01467030
   59    91     1.07981194
   60    28     0.13580414
   60    59     1.01467030
   60    61     1.35996776
   60    92    -1.18379199
   61    29    -1.08077209
   61    60     1.35996776
   61    62    -0.37103100
   61    93     0.76390851
   62    30    -0.36477121
   62    61    -0.37103100
   62    63     0.42574554
   62    94     0.03998358
   63    31     2.05642935
   63    32    -0.24023511
   63    62     0.42574554
   63    95    -0.64244375
   64    32     0.44243476
   64    65     0.69160665
   64    95    -0.21297235
   64    96    -0.36217398
   65    33     1.89455001
   65    64     0.69160665
   65    66     0.14062730
   65    97     1.78366087
   66    34     0.62873774
   66    65     0.14062730
   66    67    -1.52542279
   66    98    -0.99716775
   67    35    -0.90933589
   67    66    -1.52542279
   67    68    -2.17080945
   67    99     0.87246073
   68    36    -0.10106263
   68    67    -2.17080945
   68    69     1.01921865
   68   100     0.67150980
   69    37     0.85563811
   69    68     1.01921865
   69    70    -0.65595508
   69   101     0.22326017
   70    38    -0.28340879
   70    69    -0.65595508
   70    71    -0.63082806
   70   102    -0.38981640
   71    39    -0.45141572
   71    70    -0.63082806
   71    72     0.24295437
   71   103    -1.24553859
   72    40    -2.21123106
   72    71     0.24295437
   72    73     2.00423947
   72   104     0.22704254
   73    41     0.09510442
   73    72     2.00423947
   73    74    -0.34795022
   73   105     2.00854920
   74    42     0.53315152
   74    73    -0.34795022
   74    75     0.20337536
   74   106     0.58303727
   75    43     0.83867490
   75    74     0.20337536
   75    76     1.19428389
   75   107     0.62717716
   76    44     0.59914370
   76    75     1.19428389
   76    77    -0.83713425
   76   108     0.12975838
   77    45    -0.26143952
   77    76    -0.83713425
   77    78    -1.80154197
   77   109    -0.31360987
   78    46     0.90189942
   78    77    -1.80154197
   78    79    -1.00310563
   78   110    -1.79857517
   79    47    -0.42315261
   79    78    -1.00310563
   79    80     1.37970228
   79   111    -0.59064969
   80    48    -2.28346570
   80    79     1.37970228
   80    81     0.01292132
   80   112    -0.74207264
   81    49    -0.93518174
   81    80     0.01292132
   81    82    -0.41044475
   81   113     0.43768844
   82    50     0.36676575
   82    81    -0.41044475
   82    83    -1.80576662
   82   114     0.97030045
   83    51    -0.96768498
   83    82    -1.80576662
   83    84    -0.50823562
   83   115    -1.49779929
   84    52    -0.88251006
   84    83    -0.50823562
   84    85    -2.40846352
   84   116     0.09262408
   85    53     0.36060737
   85    84    -2.40846352
   85    86    -0.69114918
   85   117     1.89223722
   86    54    -2.47903398
   86    85    -0.69114918
   86    87    -0.53828801
   86   118     1.68186686
   87    55     0.70124317
   87    86    -0.53828801
   87    88     0.62245348
   87   119    -1.66068010
   88    56     0.44339378
   88    87     0.62245348
   88    89     0.03003439
   88   120     0.16811650
   89    57     1.14851758
   89    88     0.03003439
   89    90    -0.52704345
   89   121     1.13426510
   90    58     0.40138533
   90    89    -0.52704345
   90    91     1.39569277
   90   122     1.06325817
   91    59     1.07981194
   91    90     1.39569277
   91    92     0.46780862
   91   123    -0.16975925
   92    60    -1.18379199
   92    91     0.46780862
   92    93    -0.53675906
   92   124    -0.63141845
   93    61     0.76390851
   93    92    -0.53675906
   93    94     0.03531705
   93   125    -0.26191767
   94    62     0.03998358
   94    93     0.03531705
   94    95     1.00181781
   94   126     0.59381300
   95    63    -0.64244375
   95    64    -0.21297235
   95    94     1.00181781
   95   127     0.18393053
   96    64    -0.36217398
   96    97    -0.33940616
   96   127    -1.57717172
   96   128     0.45122190
   97    65     1.78366087
   97    96    -0.33940616
   97    98     0.36859559
   97   129     0.29912588
   98    66    -0.99716775
   98    97     0.36859559
   98    99     0.09539876
   98   130     0.73431477
   99    67     0.87246073
   99    98     0.09539876
   99   100    -0.59739946
   99   131     0.62723382
  100    68     0.67150980
  100    99    -0.59739946
  100   101     0.71193965
  100   132    -1.63938038
  101    69     0.22326017
  101   100     0.71193965
  101   102     0.12982132
  101   133     0.48298333
  102    70    -0.38981640
  102   101     0.12982132
  102   103     0.61384641
  102   134     1.03270196
  103    71    -1.24553859
  103   102     0.61384641
  103   104    -0.67186984
  103   135     1.68425396
  104    72     0.22704254
  104   103    -0.67186984
  104   105    -1.93545500
  104   136     1.30562397
  105    73     2.00854920
  105   104    -1.93545500
  105   106     1.10466762
  105   137     0.18809869
  106    74     0.58303727
  106   105     1.10466762
  106   107    -1.34982925
  106   138     1.37969430
  107    75     0.62717716
  107   106    -1.34982925
  107   108    -2.37120720
  107   139    -1.00938494
  108    76     0.12975838
  108   107    -2.37120720
  108   109    -0.78012500
  108   140     0.65442881
  109    77    -0.31360987
  109   108    -0.78012500
  109   110    -1.43710599
  109   141    -1.11644769
  110    78    -1.79857517
  110   109    -1.43710599
  110   111    -0.74186379
  110   142    -0.58516058
  111    79    -0.59064969
  111   110    -0.74186379
  111   112    -0.76576978
  111   143     1.43420772
  112    80    -0.74207264
  112   111    -0.76576978
  112   113     0.07778910
  112   144     0.17170424
  113    81     0.43768844
  113   112     0.07778910
  113   114     0.50775228
  113   145    -1.52134749
  114    82     0.97030045
  114   113     0.50775228
  114   115     1.09341695
  114   146     0.09726182
  115    83    -1.49779929
  115   114     1.09341695
  115   116    -0.29019251
  115   147    -0.02284474
  116    84     0.09262408
  116   115    -0.29019251
  116   117     1.46032875
  116   148     0.97042660
  117    85     1.89223722
  117   116     1.46032875
  117   118     0.35181365
  117   149     0.43718765
  118    86     1.68186686
  118   117     0.35181365
  118   119     0.24267483
  118   150     0.20780343
  119    87    -1.66068010
  119   118     0.24267483
  119   120     1.41449765
  119   151    -0.16765902
  120    88     0.16811650
  120   119     1.41449765
  120   121    -0.68037820
  120   152    -0.64577844
  121    89     1.13426510
  121   120    -0.68037820
  121   122    -1.29270405
  121   153     1.65624318
  122    90     1.06325817
  122   121    -1.29270405
  122   123     0.38328310
  122   154     0.64768778
  123    91    -0.16975925
  123   122     0.38328310
  123   124     1.45350345
  123   155     1.23962965
  124    92    -0.63141845
  124   123     1.45350345
  124   125     0.20270206
  124   156    -0.29961327
  125    93    -0.26191767
  125   124     0.20270206
  125   126    -2.27290364
  125   157     0.57099425
  126    94     0.59381300
  126   125    -2.27290364
  126   127     1.35198375
  126   158     0.71305621
  127    95     0.18393053
  127    96    -1.57717172
  127   126     1.35198375
  127   159     0.05548596
  128    96     0.45122190
  128   129     0.35657589
  128   159    -1.02714817
  128   160     2.36187935
  129    97     0.29912588
  129   128     0.35657589
  129   130    -0.19766015
  129   161     0.44163549
  130    98     0.73431477
  130   129    -0.19766015
  130   131     0.90609191
  130   162     1.19641928
  131    99     0.62723382
  131   130     0.90609191
  131   132    -1.41142896
  131   163     0.22698639
  132   100    -1.63938038
  132   131    -1.41142896
  132   133    -0.98191810
  132   164    -0.11216327
  133   101     0.48298333
  133   132    -0.98191810
  133   134    -0.61070464
  133   165    -1.43496033
  134   102     1.03270196
  134   133    -0.61070464
  134   135    -0.73986522
  134   166     0.71376851
  135   103     1.68425396
  135   134    -0.73986522
  135   136     1.05774341
  135   167    -0.90303634
  136   104     1.30562397
  136   135     1.05774341
  136   137    -0.92402109
  136   168     0.74723743
  137   105     0.18809869
  137   136    -0.92402109
  137   138    -1.11465916
  137   169    -1.23288197
  138   106     1.37969430
  138   137    -1.11465916
  138   139     1.16179525
  138   170     0.62990120
  139   107    -1.00938494
  139   138     1.16179525
  139   140    -1.32662201
  139   171    -0.59592624
  140   108     0.65442881
  140   139    -1.32662201
  140   141    -0.50932901
  140   172     0.19921445
  141   109    -1.11644769
  141   140    -0.50932901
  141   142     0.78447270
  141   173    -0.26131011
  142   110    -0.58516058
  142   141     0.78447270
  142   143    -0.54962033
  142   174     1.26732804
  143   111     1.43420772
  143   142    -0.54962033
  143   144    -1.61103805
  143   175    -0.86662973
  144   112     0.17170424
  144   143    -1.61103805
  144   145     0.06657300
  144   176    -0.10466528
  145   113    -1.52134749
  145   144     0.06657300
  145   146     0.22533978
  145   177    -0.41488754
  146   114     0.09726182
  146   145     0.22533978
  146   147     0.42432971
  146   178     1.10445753
  147   115    -0.02284474
  147   146     0.42432971
  147   148     0.08873635
  147   179    -0.65396497
  148   116     0.97042660
  148   147     0.08873635
  148   149     1.54060421
  148   180    -0.58891575
  149   117     0.43718765
  149   148     1.54060421
  149   150    -1.51895596
  149   181     0.01601416
  150   118     0.20780343
  150   149    -1.51895596
  150   151    -0.91068973
  150   182     0.09549125
  151   119    -0.16765902
  151   150    -0.91068973
  151   152     0.09092370
  151   183     0.21857059
  152   120    -0.64577844
  152   151     0.09092370
  152   153     0.68841642
  152   184    -0.45520278
  153   121     1.65624318
  153   152     0.68841642
  153   154    -0.98533820
  153   185    -0.81430712
  154   122     0.64768778
  154   153    -0.98533820
  154   155     1.00175795
  154   186    -0.60711958
  155   123     1.23962965
  155   154     1.00175795
  155   156    -1.18467392
  155   187    -0.15797130
  156   124    -0.29961327
  156   155    -1.18467392
  156   157    -0.89500151
  156   188    -0.07267829
  157   125     0.57099425
  157   156    -0.89500151
  157   158    -0.22982887
  157   189    -0.68160142
  158   126     0.71305621
  158   157    -0.22982887
  158   159    -0.87842354
  158   190    -2.92115628
  159   127     0.05548596
  159   128    -1.02714817
  159   158    -0.87842354
  159   191    -0.15578923
  160   128     2.36187935
  160   161     1.07151678
  160   191     0.73040062
  160   192     0.57853490
  161   129     0.44163549
  161   160     1.07151678
  161   162     0.70054701
  161   193    -0.41699375
  162   130     1.19641928
  162   161     0.70054701
  162   163    -0.48251311
  162   194     0.34106238
  163   131     0.22698639
  163   162    -0.48251311
  163   164    -0.58019779
  163   195    -0.66324320
  164   132    -0.11216327
  164   163    -0.58019779
  164   165    -0.86013628
  164   196    -0.19638367
  165   133    -1.43496033
  165   164    -0.86013628
  165   166    -0.51064576
  165   197    -1.56610949
  166   134     0.71376851
  166   165    -0.51064576
  166   167     0.75685315
  166   198    -0.83064099
  167   135    -0.90303634
  167   166     0.75685315
  167   168     0.35689264
  167   199     0.28560734
  168   136     0.74723743
  168   167     0.35689264
  168   169     0.58340443
  168   200     0.95848248
  169   137    -1.23288197
  169   168     0.58340443
  169   170    -0.13236224
  169   201    -0.72935127
  170   138     0.62990120
  170   169    -0.13236224
  170   171    -1.00475961
  170   202    -0.45670189
  171   139    -0.59592624
  171   170    -1.00475961
  171   172     1.15983680
  171   203    -0.61871986
  172   140     0.19921445
  172   171     1.15983680
  172   173     0.97416130
  172   204     1.94743597
  173   141    -0.26131011
  173   172     0.97416130
  173   174     1.06172974
  173   205    -0.75584251
  174   142     1.26732804
  174   173     1.06172974
  174   175    -0.53549244
  174   206    -0.30799603
  175   143    -0.86662973
  175   174    -0.53549244
  175   176     1.03687427
  175   207     0.80232646
  176   144    -0.10466528
  176   175     1.03687427
  176   177     0.07405516
  176   208    -0.01644252
  177   145    -0.41488754
  177   176     0.07405516
  177   178     0.43138151
  177   209    -0.23267042
  178   146     1.10445753
  178   177     0.43138151
  178   179    -1.39102888
  178   210    -0.37172457
  179   147    -0.65396497
  179   178    -1.39102888
  179   180    -0.62407028
  179   211     0.22704902
  180   148    -0.58891575
  180   179    -0.62407028
  180   181    -0.24060318
  180   212     0.22495407
  181   149     0.01601416
  181   180    -0.24060318
  181   182    -1.25952117
  181   213    -1.39136897
  182   150     0.09549125
  182   181    -1.25952117
  182   183     0.60770362
  182   214    -0.71882986
  183   151     0.21857059
  183   182     0.60770362
  183   184     0.57348421
  183   215     1.26935747
  184   152    -0.45520278
  184   183     0.57348421
  184   185    -0.10150786
  184   216    -1.27671451
  185   153    -0.81430712
  185   184    -0.10150786
  185   186    -0.34981689
  185   217     0.97212592
  186   154    -0.60711958
  186   185    -0.34981689
  186   187    -1.32486996
  186   218     0.34871905
  187   155    -0.15797130
  187   186    -1.32486996
  187   188    -2.92445349
  187   219    -2.27526800
  188   156    -0.07267829
  188   187    -2.92445349
  188   189     0.28475496
  188   220    -0.40426050
  189   157    -0.68160142
  189   188     0.28475496
  189   190     0.43417727
  189   221     0.01408002
  190   158    -2.92115628
  190   189     0.43417727
  190   191     1.13905697
  190   222     1.32105083
  191   159    -0.15578923
  191   160     0.73040062
  191   190     1.13905697
  191   223    -0.60011067
  192   160     0.57853490
  192   193    -0.58818387
  192   223     0.87897642
  192   224    -0.09838125
  193   161    -0.41699375
  193   192    -0.58818387
  193   194    -0.47027613
  193   225     0.07184151
  194   162     0.34106238
  194   193    -0.47027613
  194   195     0.11924225
  194   226    -0.27502519
  195   163    -0.66324320
  195   194     0.11924225
  195   196     0.45786850
  195   227     2.58484198
  196   164    -0.19638367
  196   195     0.45786850
  196   197    -1.13957517
  196   228    -0.24918545
  197   165    -1.56610949
  197   196    -1.13957517
  197   198    -0.00380827
  197   229    -0.73275008
  198   166    -0.83064099
  198   197    -0.00380827
  198   199    -0.23297252
  198   230    -1.27050677
  199   167     0.28560734
  199   198    -0.23297252
  199   200    -0.17606099
  199   231    -1.47897015
  200   168     0.95848248
  200   199    -0.17606099
  200   201    -0.54429028
  200   232    -0.02086243
  201   169    -0.72935127
  201   200    -0.54429028
  201   202     0.75928946
  201   233    -0.11465277
  202   170    -0.45670189
  202   201     0.75928946
  202   203    -0.96480303
  202   234     1.44363273
  203   171    -0.61871986
  203   202    -0.96480303
  203   204    -0.43794842
  203   235    -0.39522837
  204   172     1.94743597
  204   203    -0.43794842
  204   205    -1.64747491
  204   236    -0.77353139
  205   173    -0.75584251
  205   204    -1.64747491
  205   206    -0.61765053
  205   237     0.87207762
  206   174    -0.30799603
  206   205    -0.61765053
  206   207     0.14173298
  206   238     1.26852729
  207   175     0.80232646
  207   206     0.14173298
  207   208    -1.38839565
  207   239     0.49359942
  208   176    -0.01644252
  208   207    -1.38839565
  208   209    -0.63321915
  208   240     1.53784081
  209   177    -0.23267042
  209   208    -0.63321915
  209   210     0.73264928
  209   241     0.31961607
  210   178    -0.37172457
  210   209     0.73264928
  210   211    -0.40781033
  210   242     1.03581443
  211   179     0.22704902
  211   210    -0.40781033
  211   212     0.59129688
  211   243    -0.75812964
  212   180     0.22495407
  212   211     0.59129688
  212   213     0.48640436
  212   244    -0.34431129
  213   181    -1.39136897
  213   212     0.48640436
  213   214    -0.71503021
  213   245    -1.60160034
  214   182    -0.71882986
  214   213    -0.71503021
  214   215    -0.34619252
  214   246     0.81187499
  215   183     1.26935747
  215   214    -0.34619252
  215   216     1.25704151
  215   247    -0.33317202
  216   184    -1.27671451
  216   215     1.25704151
  216   217    -0.34007073
  216   248    -0.41432406
  217   185     0.97212592
  217   216    -0.34007073
  217   218    -0.00048242
  217   249     0.01728368
  218   186     0.34871905
  218   217    -0.00048242
  218   219    -1.99327737
  218   250     0.16327222
  219   187    -2.27526800
  219   218    -1.99327737
  219   220     0.20535676
  219   251     0.96682723
  220   188    -0.40426050
  220   219     0.20535676
  220   221     0.01546810
  220   252     0.27091163
  221   189     0.01408002
  221   220     0.01546810
  221   222    -1.83004582
  221   253    -0.68200685
  222   190     1.32105083
  222   221    -1.83004582
  222   223    -0.18986862
  222   254     0.14575219
  223   191    -0.60011067
  223   192     0.87897642
  223   222    -0.18986862
  223   255     0.01844528
  224   192    -0.09838125
  224   225     1.61288508
  224   255     0.85014162
  224   256    -0.53668810
  225   193     0.07184151
  225   224     1.61288508
  225   226     1.05364827
  225   257    -0.01222901
  226   194    -0.27502519
  226   225     1.05364827
  226   227    -0.21423091
  226   258    -0.14994299
  227   195     2.58484198
  227   226    -0.21423091
  227   228    -0.60389097
  227   259    -1.21671870
  228   196    -0.24918545
  228   227    -0.60389097
  228   229    -1.06928857
  228   260     2.11774407
  229   197    -0.73275008
  229   228    -1.06928857
  229   230    -0.28890419
  229   261    -0.62849667
  230   198    -1.27050677
  230   229    -0.28890419
  230   231     0.35885155
  230   262    -0.21359509
  231   199    -1.47897015
  231   230     0.35885155
  231   232     0.51033801
  231   263     0.37667018
  232   200    -0.02086243
  232   231     0.51033801
  232   233    -1.27096905
  232   264    -0.12604623
  233   201    -0.11465277
  233   232    -1.27096905
  233   234    -0.50016509
  233   265    -0.02695661
  234   202     1.44363273
  234   233    -0.50016509
  234   235     0.79816368
  234   266    -0.73685773
  235   203    -0.39522837
  235   234     0.79816368
  235   236     1.11246906
  235   267     1.68114572
  236   204    -0.77353139
  236   235     1.11246906
  236   237     0.03535878
  236   268    -0.24828187
  237   205     0.87207762
  237   236     0.03535878
  237   238    -0.09133543
  237   269    -1.94989418
  238   206     1.26852729
  238   237    -0.09133543
  238   239    -2.01732289
  238   270    -0.45795518
  239   207     0.49359942
  239   238    -2.01732289
  239   240     1.12541825
  239   271     0.84702060
  240   208     1.53784081
  240   239     1.12541825
  240   241    -0.44046604
  240   272    -0.04274070
  241   209     0.31961607
  241   240    -0.44046604
  241   242     0.63341958
  241   273     1.52847139
  242   210     1.03581443
  242   241     0.63341958
  242   243     1.42445365
  242   274     0.44845085
  243   211    -0.75812964
  243   242     1.42445365
  243   244     0.06053226
  243   275    -0.47788708
  244   212    -0.34431129
  244   243     0.06053226
  244   245     0.21692697
  244   276     1.19364629
  245   213    -1.60160034
  245   244     0.21692697
  245   246    -1.36642533
  245   277    -0.40842162
  246   214     0.81187499
  246   245    -1.36642533
  246   247     1.72726174
  246   278     0.65856657
  247   215    -0.33317202
  247   246     1.72726174
  247   248    -0.20065919
  247   279    -0.03206610
  248   216    -0.41432406
  248   247    -0.20065919
  248   249     0.35127162
  248   280    -0.16805042
  249   217     0.01728368
  249   248     0.35127162
  249   250    -0.11287822
  249   281    -0.46182029
  250   218     0.16327222
  250   249    -0.11287822
  250   251     0.24890710
  250   282     0.45863358
  251   219     0.96682723
  251   250     0.24890710
  251   252     0.83626219
  251   283    -0.32956321
  252   220     0.27091163
  252   251     0.83626219
  252   253     0.47774200
  252   284    -0.67904424
  253   221    -0.68200685
  253   252     0.47774200
  253   254    -0.81869292
  253   285     0.34653087
  254   222     0.14575219
  254   253    -0.81869292
  254   255     0.82226926
  254   286    -0.03331569
  255   223     0.01844528
  255   224     0.85014162
  255   254     0.82226926
  255   287     2.20113943
  256   224    -0.53668810
  256   257    -0.32539660
  256   287    -0.06733850
  256   288    -0.31959221
  257   225    -0.01222901
  257   256    -0.32539660
  257   258    -1.08637631
  257   289    -0.09882849
  258   226    -0.14994299
  258   257    -1.08637631
  258   259     1.21319010
  258   290     2.01129149
  259   227    -1.21671870
  259   258     1.21319010
  259   260     0.44688960
  259   291    -0.16161057
  260   228     2.11774407
  260   259     0.44688960
  260   261     0.21021914
  260   292     0.90018345
  261   229    -0.62849667
  261   260     0.21021914
  261   262     0.75080406
  261   293     0.08136142
  262   230    -0.21359509
  262   261     0.75080406
  262   263     0.61315273
  262   294     1.32899516
  263   231     0.37667018
  263   262     0.61315273
  263   264    -0.88719802
  263   295     0.30697069
  264   232    -0.12604623
  264   263    -0.88719802
  264   265    -0.01870282
  264   296    -0.45144504
  265   233    -0.02695661
  265   264    -0.01870282
  265   266    -0.91363557
  265   297    -0.61039246
  266   234    -0.73685773
  266   265    -0.91363557
  266   267     1.26960033
  266   298     0.41095970
  267   235     1.68114572
  267   266     1.26960033
  267   268     1.06917346
  267   299     0.95849509
  268   236    -0.24828187
  268   267     1.06917346
  268   269     0.09281630
  268   300     0.12121949
  269   237    -1.94989418
  269   268     0.09281630
  269   270    -0.77393850
  269   301     0.03041762
  270   238    -0.45795518
  270   269    -0.77393850
  270   271     0.29329407
  270   302    -1.33356033
  271   239     0.84702060
  271   270     0.29329407
  271   272     1.17530790
  271   303    -1.79995915
  272   240    -0.04274070
  272   271     1.17530790
  272   273    -0.04398315
  272   304     1.19449292
  273   241     1.52847139
  273   272    -0.04398315
  273   274    -0.28606101
  273   305    -1.37818025
  274   242     0.44845085
  274   273    -0.28606101
  274   275    -0.24070426
  274   306    -0.25524023
  275   243    -0.47788708
  275   274    -0.24070426
  275   276     0.38608434
  275   307    -1.28708306
  276   244     1.19364629
  276   275     0.38608434
  276   277    -0.39120426
  276   308     0.47517252
  277   245    -0.40842162
  277   276    -0.39120426
  277   278     0.49269726
  277   309    -0.07142097
  278   246     0.65856657
  278   277     0.49269726
  278   279    -0.53522751
  278   310    -1.27996972
  279   247    -0.03206610
  279   278    -0.53522751
  279   280    -1.23725139
  279   311    -1.30809523
  280   248    -0.16805042
  280   279    -1.23725139
  280   281     0.10506182
  280   312     0.50712399
  281   249    -0.46182029
  281   280     0.10506182
  281   282    -1.13828351
  281   313     0.36838032
  282   250     0.45863358
  282   281    -1.13828351
  282   283    -1.38237514
  282   314     1.37897659
  283   251    -0.32956321
  283   282    -1.38237514
  283   284     0.51636042
  283   315    -0.82658512
  284   252    -0.67904424
  284   283     0.51636042
  284   285    -0.56364627
  284   316     1.40113748
  285   253     0.34653087
  285   284    -0.56364627
  285   286    -1.35325079
  285   317     2.07887745
  286   254    -0.03331569
  286   285    -1.35325079
  286   287     0.20776475
  286   318     1.07109082
  287   255     2.20113943
  287   256    -0.06733850
  287   286     0.20776475
  287   319     0.70803845
  288   256    -0.31959221
  288   289     0.75152194
  288   319    -0.12737248
  288   320    -1.85442306
  289   257    -0.09882849
  289   288     0.75152194
  289   290     1.23440186
  289   321    -1.19696210
  290   258     2.01129149
  290   289     1.23440186
  290   291     1.14468205
  290   322     0.70229845
  291   259    -0.16161057
  291   290     1.14468205
  291   292    -2.47464519
  291   323    -1.46053144
  292   260     0.90018345
  292   291    -2.47464519
  292   293     0.85374230
  292   324     1.54589471
  293   261     0.08136142
  293   292     0.85374230
  293   294    -0.83963674
  293   325     0.52540158
  294   262     1.32899516
  294   293    -0.83963674
  294   295     0.04593290
  294   326     0.20814714
  295   263     0.30697069
  295   294     0.04593290
  295   296     0.39497932
  295   327    -1.00338932
  296   264    -0.45144504
  296   295     0.39497932
  296   297    -0.27108784
  296   328    -2.32440954
  297   265    -0.61039246
  297   296    -0.27108784
  297   298     0.69521280
  297   329     1.25593008
  298   266     0.41095970
  298   297     0.69521280
  298   299     0.74932551
  298   330     0.95379315
  299   267     0.95849509
  299   298     0.74932551
  299   300    -0.00210057
  299   331     1.43869277
  300   268     0.12121949
  300   299    -0.00210057
  300   301     0.71845187
  300   332     1.08328278
  301   269     0.03041762
  301   300     0.71845187
  301   302    -2.54857395
  301   333    -1.56547959
  302   270    -1.33356033
  302   301    -2.54857395
  302   303     0.23295957
  302   334     0.20602194
  303   271    -1.79995915
  303   302     0.23295957
  303   304     0.29960868
  303   335     0.12365316
  304   272     1.19449292
  304   303     0.29960868
  304   305    -0.32284526
  304   336    -0.16345026
  305   273    -1.37818025
  305   304    -0.32284526
  305   306     0.14900821
  305   337     1.19529300
  306   274    -0.25524023
  306   305     0.14900821
  306   307     0.90805263
  306   338     1.03489463
  307   275    -1.28708306
  307   306     0.90805263
  307   308     0.60316180
  307   339    -0.59136939
  308   276     0.47517252
  308   307     0.60316180
  308   309     0.71089987
  308   340    -0.74388544
  309   277    -0.07142097
  309   308     0.71089987
  309   310    -1.23068398
  309   341     0.75591820
  310   278    -1.27996972
  310   309    -1.23068398
  310   311     0.45367646
  310   342     0.47664759
  311   279    -1.30809523
  311   310     0.45367646
  311   312    -0.19106796
  311   343     0.27914810
  312   280     0.50712399
  312   311    -0.19106796
  312   313    -0.69715242
  312   344    -0.49824576
  313   281     0.36838032
  313   312    -0.69715242
  313   314     0.97027694
  313   345    -0.56567027
  314   282     1.37897659
  314   313     0.97027694
  314   315     2.38183162
  314   346    -0.55297470
  315   283    -0.82658512
  315   314     2.38183162
  315   316     0.27193130
  315   347    -1.27773869
  316   284     1.40113748
  316   315     0.27193130
  316   317    -0.02956411
  316   348    -0.13803362
  317   285     2.07887745
  317   316    -0.02956411
  317   318    -0.14125189
  317   349    -0.70028687
  318   286     1.07109082
  318   317    -0.14125189
  318   319     1.28597241
  318   350    -0.57200946
  319   287     0.70803845
  319   288    -0.12737248
  319   318     1.28597241
  319   351     0.59784961
  320   288    -1.85442306
  320   321     0.10747045
  320   351    -1.07973343
  320   352     0.13540493
  321   289    -1.19696210
  321   320     0.10747045
  321   322    -0.64141605
  321   353    -0.29850088
  322   290     0.70229845
  322   321    -0.64141605
  322   323     0.63194462
  322   354    -0.45534655
  323   291    -1.46053144
  323   322     0.63194462
  323   324     2.43457449
  323   355    -0.33167632
  324   292     1.54589471
  324   323     2.43457449
  324   325     1.40175270
  324   356     0.96464008
  325   293     0.52540158
  325   324     1.40175270
  325   326    -1.71484882
  325   357    -0.34953311
  326   294     0.20814714
  326   325    -1.71484882
  326   327     0.49286886
  326   358    -0.53005191
  327   295    -1.00338932
  327   326     0.49286886
  327   328    -1.04103087
  327   359    -0.53098089
  328   296    -2.32440954
  328   327    -1.04103087
  328   329    -2.02491638
  328   360     1.12254554
  329   297     1.25593008
  329   328    -2.02491638
  329   330     0.32665051
  329   361     1.02744216
  330   298     0.95379315
  330   329     0.32665051
  330   331    -0.09146128
  330   362     0.82598782
  331   299     1.43869277
  331   330    -0.09146128
  331   332    -1.05983507
  331   363     0.79132138
  332   300     1.08328278
  332   331    -1.05983507
  332   333    -1.52511486
  332   364    -0.62915361
  333   301    -1.56547959
  333   332    -1.52511486
  333   334    -0.12339793
  333   365     2.61483917
  334   302     0.20602194
  334   333    -0.12339793
  334   335    -1.25767447
  334   366     0.52469761
  335   303     0.12365316
  335   334    -1.25767447
  335   336     1.08509644
  335   367     1.72013439
  336   304    -0.16345026
  336   335     1.08509644
  336   337     0.36995516
  336   368     0.20360555
  337   305     1.19529300
  337   336     0.36995516
  337   338    -0.04154523
  337   369     0.31824502
  338   306     1.03489463
  338   337    -0.04154523
  338   339     0.56404273
  338   370    -0.68576172
  339   307    -0.59136939
  339   338     0.56404273
  339   340     1.43807597
  339   371     0.45612618
  340   308    -0.74388544
  340   339     1.43807597
  340   341     0.78517839
  340   372    -0.64341188
  341   309     0.75591820
  341   340     0.78517839
  341   342    -0.08689998
  341   373     0.90602381
  342   310     0.47664759
  342   341    -0.08689998
  342   343    -1.69007265
  342   374     0.06758558
  343   311     0.27914810
  343   342    -1.69007265
  343   344     0.05945472
  343   375     1.06536248
  344   312    -0.49824576
  344   343     0.05945472
  344   345    -0.94690820
  344   376    -0.40047921
  345   313    -0.56567027
  345   344    -0.94690820
  345   346    -1.10197298
  345   377     1.82253364
  346   314    -0.55297470
  346   345    -1.10197298
  346   347     2.08730394
  346   378     0.57415409
  347   315    -1.27773869
  347   346     2.08730394
  347   348     0.43572517
  347   379    -1.08057799
  348   316    -0.13803362
  348   347     0.43572517
  348   349     0.83546480
  348   380    -0.81261030
  349   317    -0.70028687
  349   348     0.83546480
  349   350    -1.97508983
  349   381     0.51200626
  350   318    -0.57200946
  350   349    -1.97508983
  350   351     0.63322592
  350   382     1.00855480
  351   319     0.59784961
  351   320    -1.07973343
  351   350     0.63322592
  351   383     0.46008695
  352   320     0.13540493
  352   353     0.41172728
  352   383     0.95074118
  352   384    -1.82619753
  353   321    -0.29850088
  353   352     0.41172728
  353   354    -0.99735612
  353   385     0.16070416
  354   322    -0.45534655
  354   353    -0.99735612
  354   355     1.59108106
  354   386     0.88177879
  355   323    -0.33167632
  355   354     1.59108106
  355   356     0.37039451
  355   387     0.60848717
  356   324     0.96464008
  356   355     0.37039451
  356   357     0.62696300
  356   388    -1.50977410
  357   325    -0.34953311
  357   356     0.62696300
  357   358    -1.08161253
  357   389    -0.31900369
  358   326    -0.53005191
  358   357    -1.08161253
  358   359    -0.80994307
  358   390     1.33579185
  359   327    -0.53098089
  359   358    -0.80994307
  359   360     1.82400060
  359   391     1.31221528
  360   328     1.12254554
  360   359     1.82400060
  360   361     0.00999969
  360   392    -0.45407421
  361   329     1.02744216
  361   360     0.00999969
  361   362    -0.04837050
  361   393    -0.57683655
  362   330     0.82598782
  362   361    -0.04837050
  362   363    -0.68906402
  362   394    -0.41930540
  363   331     0.79132138
  363   362    -0.68906402
  363   364    -0.84867200
  363   395    -0.78885313
  364   332    -0.62915361
  364   363    -0.84867200
  364   365     0.08393938
  364   396     0.23047981
  365   333     2.61483917
  365   364     0.08393938
  365   366     0.02794124
  365   397     0.14933047
  366   334     0.52469761
  366   365     0.02794124
  366   367     0.09573207
  366   398     0.55458656
  367   335     1.72013439
  367   366     0.09573207
  367   368    -0.26593049
  367   399     0.38683184
  368   336     0.20360555
  368   367    -0.26593049
  368   369    -0.41203499
  368   400     0.41919639
  369   337     0.31824502
  369   368    -0.41203499
