#Random regular graph with connectivity C = 10
#Vertices:	Bonds:
#	1000		5000
    0   816     0.28277317
    0   134     0.43783418
    0   139     0.65167914
    0   417    -0.71756436
    0   215    -0.03251065
    0   666    -1.23935319
    0   169     1.07497334
    0   849    -1.74814610
    0   564    -0.36328840
    0   844    -0.33413041
    1   998     0.15516677
    1   800    -0.79147487
    1   552    -1.77338377
    1   262    -0.12897948
    1   498     0.16762031
    1   423     0.48066148
    1   589    -0.99410195
    1   399    -0.76348255
    1   907    -0.95879396
    1   289    -0.10213271
    2   592     1.25281606
    2   370    -1.07038339
    2   329    -1.20782997
    2   831     1.73390854
    2   380     0.67647436
    2    90     1.06135267
    2   758     0.29621097
    2     4    -0.66133932
    2   121     0.36859106
    2   180    -1.50110110
    3   954     1.71994789
    3   928     0.49746593
    3   803    -1.95522518
    3   423     0.18756735
    3   480    -1.69694255
    3   569     0.74399695
    3   899     0.04858938
    3   838     0.52165796
    3    97    -0.58464457
    3   526     0.32733612
    4   544     2.07808951
    4   407     0.70292331
    4   904     0.79687120
    4   173    -0.23759258
    4   626     0.33074724
    4     2    -0.66133932
    4   741     0.42954286
    4   600    -2.01483715
    4   794    -0.89896173
    4   755     0.13080563
    5   741     1.88063395
    5   370     0.97239041
    5    73    -1.02236488
    5    19     0.40689123
    5   860    -1.17801372
    5   284    -0.30211463
    5   219    -1.04707288
    5   144    -0.37376431
    5   759     0.34116982
    5   818     1.43039611
    6   507    -0.96920038
    6    56     0.82673627
    6   601    -0.67529761
    6   533    -0.49029076
    6   570     0.16736199
    6   660     0.26773437
    6   529    -2.48945697
    6   976    -1.65701226
    6   977     1.92070892
    6   284    -0.71957932
    7   254     0.24144174
    7     8    -1.09058106
    7   796    -1.22096098
    7   492    -0.13839487
    7   661    -1.65906211
    7   432    -0.03749031
    7   988     0.15043050
    7    64    -0.52774957
    7   469     0.30406958
    7   677     0.48588202
    8   648    -0.77575215
    8   871     0.75650995
    8     7    -1.09058106
    8   398     0.38695828
    8    30     0.01246899
    8   780    -0.79936477
    8   193    -1.53108748
    8   681    -1.51970608
    8   587     0.55742907
    8    34    -1.35060628
    9   158     2.27942013
    9   337    -0.45123758
    9   576     0.08314385
    9   445    -0.24345884
    9   642     1.36430446
    9   752     1.27638922
    9   652    -0.10953790
    9   218     0.61262737
    9   603     0.94309313
    9   713     1.34606292
   10   698     0.46912362
   10   725    -1.68202675
   10   261     1.55293568
   10   604    -0.57761911
   10   744    -1.04129136
   10   136     0.42562848
   10   716    -0.40483108
   10   895     1.14438443
   10    91    -1.45179633
   10   745    -1.13383231
   11   502     0.09800019
   11   424    -0.51048187
   11   580    -0.22019862
   11   672     0.79619129
   11   679     0.00625572
   11   111     1.90902030
   11   197    -0.93086442
   11   510     0.66374311
   11   652    -0.96942526
   11   472    -0.83962850
   12   390    -0.88549826
   12   765    -0.43444837
   12   464    -1.76290799
   12   507     0.20833646
   12    41    -1.53136562
   12   348     0.55294251
   12   214     0.64804476
   12   177    -0.48039942
   12   112    -0.45580168
   12   530     0.84227989
   13   380     0.60549365
   13   560    -0.97891415
   13   276    -0.02875260
   13   794     0.10722459
   13   641     0.28512906
   13   779     0.48916256
   13    19    -0.56460374
   13   263     2.08064565
   13   106    -0.28772146
   13   874    -0.14072572
   14    29    -0.45502609
   14   553    -0.26705379
   14   780     0.82094498
   14   213    -1.11351836
   14   733    -1.69150486
   14   680     0.97325748
   14   920    -0.46514519
   14   914    -0.50430408
   14   946    -0.80258289
   14   351     0.09047145
   15   375    -1.01592962
   15   737     2.15636608
   15   568     0.20158646
   15   171     0.46115434
   15   294     1.86576608
   15    59     0.13374477
   15   774     0.66217869
   15   820     0.24030962
   15   295    -0.20830724
   15   679    -0.32572137
   16   992    -0.28159035
   16   132    -0.41789086
   16   710     0.60939544
   16    94     1.35524261
   16   154    -0.99826638
   16   602     0.47634063
   16   917    -0.49756898
   16   856    -1.05658608
   16   439     0.39099340
   16   344     0.81454181
   17    51    -0.59044596
   17   338     1.07249978
   17   372    -1.38855398
   17   802     1.42009344
   17   203    -0.87302083
   17   844    -0.37178730
   17    34     0.69312948
   17   982    -0.38888620
   17   506     1.41291950
   17   277    -0.29730514
   18   281     0.62422085
   18   858    -0.66330792
   18   916     1.09626399
   18   537    -0.33470633
   18   984     0.39088232
   18   362     0.13930781
   18   694     0.88139334
   18   815     0.61635122
   18   598     1.45233107
   18   343     0.63962131
   19   806    -0.65268545
   19   519    -0.66646176
   19   322     1.04232882
   19   354    -0.04716132
   19   816    -1.43411363
   19     5     0.40689123
   19    82    -0.73632014
   19   197    -0.22478567
   19   549     0.46447026
   19    13    -0.56460374
   20   678     0.29696931
   20   763     1.51249351
   20   889    -0.96145668
   20   602    -0.17126724
   20   823     0.12947323
   20   958    -0.19674032
   20   155    -0.43720549
   20   745    -0.01167741
   20   348     1.02043485
   20   494     0.60582117
   21   442    -1.38850463
   21   282    -0.15914426
   21   151     0.22906269
   21   762     0.44836410
   21   838     0.57537287
   21   174    -1.76795630
   21   250    -1.45822050
   21   908    -0.82280618
   21   819    -1.14918403
   21   872    -1.13186099
   22   937     0.17461093
   22   687    -0.52920910
   22   866     1.28446385
   22   706     1.24140710
   22   595     1.27510868
   22   714     0.03183529
   22   768    -1.04883515
   22   887    -0.41502949
   22   481     1.55773963
   22   590    -0.51740078
   23   975    -0.68374628
   23   501    -0.09425730
   23   726    -0.83395376
   23   366     0.18094690
   23   117     2.33917752
   23   950     1.18404575
   23   717     0.25228977
   23   379    -0.77692951
   23   741     0.88933847
   23   512     0.73193532
   24   334    -1.00514169
   24    71    -0.22023897
   24   561     1.17167619
   24   435     0.26524312
   24   696     1.42547299
   24   399     0.12216779
   24   536    -0.73801301
   24   644    -1.54977735
   24   506     0.28823549
   24   727     1.10334191
   25   408     0.78957568
   25   133    -0.56563472
   25   698     2.79037754
   25   396    -0.41695008
   25   424    -1.54686621
   25   903     0.79387468
   25   487     0.88962864
   25   919    -0.30171346
   25   230    -0.80905041
   25   788    -1.24537300
   26   338     0.99260360
   26   956     0.73818474
   26   433    -0.38943664
   26   962    -1.05568980
   26   152     0.80407284
   26   274     0.41480603
   26   570     1.84365439
   26   296     0.03361938
   26   178     0.77761095
   26   568    -1.39561863
   27   728     1.62187983
   27   164    -0.97100203
   27   625     0.11888774
   27   954    -1.32130891
   27   631    -0.17599145
   27    58    -0.23091249
   27   252     0.29102753
   27   238     0.10342053
   27   400     0.74740045
   27   769    -0.72754725
   28   295     0.23065937
   28   967     0.76185926
   28   416    -0.35015678
   28   653    -1.37695434
   28   336     0.03140771
   28   435     0.81274957
   28   135    -0.84054147
   28   664    -0.38523215
   28   516     1.95198990
   28   259     1.17317513
   29   316     0.72719306
   29    14    -0.45502609
   29   746    -0.46861605
   29   583    -0.69581490
   29   374    -1.69872484
   29   721     1.59427763
   29   980    -0.53741678
   29   358     0.56632266
   29   312    -0.13153813
   29   681     1.33341532
   30   371    -1.03206335
   30     8     0.01246899
   30   490    -0.79668029
   30   672    -0.59872711
   30   236    -1.13051920
   30   404     0.21862476
   30   857     0.96588099
   30   935    -0.43631186
   30    83     0.62396975
   30   231     0.80315992
   31   667    -1.19471364
   31   962    -0.32086138
   31   503    -0.83772834
   31   425     0.00073173
   31   690     1.27534612
   31   252     0.33776199
   31   514     1.15840155
   31    56     0.56359242
   31   533    -0.75396216
   31    54     0.60358274
   32   376    -0.63376448
   32   303    -1.80861165
   32   132     0.78914690
   32    85     0.28452120
   32   717     0.50631545
   32   309     0.61341110
   32   137     1.00552027
   32   322    -1.68083825
   32   576     0.72755525
   32   968    -1.42698344
   33   620     0.79798329
   33   379    -0.30912600
   33    72    -0.71989328
   33   951    -0.64264877
   33   898    -1.41193113
   33   248     0.87728844
   33   961     2.08125212
   33   906     0.09536395
   33   319     0.28112030
   33   527    -1.00045427
   34    43    -2.38233672
   34   638     0.28712116
   34   319    -1.03890108
   34   536     0.85123544
   34   593    -1.65947413
   34   649    -1.59574256
   34   968    -0.28638995
   34   756    -1.24422226
   34    17     0.69312948
   34     8    -1.35060628
   35    41     0.90619014
   35   769     0.84066330
   35   973    -0.07451471
   35   816    -1.01741232
   35   870     0.36228990
   35   429     1.00885471
   35   508     1.11532760
   35   158    -1.64590583
   35   778     0.14504108
   35   871    -0.09629082
   36   673     0.89062295
   36   103    -0.22413073
   36   465    -1.65929217
   36   347     1.63122523
   36   307    -0.76674820
   36   407     0.48967879
   36   341    -1.59364836
   36    60    -0.59082392
   36   812    -0.03959397
   36   623    -0.35932781
   37   752    -0.67762803
   37   353    -0.00374754
   37   126    -0.18464340
   37   487     0.07607821
   37   861     0.88669820
   37   450     1.32218176
   37   343     1.11398626
   37    60    -2.50771348
   37    51     2.11876522
   37    90    -0.75712745
   38   491     2.07740101
   38   906     0.67096706
   38   965     0.68134349
   38   352    -0.67651336
   38   114    -0.28444608
   38   811    -1.36618663
   38    84    -0.06002261
   38   802     0.93030955
   38   908    -1.32133640
   38   235     0.75161240
   39   307     1.22189736
   39   291     0.21363191
   39   856     0.79731503
   39   842    -0.53090390
   39   838    -1.37561958
   39   704    -2.57867729
   39   655    -1.17971418
   39   669    -1.34167379
   39    76     0.48251070
   39   638     0.75567256
   40   584     1.04080984
   40   438    -0.42962936
   40    86    -0.19592682
   40   817     0.41832571
   40   872    -0.99934793
   40   730     1.06982909
   40   886    -0.94795567
   40   326     0.79581324
   40   324    -1.17698461
   40   647    -1.37552371
   41   472     0.46345751
   41   868     0.66828288
   41    35     0.90619014
   41   178     1.33222409
   41   185    -1.32120360
   41    12    -1.53136562
   41   757     0.14535744
   41   976     0.53340015
   41   400    -1.07442216
   41   276    -1.62296114
   42   194     0.87548592
   42   446     0.57294524
   42   385    -0.61094336
   42   522     1.64142555
   42   910    -0.37142428
   42   766     1.24422729
   42   767     1.10978960
   42   496    -0.35365644
   42   957    -0.46108256
   42   494    -1.26451418
   43    34    -2.38233672
   43   174    -1.44984778
   43   233     1.01299152
   43    48    -0.63686762
   43   793     2.31847198
   43   535     0.41627366
   43   812     0.79897609
   43   788     0.31416760
   43   497     0.11149198
   43   742    -0.73418836
   44   472    -0.35511946
   44   781    -1.47817996
   44   517     0.60551705
   44   454     0.65383146
   44   722    -0.26493502
   44   680    -0.21959872
   44   939     0.00064675
   44   217     0.76776389
   44   765    -0.56679701
   44   247     1.44241567
   45   517    -1.42398339
   45    88     0.37854740
   45   490    -0.49354987
   45   422    -0.08925063
   45   702     0.78545645
   45   325    -1.43154747
   45   271    -1.80271023
   45   365    -0.96734120
   45   183     0.84066428
   45   761    -0.80742092
   46   513    -0.00861394
   46   512     0.12469443
   46   170    -0.42273597
   46   235    -0.11682381
   46   220     0.45406968
   46   737    -0.09710212
   46   752     1.13691271
   46   391    -0.43490911
   46   934     0.73692570
   46   273     1.65039151
   47   634    -0.85308219
   47   942    -1.69261383
   47   666    -0.82102346
   47   114    -1.19840506
   47   194    -0.63993381
   47   596     0.67146654
   47   606    -0.10126851
   47   247    -0.45627044
   47   906    -0.66416292
   47   939    -0.74087553
   48   410    -0.23557130
   48   369    -0.06902713
   48   555     0.14868310
   48   387    -0.72281148
   48    43    -0.63686762
   48   611    -0.79194879
   48   324     0.41429101
   48   701     0.81359642
   48   481    -1.93628222
   48   728    -0.17239735
   49   267    -0.35743677
   49   586    -1.95041231
   49   992    -0.89936966
   49   411    -1.31410547
   49   252     1.02575214
   49   111     0.96536587
   49   534    -0.30961748
   49    70     0.28358763
   49   708    -0.36508096
   49   381     1.75974237
   50   704     0.82658255
   50   718     2.17657680
   50    96    -0.56173482
   50   804     0.05888316
   50   545     0.49917795
   50   709     1.94526506
   50   848    -1.25709048
   50   110    -1.65136423
   50   518    -1.12435761
   50   377    -1.26294234
   51   422     1.97619323
   51   913     0.08270167
   51   634    -0.58168641
   51    17    -0.59044596
   51   643    -0.20953192
   51   803    -0.17592164
   51   895    -0.70828759
   51   758     0.09010564
   51   102    -0.04588613
   51    37     2.11876522
   52   186     0.31966420
   52   503    -1.58766366
   52   218     0.03665309
   52   908    -0.61870293
   52   279     1.37680614
   52   519    -0.36562686
   52   126     0.21524319
   52   220    -0.99295975
   52   266     1.03188479
   52   282     0.94986017
   53   808     2.09185022
   53   372     0.51320199
   53   931    -2.23375233
   53   875     1.18257944
   53   565    -1.34092175
   53   308     0.15207673
   53   131    -0.19344835
   53   982    -0.50291558
   53   892     2.44276807
   53   290    -0.76342953
   54   952     0.49985716
   54    66    -0.40314175
   54   521    -0.19115538
   54    59     0.12394601
   54   992     0.42156436
   54   549    -1.48022375
   54   701     1.22822671
   54   181    -1.04337069
   54   134    -0.65754294
   54    31     0.60358274
   55   858     0.68092162
   55   263    -0.90485312
   55   776    -1.97039369
   55   421    -0.19917879
   55   747     0.41780738
   55   252    -2.40864121
   55   108     0.62035797
   55   710     1.42688988
   55   106    -1.48231604
   55   751     0.24729330
   56   605    -1.42858825
   56   864     2.01642054
   56   451    -1.35253476
   56   101     1.04404025
   56     6     0.82673627
   56   391     0.02049385
   56   377     1.10134489
   56   890     0.97926329
   56    31     0.56359242
   56   455     0.52262564
   57   439     0.74465044
   57   875    -0.11671439
   57   529    -0.15357026
   57   534    -1.11849010
   57   269    -0.15823199
   57   722     1.18874735
   57   975    -1.18902759
   57   155    -0.54211070
   57   578     0.06722058
   57   184     0.22328456
   58   619    -0.63589544
   58   294     0.86227748
   58   301    -0.90218068
   58   319     1.10433323
   58   850    -1.26524693
   58   744     0.49491125
   58   751     0.74648586
   58   365     0.77891514
   58    27    -0.23091249
   58   864    -0.70755166
   59   625     0.27057299
   59   466     0.97887441
   59    54     0.12394601
   59   441    -1.06372536
   59    15     0.13374477
   59   374     1.99731413
   59   103     1.01490473
   59   495    -0.69738019
   59   938    -0.57769815
   59   438     1.64901696
   60   444     0.60353817
   60   659     0.98571887
   60   191    -0.86856105
   60   224    -0.34833462
   60   248     1.60644929
   60   665    -1.27253946
   60   996     0.24313332
   60   192    -1.29479968
   60    36    -0.59082392
   60    37    -2.50771348
   61   412     0.23466077
   61   948    -0.41747834
   61   623    -1.92662062
   61   873     0.08928349
   61   791     0.47670577
   61   897    -0.48756763
   61   370    -1.23896064
   61   181    -0.32070693
   61   639     2.51274428
   61   741     0.09592930
   62   431    -0.65300993
   62   109     2.36018191
   62   231    -0.22143449
   62   659     0.64597522
   62   700     1.43777799
   62   234     1.62514097
   62   907    -0.40699545
   62   360    -1.04509023
   62    76    -0.46491597
   62   377    -0.54336841
   63   735    -0.51835163
   63   787     0.04684730
   63   272    -1.13028942
   63   914    -1.26621609
   63   582     0.60218021
   63   504    -0.16272333
   63   114     0.36218387
   63   879     0.91852831
   63   116     1.05796302
   63   911    -0.18932391
   64   447     1.43605919
   64   699     1.81650801
   64   600     0.64297251
   64   133    -0.08758492
   64   912     0.01232921
   64     7    -0.52774957
   64   914     0.04442504
   64   872    -0.92734123
   64   605    -0.88743292
   64   290     1.34619885
   65   150    -1.97409024
   65   806     0.34198742
   65    83     0.82930750
   65   661     1.38747518
   65   466    -1.11460249
   65   268    -1.17377669
   65   846     2.46594660
   65   250     1.24573216
   65   525    -0.70696277
   65   937     0.88435413
   66   903    -1.04677361
   66   926    -0.76152075
   66   302     0.85445599
   66   120     0.80020120
   66   549     1.11155118
   66    54    -0.40314175
   66   562    -0.75830415
   66   620     1.70015195
   66   736    -1.13149202
   66   538    -2.08821782
   67   983    -0.39099606
   67   639     0.15224737
   67   571     0.73197222
   67   195     0.00988658
   67   531     0.40074829
   67   690     0.18405020
   67   315     1.41474043
   67   901    -0.38872977
   67   657    -0.78952034
   67   552    -0.02688174
   68   414     1.81514429
   68   351    -0.67354172
   68   587     0.88734022
   68   977     0.22848098
   68   246    -0.47593227
   68   280    -0.33367270
   68   403     0.04338655
   68   652     1.37330980
   68   231     1.05832504
   68   857    -1.48922315
   69   733    -0.29281012
   69   741    -1.20088847
   69   388    -1.16670608
   69   853    -0.21152423
   69   904     0.20584684
   69   896    -0.44566930
   69   922    -0.18580725
   69    77     0.41234306
   69   901     1.93364167
   69   825    -0.17375222
   70   218    -1.09075380
   70   211     0.25346746
   70   392    -0.25471096
   70   366    -1.06749377
   70   216     1.31348648
   70   850    -0.91703088
   70    49     0.28358763
   70   991    -1.15749321
   70   996     0.69737614
   70   713     0.66241174
   71    24    -0.22023897
   71   107     0.03611193
   71   136    -0.94983245
   71   945     0.38350740
   71   934     1.69591176
   71   841    -0.46808985
   71   891    -1.37946876
   71    89    -0.82007580
   71   596    -0.11330990
   71    84    -0.64326768
   72   274     1.11239915
   72   212     1.33982141
   72   234     0.55104878
   72   164    -1.56296058
   72    33    -0.71989328
   72   885    -0.81787567
   72   577     1.15503971
   72   626     0.21184603
   72   396     0.09598765
   72   520     2.29413515
   73   299     0.85945594
   73   557    -0.31122007
   73   977     0.41556016
   73     5    -1.02236488
   73   389    -0.10085556
   73   146     0.41300727
   73   554    -1.45799616
   73   822     0.35257175
   73   333     0.06304715
   73   232     0.96349864
   74   700    -0.52625009
   74   431    -0.05364223
   74    87     1.28568589
   74   967     0.87505538
   74   437     1.00742171
   74   896     0.34641343
   74   616    -2.16115349
   74   161    -1.93838506
   74   949     1.54540142
   74   385     0.86389913
   75   387    -0.28949089
   75   460    -0.81379550
   75   237     1.81301078
   75   816    -0.48046421
   75   136     0.21995494
   75   866     0.70269012
   75   562     1.15425023
   75   432     0.30968287
   75   502    -1.15503558
   75   748     0.29548740
   76   931    -0.61210708
   76   996    -3.06531217
   76   722     0.11898210
   76   747     0.42254254
   76    39     0.48251070
   76   419     1.63458792
   76   741    -0.30623956
   76   731    -1.17149010
   76   396    -0.98327039
   76    62    -0.46491597
   77   788     0.83013438
   77   197     0.41862290
   77   124    -0.27196978
   77   611     1.03630499
   77    69     0.41234306
   77   147     1.17010947
   77   714     1.27098198
   77   420     0.50197571
   77   684    -0.14644778
   77   706     0.11145985
   78   753    -0.44983056
   78   444     1.11644581
   78   111     0.42576776
   78   789     1.02217464
   78   184    -0.89450669
   78   980     0.03553764
   78   625     0.43675247
   78   941    -1.10703736
   78   334    -0.05732194
   78   561     1.08263191
   79   520    -0.89849784
   79   261     1.41798273
   79   590    -0.62722975
   79   192    -2.82344806
   79   630    -0.00982299
   79   381    -1.29512992
   79   713    -0.72534863
   79   467    -0.83257248
   79   874    -0.35973835
   79   110     0.32081072
   80   491    -0.95289536
   80   543     0.81081228
   80   882    -0.88978514
   80   648     0.50815476
   80   813     1.85539566
   80   439     1.70651957
   80   768    -0.72486951
   80   201     0.56525066
   80   396     1.15011770
   80   553     2.10733232
   81   773     1.63684478
   81   221    -0.86615851
   81    94     0.15966426
   81   675     0.44433300
   81   840     1.39504664
   81   997     0.89093472
   81   676     1.20576883
   81   867     0.75249840
   81   492     1.44995765
   81   719     2.15682440
   82   354    -1.08569686
   82   544     0.53902712
   82   975    -0.39379073
   82   824     0.55586339
   82   408    -1.26985399
   82    19    -0.73632014
   82   182    -0.13239073
   82   688     1.61217592
   82   135    -0.13883841
   82   461    -0.26370873
   83   469     0.10907155
   83    65     0.82930750
   83   673    -0.53234358
   83   518    -0.39818170
   83   524    -1.15547275
   83   156    -2.04674748
   83   826     0.05637657
   83   490     0.61430119
   83   402    -0.69202931
   83    30     0.62396975
   84   770     1.03282760
   84   148     0.67668799
   84   297     0.96635084
   84    38    -0.06002261
   84   767    -0.25321467
   84   789     0.76359143
   84   968    -0.04524359
   84    71    -0.64326768
   84   952    -0.25977426
   84   372    -0.06471922
   85   144    -0.50964543
   85   716     1.17674943
   85   482    -1.10379706
   85   385     0.58984730
   85    32     0.28452120
   85   360    -0.66530648
   85   451     0.35109821
   85   693    -1.03281253
   85   201     0.63606686
   85   644     0.35876290
   86   575    -0.90253287
   86    40    -0.19592682
   86   191     2.45532650
   86   723    -0.03004458
   86   122    -0.00740717
   86   945    -0.01802980
   86   774    -1.60256347
   86   193    -0.42132314
   86   136    -0.22049046
   86   547     1.14867468
   87   856     0.71329283
   87   981     0.73240925
   87    74     1.28568589
   87   566     0.10274370
   87   757     0.21136506
   87   364     0.72584099
   87   422     2.12621517
   87   743    -0.80274349
   87   961     1.52344888
   87   711     0.21681680
   88    45     0.37854740
   88   523    -0.71277284
   88   105    -0.27481046
   88   171    -0.47601775
   88    95     1.81269642
   88   548     0.95356272
   88   822     0.01716134
   88   942    -0.69808971
   88   653     0.26409115
   88   332     0.32524205
   89   784    -0.85446378
   89   782    -0.72566691
   89   184     0.00775988
   89   631     0.56296218
   89    71    -0.82007580
   89   627     0.33126302
   89   947    -1.20250181
   89   709    -0.08497245
   89   316     0.29203981
   89   864     0.91467258
   90   449     0.29543354
   90   843     0.52676933
   90   469     1.01500869
   90     2     1.06135267
   90   633     1.00326340
   90   622     0.51928121
   90   477     0.72853065
   90   111     0.31639611
   90   847    -0.19763540
   90    37    -0.75712745
   91   208     0.26720193
   91   425     1.73149746
   91   492    -0.23933567
   91   396    -0.34194810
   91   350    -0.35311782
   91    10    -1.45179633
   91   294    -0.27512921
   91   122     0.17162098
   91   455     1.77335247
   91   470    -2.61712822
   92   926    -0.42910086
   92   872     1.50087307
   92   751    -0.83734666
   92   965     0.58000997
   92   552     0.41215214
   92   851     1.61964472
   92   796     0.29685324
   92   663    -1.25510576
   92   287     1.24140841
   92   588    -1.79124042
   93   108    -1.16004629
   93   114    -0.88657108
   93   984     0.77201375
   93   258     0.26258056
   93   360     1.23250453
   93   713     0.70785831
   93   125    -0.89457132
   93   826     0.41033718
   93   216    -2.17445409
   93   606     1.82333946
   94   220     0.61401117
   94   230     0.42754977
   94    81     0.15966426
   94   875    -1.02865183
   94    16     1.35524261
   94   659    -0.48865774
   94   826    -0.48145889
   94   823    -0.46435917
   94   920    -0.05068707
   94   567    -0.80048158
   95   701     1.84318110
   95   209    -0.68917899
   95   776     0.03757366
   95   305     0.34512121
   95    88     1.81269642
   95   938     1.40425430
   95   410     0.36037120
   95   611     0.29526346
   95   145     0.17518264
   95   100     0.94172739
   96    50    -0.56173482
   96   546     1.75544641
   96   293    -1.56342888
   96   566    -0.01783759
   96   269    -1.04882792
   96   734    -0.39118025
   96   605    -2.35402478
   96   251    -0.75481880
   96   210    -0.33484993
   96   525    -0.92966658
   97   813    -0.06018767
   97   478     1.22833106
   97   503     0.87749121
   97   122    -1.65424335
   97   570     2.02795696
   97   490    -0.36343770
   97   304    -0.27171772
   97     3    -0.58464457
   97   873     2.37565440
   97   762    -0.81638767
   98   747     0.84242258
   98   446     0.62188967
   98   761     2.19024026
   98   411    -0.75998457
   98   682     1.99955219
   98   629    -1.05691096
   98   158     0.08721431
   98   567    -0.70170214
   98   463    -2.04233644
   98   844     0.90194709
   99   714     1.39433364
   99   182     0.26975422
   99   804     0.70466536
   99   669     0.35802009
   99   856     0.84052103
   99   672     0.63932746
   99   412     1.16900071
   99   201     0.28135068
   99   707     0.06350163
   99   887     1.03425917
  100   546     1.61828788
  100   172     1.76293716
  100   350     0.42318332
  100   660    -0.60460928
  100   779     0.07745945
  100   362     1.03336121
  100   541     0.19822798
  100   739    -1.21857576
  100   842    -0.79391187
  100    95     0.94172739
  101    56     1.04404025
  101   637    -0.97815928
  101   963    -1.13040702
  101   323    -0.16701215
  101   394     0.67262538
  101   278     1.08266286
  101   224     0.61195039
  101   418    -0.11800404
  101   565     0.18551008
  101   623    -0.80862683
  102   138     0.17395942
  102   147    -0.28168555
  102   168     0.21823248
  102   971     0.75444832
  102   185    -0.86015104
  102   376     1.19755368
  102   812    -0.46990069
  102   777    -0.06765830
  102   293    -0.37366076
  102    51    -0.04588613
  103   270    -0.21168020
  103   450    -1.41494737
  103   714    -0.05212703
  103    36    -0.22413073
  103    59     1.01490473
  103   652    -0.98715369
  103   938     0.19414866
  103   350     1.24386175
  103   840    -0.21172695
  103   317     1.50896972
  104   407     1.35837122
  104   561    -1.89611651
  104   921    -1.15136851
  104   460     0.11106266
  104   454    -0.13943794
  104   807     2.11254477
  104   146    -0.65685155
  104   488     0.48788549
  104   433     0.54679741
  104   519    -1.19617044
  105   423     0.44452387
  105   904    -1.92196652
  105    88    -0.27481046
  105   243     0.49867407
  105   807    -0.40922417
  105   824    -0.25994510
  105   533    -1.61191030
  105   746     0.70983380
  105   499     0.58643622
  105   955     0.60695272
  106   647    -1.20352047
  106   989     0.53533011
  106   774    -1.49533012
  106    13    -0.28772146
  106   241    -0.41437374
  106    55    -1.48231604
  106   273     0.22131683
  106   669     0.75535324
  106   359    -0.54470264
  106   609     0.36880857
  107   110    -0.63551291
  107    71     0.03611193
  107   211    -2.04877288
  107   177    -0.07081444
  107   938    -1.08086296
  107   986    -0.32708614
  107   214    -1.54362960
  107   637     0.29533355
  107   868    -0.64405731
  107   410    -0.90314943
  108    93    -1.16004629
  108   432     1.34430278
  108   621    -1.53690993
  108   664    -1.04954743
  108   159    -1.25661061
  108    55     0.62035797
  108   717     0.00615687
  108   690    -1.48464292
  108   565     0.71157873
  108   969     0.42053465
  109   992    -0.90977177
  109   365    -2.26596085
  109   750     1.65771242
  109   936     0.47583063
  109   220    -0.22296763
  109    62     2.36018191
  109   516    -0.44747714
  109   687     1.10826103
  109   862     0.16430148
  109   832    -1.54580645
  110   107    -0.63551291
  110   465     1.56324447
  110   697     0.80278542
  110   469     1.95892440
  110   752    -0.58535928
  110   760     0.63146249
  110   687     0.31957136
  110   204     0.28872102
  110    50    -1.65136423
  110    79     0.32081072
  111   482     2.25953883
  111   138     0.99023885
  111   498    -1.06494924
  111   239     1.17990632
  111   813     0.91442569
  111    11     1.90902030
  111   232    -0.81732915
  111    78     0.42576776
  111    49     0.96536587
  111    90     0.31639611
  112   650    -0.42551914
  112   378     0.27498830
  112   852    -1.29456322
  112   316     1.12950461
  112   228     0.32311249
  112   148    -0.09312385
  112    12    -0.45580168
  112   500    -0.41545627
  112   823     0.37560048
  112   950    -1.56899358
  113   777     1.24883376
  113   605    -0.67839352
  113   284    -0.63728244
  113   320     0.20840604
  113   742    -1.57183802
  113   186    -0.01443161
  113   133     1.36376060
  113   642    -2.17936392
  113   438     1.20064806
  113   612    -0.91487626
  114    93    -0.88657108
  114    47    -1.19840506
  114    38    -0.28444608
  114   358    -0.61660466
  114   695    -0.81885534
  114   764    -0.74265226
  114   317     1.06351635
  114   866    -1.67104722
  114   926     0.18748703
  114    63     0.36218387
  115   663    -0.53305838
  115   796    -1.39177322
  115   129    -0.84010304
  115   245    -0.55297333
  115   457     0.02032381
  115   849    -0.67873388
  115   125     0.53541866
  115   894     1.56161112
  115   973    -0.11657292
  115   171    -1.60291763
  116   921    -1.59696908
  116   207     1.20565449
  116   403    -0.73030600
  116   144     0.46007043
  116   758    -1.59225414
  116   521     1.25832447
  116   594     0.97105589
  116   181    -0.97123916
  116    63     1.05796302
  116   191    -1.25789688
  117   321    -1.13896650
  117   856     1.81845087
  117    23     2.33917752
  117   721    -1.72507642
  117   928     0.64175507
  117   887     0.93855150
  117   378    -0.19797782
  117   225     1.46563891
  117   554     1.01900635
  117   778    -1.39332268
  118   186     0.99138712
  118   602     2.19339339
  118   440     0.42445230
  118   346     1.53527422
  118   787    -1.63642796
  118   539    -0.20555048
  118   883    -1.62352780
  118   616     0.53053155
  118   438    -0.39840244
  118   934    -0.25465206
  119   780     0.23837430
  119   482    -0.77704607
  119   857     0.16629193
  119   138    -1.50030147
  119   819     0.85342863
  119   847    -0.23701708
  119   673     0.10394524
  119   588    -0.99395161
  119   727     1.04487552
  119   671    -1.29410295
  120   859    -0.32680642
  120   697    -0.62956211
  120    66     0.80020120
  120   476     0.74869622
  120   583    -1.06361628
  120   366    -0.08419115
  120   221     0.59289010
  120   920     0.78965753
  120   200    -1.86170612
  120   958    -0.15807046
  121   531     1.43160033
  121   589     0.88347990
  121   362    -0.82057688
  121   583    -1.11880324
  121   603     1.03847442
  121   283     0.35984802
  121   801     1.63922553
  121     2     0.36859106
  121   201     0.01803669
  121   627     0.29258483
  122   924    -2.99718302
  122   394    -0.89580997
  122   904     0.77645688
  122   756     0.80994296
  122    97    -1.65424335
  122   321     0.66402025
  122   986     0.94316165
  122   800     1.26999833
  122    86    -0.00740717
  122    91     0.17162098
  123   318     1.25355917
  123   288    -0.76721750
  123   395     0.32501057
  123   360     0.04915235
  123   364     0.64725082
  123   983    -0.83141832
  123   920    -1.78048865
  123   956    -0.42078954
  123   282     2.03289393
  123   945     0.80770179
  124   289     0.20121761
  124   459     0.66221681
  124    77    -0.27196978
  124   986     0.37153442
  124   941    -0.39879229
  124   483    -0.52877358
  124   405     2.24237701
  124   975     2.83908379
  124   491    -0.52985915
  124   749     0.34764009
  125   722     0.66475232
  125   399     0.92443917
  125   494    -0.02543580
  125   640    -0.41259373
  125   115     0.53541866
  125    93    -0.89457132
  125   314     1.04490973
  125   927     2.65147947
  125   656    -0.56779495
  125   822    -1.09317525
  126   960    -1.22711529
  126   896    -0.15506247
  126    37    -0.18464340
  126   319    -2.01625339
  126    52     0.21524319
  126   626     0.49037866
  126   741     0.21853303
  126   333    -1.38603847
  126   976     0.23105697
  126   944    -1.13575482
  127   186    -0.49031937
  127   452     0.01298471
  127   809    -0.56013827
  127   902     0.34220476
  127   410    -0.96867129
  127   426     1.31794054
  127   364     0.62914149
  127   968     0.88633542
  127   348     0.81473370
  127   685     0.01512201
  128   771    -0.36288166
  128   245    -1.05609650
  128   834    -0.11827750
  128   622     1.63704658
  128   556     0.21271602
  128   940     2.46477923
  128   455    -1.27241876
  128   726     1.16950406
  128   627    -2.07916161
  128   734    -0.06688040
  129   238    -0.87522117
  129   139    -1.37150227
  129   441     0.02853046
  129   664     0.15711689
  129   221     1.20557211
  129   115    -0.84010304
  129   524    -1.34153946
  129   659    -0.32954596
  129   927    -1.75311200
  129   915     0.23358299
  130   462     0.84461488
  130   141     1.24973652
  130   922    -0.99260671
  130   951    -1.12745429
  130   653    -0.03235968
  130   742    -1.69833373
  130   610    -1.04316221
  130   494    -0.28583826
  130   175    -0.58427031
  130   876    -0.34634594
  131   975    -0.24262137
  131   338    -0.29210753
  131   373     0.15984655
  131   681     0.39094743
  131   430    -0.85059578
  131   792     0.12867544
  131    53    -0.19344835
  131   936     0.99569009
  131   658     1.12324224
  131   324     0.59340872
  132   311     0.52884964
  132   401     0.20166179
  132    32     0.78914690
  132   541    -0.75592957
  132   866    -1.41392641
  132    16    -0.41789086
  132   147    -1.08208002
  132   755    -1.37067412
  132   425    -0.25158122
  132   679    -1.75338131
  133   153     0.63594840
  133    64    -0.08758492
  133    25    -0.56563472
  133   907    -1.00781438
  133   860     0.53242989
  133   772    -0.31037565
  133   845    -0.76919827
  133   425     2.13003420
  133   113     1.36376060
  133   733     0.52954607
  134   844    -1.00960728
  134   972    -1.08884519
  134   420     0.72722997
  134   896     0.82811115
  134     0     0.43783418
  134   443     1.08208030
  134   205     0.91629234
  134   875    -0.93908317
  134   572     0.55859386
  134    54    -0.65754294
  135   878     0.60584357
  135   653    -1.61118061
  135   515    -0.13842910
  135   552    -1.33151556
  135   216    -1.59185070
  135    28    -0.84054147
  135   889    -0.40317176
  135   361     1.09218341
  135    82    -0.13883841
  135   263     0.40211844
  136    71    -0.94983245
  136    75     0.21995494
  136    10     0.42562848
  136   593     0.28803066
  136   850     0.38844560
  136   220    -1.47246980
  136   969     1.36555782
  136   543    -0.42510208
  136    86    -0.22049046
  136   186     0.33667839
  137   527     2.29041432
  137   633     1.43602478
  137   290     1.11911742
  137   383    -0.57004800
  137   550     0.69809010
  137   632    -0.15867221
  137    32     1.00552027
  137   516    -0.65565458
  137   751     1.09268204
  137   724     1.53687151
  138   111     0.99023885
  138   444    -0.89484774
  138   102     0.17395942
  138   706    -1.00874349
  138   119    -1.50030147
  138   732    -0.16026064
  138   797    -2.15130977
  138   226    -1.30193425
  138   558    -0.16436871
  138   884    -0.80850197
  139   629    -1.59135745
  139   129    -1.37150227
  139   618    -0.55262235
  139   141    -0.25664778
  139   276    -0.02668097
  139   224    -0.36414939
  139   678     0.80102531
  139     0     0.65167914
  139   792    -1.86805038
  139   450    -0.61680619
  140   192     0.75381549
  140   842     0.28948457
  140   687     0.89534856
  140   398    -0.45803401
  140   982     1.44417125
  140   291     0.99162277
  140   304    -1.16574617
  140   459    -2.32405067
  140   944     0.82308079
  140   822     0.78314323
  141   446    -1.00374437
  141   130     1.24973652
  141   139    -0.25664778
  141   691    -0.30998109
  141   521     1.38578168
  141   532    -0.06784874
  141   167     0.01993910
  141   710    -1.94988468
  141   945    -1.19744244
  141   310     0.35341429
  142   167     0.86126988
  142   341    -2.19017960
  142   320     0.35075889
  142   999    -1.78615583
  142   147    -0.52093592
  142   316    -0.51578074
  142   398    -0.03274537
  142   198     0.86826550
  142   642    -1.26965859
  142   825     0.22940359
  143   212    -0.22442474
  143   305     0.18439261
  143   905    -0.08728766
  143   367    -0.80498315
  143   861     0.90487031
  143   844    -0.00665253
  143   772    -0.64870805
  143   608     0.44146016
  143   384     0.82642568
  143   414     0.28098738
  144    85    -0.50964543
  144   934    -0.43753288
  144   754    -1.22492248
  144   986     0.50752558
  144   332    -1.03697084
  144   116     0.46007043
  144     5    -0.37376431
  144   832     0.18687465
  144   784    -1.82414968
  144   654    -0.17502017
  145   555     1.47317125
  145   185    -1.77477176
  145   356     1.57704325
  145   368     0.07855458
  145   468     1.07981535
  145   404    -0.09437763
  145   677     1.98877264
  145    95     0.17518264
  145   992    -0.00765191
  145   576     0.58973317
  146   517    -1.29800889
  146   865     0.45524448
  146   656    -0.42828580
  146   260     1.04937482
  146    73     0.41300727
  146   667    -0.28133461
  146   254     0.39209781
  146   717    -1.42934428
  146   104    -0.65685155
  146   925     0.39908788
  147   955     0.01667726
  147   142    -0.52093592
  147   524    -1.24706605
  147   102    -0.28168555
  147    77     1.17010947
  147   132    -1.08208002
  147   736     2.69036764
  147   440    -1.13577349
