#Random regular graph with connectivity C = 4
#Vertices:	Bonds:
#	1000		2000
    0    83    -0.52085934
    0   240    -0.28401754
    0   747     0.21630927
    0   268     0.75396401
    1   705    -0.87911248
    1   369    -0.02127872
    1   443    -0.58213277
    1   202     0.14503382
    2   348     0.71289674
    2   927    -0.11301860
    2   984    -1.06382630
    2   340    -1.13650446
    3   832     0.73315168
    3    42     1.34048807
    3   912    -0.69141191
    3   736    -1.15860890
    4   513     0.74968362
    4    65     0.38901795
    4   628    -0.29612798
    4   218    -1.39735745
    5   669     0.88496296
    5   986     0.16023012
    5   141    -1.48810569
    5    74    -0.34768759
    6   166     0.03098311
    6   316     0.75357328
    6   458    -0.34281423
    6   655    -0.21381698
    7   345    -1.05124517
    7   151     1.20732310
    7   843    -0.87723434
    7   961     1.29798893
    8    80    -0.87748600
    8   579     1.69158317
    8   229     1.29180994
    8   725     0.35144171
    9   849    -0.24226917
    9   946    -0.81674944
    9   183     0.88005857
    9   826     1.20196981
   10   374    -1.13155107
   10   308     0.59422514
   10   376     0.38184124
   10   547     1.03420761
   11   217    -0.27216086
   11   106    -0.65564092
   11   460    -0.62174319
   11   353     0.82744703
   12   158     0.45355422
   12   344     0.88184461
   12   926     0.91461151
   12   751    -0.86869312
   13   216     0.67342329
   13   160     0.80198200
   13   337     0.11389963
   13    73     1.24957437
   14   358    -2.35735582
   14   190     1.39306082
   14   277    -1.43614043
   14   790    -0.77684971
   15   168     1.24983197
   15   485    -0.65668658
   15   904    -0.90523634
   15    27    -0.30769205
   16   339    -1.19245431
   16   612     0.11876004
   16   150     0.18686870
   16   314     0.66776335
   17   488    -1.11762571
   17   786     1.51877668
   17   765    -0.72987643
   17   316     0.51992095
   18    33    -1.81081630
   18   102     0.56802379
   18   722    -0.56028960
   18   332    -1.42844829
   19   425    -0.19847552
   19   314    -0.86911856
   19   463    -2.09523203
   19    80    -0.03643782
   20   997     0.23399918
   20   414     0.90901578
   20   986    -0.61732351
   20   900     0.97322992
   21   471     0.04593967
   21   151    -0.17994739
   21   719     1.24714710
   21    85     0.10714321
   22   690     0.48727468
   22   603    -1.07797892
   22   726    -1.09360220
   22    52     2.38397461
   23   133     0.07117045
   23   774    -0.51794561
   23   811     1.81941253
   23   550    -1.56721130
   24    45    -0.21396284
   24   410     0.40542871
   24   547    -0.05226828
   24   564     2.54546052
   25   445    -0.43391981
   25    87     0.15268642
   25   173     0.41073089
   25   689    -1.77853704
   26   371     0.78312877
   26   180     1.20412137
   26   433     1.23896590
   26   769    -0.71574431
   27   915     1.35245569
   27   671    -0.02278638
   27   498    -0.50645028
   27    15    -0.30769205
   28   668    -1.58978001
   28   460    -0.99760211
   28   955    -0.62643521
   28   763    -0.66411397
   29   288    -0.99982251
   29   509    -1.20169018
   29   973    -1.47237533
   29   367    -1.19424931
   30   592    -0.11732284
   30   113    -0.02213172
   30   590     1.07675265
   30   954    -0.46645775
   31   296    -1.25299704
   31   944     0.56815213
   31   839     2.43938825
   31   352     3.04986802
   32   447    -1.63186595
   32   785    -2.05428121
   32   877     0.55744874
   32   170    -0.01960383
   33    18    -1.81081630
   33   470     0.80428562
   33   740     0.37010925
   33   844    -0.19859434
   34    44     0.22114381
   34   491     0.16650226
   34   323     0.49963375
   34   319     0.08444730
   35   700    -1.43544377
   35   132     0.77917457
   35   984     1.83244920
   35   758     0.44876494
   36   943     1.02041444
   36   601     0.47697717
   36   260    -0.17859397
   36   549     1.86610963
   37   890     1.21082248
   37   817     1.88355250
   37   185    -0.04267516
   37   165     0.19843788
   38   338    -0.49095261
   38   827     0.76135416
   38   104     0.45022405
   38   696    -0.01618804
   39    55     1.23414000
   39   870     0.06258075
   39   941     0.76131588
   39   591     0.07775949
   40   809    -1.06478767
   40   276    -2.21440043
   40   673     1.00595696
   40   610    -0.43896402
   41    53    -0.06666942
   41   341    -0.17095010
   41   896    -1.60320995
   41   131     0.28847977
   42   313     1.60252913
   42   555     1.42798729
   42     3     1.34048807
   42   680     1.11486338
   43    58     0.27173007
   43   240    -1.59899329
   43   819     1.07588541
   43   530     0.71215403
   44    34     0.22114381
   44   207     0.24583421
   44   540     0.39741315
   44   620     0.76823224
   45    24    -0.21396284
   45   104    -0.43276783
   45   983    -0.00843819
   45   120     1.37308809
   46    73    -0.52951228
   46    62     1.04121573
   46   732     0.50809017
   46   271     1.07591280
   47   153    -0.13803533
   47   848    -1.03331655
   47   395    -0.91078183
   47   711    -0.14009200
   48   311    -1.82826314
   48   449    -0.31092989
   48   817    -1.44199460
   48   358    -0.18568196
   49   394     0.89829091
   49   979     0.41939542
   49   185     0.20797000
   49   735     0.39042307
   50   798    -1.79656573
   50   480     0.98253426
   50   544    -1.17852269
   50   749    -1.05128528
   51   848    -1.11638885
   51   589     0.69985161
   51   161    -1.21666652
   51   626     1.63782418
   52   973    -0.39701547
   52   670    -0.16505976
   52   407    -0.42159390
   52    22     2.38397461
   53   342     0.77900463
   53    41    -0.06666942
   53   811     0.41941201
   53   673     1.28548977
   54   200     0.11135783
   54   342     0.07662076
   54   420     0.89233635
   54   526    -1.75686761
   55    39     1.23414000
   55   765    -0.46131659
   55   881    -1.57758564
   55   499    -0.51178558
   56   446    -0.20716039
   56   337    -1.04516240
   56   506    -0.27494514
   56   351    -0.65865793
   57   898    -0.73628503
   57   298     1.00867772
   57   451     0.39208599
   57    77    -0.65613536
   58    43     0.27173007
   58   966     0.76320400
   58   887     0.08947399
   58   491    -0.15505589
   59   204    -0.26187545
   59   188     0.14473538
   59   518     0.56838031
   59   181     0.44854299
   60   352    -0.80817229
   60   415     1.03528846
   60   830    -0.41549346
   60   653    -0.57186226
   61   529    -0.30174183
   61   686     0.31998458
   61   918    -2.55192232
   61   664    -0.05189053
   62   378     0.18702161
   62    46     1.04121573
   62   284    -0.79885807
   62    75     0.87747199
   63   715    -0.14681629
   63   244    -0.37488559
   63   852     0.50840685
   63   306     0.67721401
   64   842    -0.21790980
   64   969    -0.36813303
   64   955     0.54708458
   64   733    -0.68771993
   65     4     0.38901795
   65   361     2.01924076
   65   489     0.20464635
   65   641    -0.14504067
   66   228     0.63151552
   66   991    -0.06557487
   66    70    -0.20928687
   66   292    -1.64688838
   67   943    -1.81046762
   67   126     1.09990279
   67   176     0.34865207
   67   384     0.22816732
   68   934    -1.93200731
   68   616    -1.37779111
   68   316    -1.72750914
   68   941    -0.92741436
   69   709    -0.62674327
   69   891     1.16283044
   69    78    -1.10136868
   69   464    -0.95826400
   70   305    -0.30911990
   70   617     0.44925186
   70    98    -0.08247378
   70    66    -0.20928687
   71   630     0.49625049
   71   656     1.20331296
   71   958     1.06486399
   71   501     0.51185572
   72   335     0.29969079
   72   614    -1.88336291
   72   580    -1.03383199
   72   348    -0.54556862
   73   660     0.59018993
   73   763     0.61294179
   73    46    -0.52951228
   73    13     1.24957437
   74    75    -0.42427934
   74   155     0.23951895
   74   684    -1.81805840
   74     5    -0.34768759
   75    74    -0.42427934
   75   658    -0.82132420
   75   794     0.69333314
   75    62     0.87747199
   76   588    -1.89906771
   76   463    -0.52053789
   76   650    -0.15438633
   76   875     1.64887562
   77   979     1.47563343
   77    57    -0.65613536
   77   833    -0.15472834
   77   741     0.20012272
   78   928     0.98190426
   78   840    -0.89402446
   78    69    -1.10136868
   78   182    -0.29965567
   79   344     0.09910991
   79   370    -0.66176946
   79   532     0.61017686
   79   490     0.63525853
   80     8    -0.87748600
   80    19    -0.03643782
   80   131    -0.57015912
   80   995     1.87960350
   81   213     0.69257556
   81   118    -0.55104483
   81   250    -0.37721584
   81   781    -0.23355860
   82   836     2.15245901
   82   405    -0.32591982
   82   171     0.25212499
   82   821     0.27314545
   83     0    -0.52085934
   83   115    -0.30114412
   83   162    -0.47773080
   83   295    -0.30803743
   84    89    -1.58665786
   84   190     0.70049641
   84   793     1.22271087
   84   887     3.07739716
   85   700    -0.34273066
   85   691     0.01579032
   85   485     0.44067687
   85    21     0.10714321
   86   422    -0.06155809
   86   342     0.11375911
   86   250     1.89599587
   86   753     0.53364524
   87   560     0.67061943
   87   606     0.13868727
   87    25     0.15268642
   87   757    -0.61912608
   88   169     0.85622795
   88   269    -0.47570489
   88   607     0.58819228
   88   212    -1.00180017
   89    84    -1.58665786
   89   128    -0.97541950
   89   303     0.25854064
   89   173    -0.32799874
   90   516    -0.54885930
   90   285    -0.77215218
   90   203     0.91702292
   90   340    -1.05224756
   91   994    -0.40722064
   91   261     0.41241254
   91   248     2.12936801
   91   417    -1.20202109
   92   810    -0.91172321
   92   504     1.38260904
   92   870    -0.66179461
   92   325    -1.18258895
   93   437    -0.69937086
   93   187    -0.40440673
   93   178    -1.90693215
   93   641    -0.41981249
   94   548    -0.22946577
   94   747     0.06801093
   94   465    -0.68496809
   94   806    -0.37542885
   95   990    -0.71289976
   95   629     1.10417299
   95   364    -1.08130871
   95   366    -0.07358910
   96   616     0.76286646
   96   511    -0.14926565
   96   862     1.64053704
   96   622    -0.24589414
   97   282    -1.66864792
   97   710    -1.66221793
   97   701     0.84796828
   97   152     0.40309234
   98   917    -0.94014983
   98   381    -0.54484633
   98    70    -0.08247378
   98   210     0.68642654
   99   644     0.88800179
   99   457     1.42739819
   99   701     1.19458470
   99   587     1.20037565
  100   396     1.04029878
  100   304    -1.22088679
  100   649    -1.10165658
  100   781    -3.09723979
  101   627    -0.35947137
  101   252     0.65270858
  101   143     1.23560277
  101   770    -1.83461466
  102    18     0.56802379
  102   915    -0.57458802
  102   630    -1.74255564
  102   223     0.89052070
  103   566    -0.34793662
  103   458     1.59552249
  103   429    -0.34749846
  103   192     0.70277970
  104    38     0.45022405
  104   270     0.02921332
  104    45    -0.43276783
  104   180    -0.25391495
  105   886    -0.52702236
  105   833    -0.45741860
  105   386     2.07343126
  105   774     0.43340926
  106    11    -0.65564092
  106   768    -0.96648427
  106   393     1.48112367
  106   509     0.80615643
  107   449    -1.24762640
  107   800     0.49304290
  107   884     1.84703727
  107   114    -0.18401113
  108   910     0.19596679
  108   466    -0.07415738
  108   683    -2.01056982
  108   483    -0.66685946
  109   244     0.31288291
  109   584     2.13235411
  109   883     0.12740269
  109   196     0.78490763
  110   619     2.32404257
  110   762    -0.93346086
  110   201     0.15738722
  110   859     1.65229203
  111   505     0.17220570
  111   896     0.54635057
  111   154     0.15908650
  111   788     0.35146654
  112   125    -0.20118060
  112   232     0.83811499
  112   682    -2.52356098
  112   155    -0.00091261
  113   587     0.13205862
  113   856    -0.61461451
  113    30    -0.02213172
  113   372     1.26010483
  114   528    -0.12764919
  114   633    -0.06522131
  114   107    -0.18401113
  114   373     0.22771834
  115   156    -0.70891708
  115    83    -0.30114412
  115   528    -0.39045779
  115   635    -1.28179287
  116   130    -1.14645686
  116   346    -1.65319415
  116   683    -0.60953605
  116   213     0.44325460
  117   353     0.11966611
  117   595     0.40692084
  117   273     0.70843279
  117   986     1.88870196
  118   341     1.25783100
  118   156    -1.29547394
  118   720     0.40121815
  118    81    -0.55104483
  119   789    -0.75394214
  119   475    -0.28232567
  119   231     0.02059716
  119   380    -1.93916248
  120   356     0.13089328
  120   963    -1.47758163
  120    45     1.37308809
  120   609     0.25361358
  121   379    -0.23676298
  121   688     0.55964308
  121   773    -0.83751340
  121   131     1.16358132
  122   798    -0.68738947
  122   399     1.65940861
  122   545     0.68490580
  122   426     0.37851619
  123   760     1.09520583
  123   798     0.15624665
  123   803     0.82852674
  123   442    -1.68776551
  124   379    -2.17429411
  124   791    -1.01381805
  124   918     1.60651090
  124   878    -0.32239429
  125   112    -0.20118060
  125   375     0.88010183
  125   984     0.73493844
  125   846    -0.09415400
  126   972     0.29410186
  126   453     1.01470079
  126    67     1.09990279
  126   537     1.54717688
  127   823     0.55533069
  127   512    -0.10494555
  127   336    -0.53694282
  127   598    -0.07766888
  128    89    -0.97541950
  128   929    -0.81846505
  128   988    -0.42685230
  128   878    -1.96663935
  129   962     0.17799253
  129   227    -0.80842158
  129   802     0.82419096
  129   503     1.02919897
  130   552    -0.37411686
  130   116    -1.14645686
  130   354    -0.53811973
  130   182    -0.46336614
  131   776     1.21442290
  131    80    -0.57015912
  131   121     1.16358132
  131    41     0.28847977
  132   188     1.86503678
  132   539    -0.38932263
  132   845    -0.52432718
  132    35     0.77917457
  133   182    -0.88968597
  133    23     0.07117045
  133   405     0.40856953
  133   594     0.12617025
  134   412     1.70506442
  134   585     0.11881079
  134   559    -0.17075928
  134   608    -0.53963158
  135   244     1.82554291
  135   588    -0.60351345
  135   154     1.43673500
  135   462    -0.26754688
  136   643    -0.18079030
  136   645    -1.48835452
  136   843     0.20983243
  136   841     0.32709454
  137   827     1.28168773
  137   397    -1.55646511
  137   487    -0.88475448
  137   852    -0.13261605
  138   930    -0.11776976
  138   899    -1.78356028
  138   502     0.24326771
  138   859    -2.00712828
  139   441    -0.52080986
  139   659     1.53998813
  139   379     0.02701139
  139   975     0.69414793
  140   522    -1.10264447
  140   723    -0.44165973
  140   918     0.69834088
  140   604     1.92205941
  141     5    -1.48810569
  141   699    -1.37946397
  141   695    -0.39582902
  141   579    -1.87383637
  142   835     0.41116211
  142   736     0.50676869
  142   631     0.58561187
  142   866     0.16145389
  143   611    -0.58978217
  143   101     1.23560277
  143   957     0.79470444
  143   286    -0.57181618
  144   269     0.79799911
  144   187     1.28819353
  144   472    -0.93852027
  144   768    -0.99348671
  145   821     0.40534607
  145   249    -1.09531840
  145   236     0.72131378
  145   209     0.34432966
  146   527     0.20546730
  146   737    -0.17477328
  146   995    -0.41713043
  146   891     1.15407636
  147   280     0.11809962
  147   552    -0.70925385
  147   720     1.69845146
  147   215     0.80271006
  148   380     0.24250369
  148   297     0.43790676
  148   681    -0.41341099
  148   165    -0.20028512
  149   843    -0.61339444
  149   409    -0.67848314
  149   709     1.05009441
  149   535     0.13182635
  150   288     0.03403327
  150   553     0.28368820
  150    16     0.18686870
  150   757     0.53552725
  151     7     1.20732310
  151   174    -0.16155854
  151   746    -1.36343866
  151    21    -0.17994739
  152   508    -0.34077639
  152   738     0.05013381
  152   734     0.79900234
  152    97     0.40309234
  153    47    -0.13803533
  153   336    -0.93793215
  153   261     1.85995105
  153   411     0.40136763
  154   697    -2.15528720
  154   207     1.13070291
  154   135     1.43673500
  154   111     0.15908650
  155    74     0.23951895
  155   536     0.39003734
  155   875    -0.37724300
  155   112    -0.00091261
  156   115    -0.70891708
  156   476    -0.87801543
  156   118    -1.29547394
  156   822     0.34035869
  157   350     0.66872724
  157   610     1.12154975
  157   916    -0.85281593
  157   754    -0.23787725
  158   982    -0.77875526
  158   328    -0.76386251
  158    12     0.45355422
  158   993    -1.58296701
  159   294    -0.14146550
  159   808     1.21848521
  159   865     0.27603258
  159   867     1.17494382
  160   823    -0.64454264
  160    13     0.80198200
  160   540    -1.15176282
  160   301     0.37501296
  161   274     0.69467954
  161    51    -1.21666652
  161   731    -2.37017103
  161   914    -0.01732742
  162   928     0.36493229
  162   468     2.02221700
  162   813     0.49728895
  162    83    -0.47773080
  163   908     1.33786902
  163   436    -0.20825305
  163   340    -0.85086025
  163   984     1.63809852
  164   963     1.60419811
  164   625     1.63700199
  164   708    -0.71907294
  164   691     0.96182102
  165   926    -0.24893446
  165   943    -0.07131113
  165    37     0.19843788
  165   148    -0.20028512
  166     6     0.03098311
  166   653    -0.39076052
  166   884    -0.33347412
  166   210     0.09958517
  167   195     2.68532894
  167   778     0.94725685
  167   396    -0.22553496
  167   279    -0.39063119
  168    15     1.24983197
  168   496    -1.31760852
  168   571    -0.52147758
  168   283     1.48961119
  169    88     0.85622795
  169   656     1.09607707
  169   397    -0.54985828
  169   678     2.04868988
  170   620    -1.48406727
  170   435     0.04810267
  170   849    -1.01777871
  170    32    -0.01960383
  171   561     0.63314649
  171    82     0.25212499
  171   852     0.01385937
  171   455     1.00957941
  172   582    -1.85869133
  172   472     0.85201953
  172   855     0.08992764
  172   224    -0.19223185
  173    89    -0.32799874
  173    25     0.41073089
  173   860     0.98294891
  173   772     0.09067108
  174   151    -0.16155854
  174   669     0.50715725
  174   670     1.54894656
  174   881    -0.92951337
  175   761    -0.51719452
  175   816    -0.31575104
  175   265    -0.15818297
  175   869    -0.58429151
  176   778    -0.94865678
  176   824    -1.20150479
  176   421    -0.43878485
  176    67     0.34865207
  177   743     0.24101204
  177   511    -0.35532943
  177   961    -1.03413860
  177   519    -0.22420906
  178   517    -2.54710946
  178   240     0.90668138
  178   753    -0.46111662
  178    93    -1.90693215
  179   952     1.31566350
  179   748     1.24802063
  179   880    -1.28673964
  179   981     0.82673920
  180   415     1.84946677
  180    26     1.20412137
  180   104    -0.25391495
  180   444     0.15504116
  181   199    -1.42184348
  181   710     0.72554188
  181    59     0.44854299
  181   950     0.60323182
  182   133    -0.88968597
  182   794    -0.23039169
  182   130    -0.46336614
  182    78    -0.29965567
  183   797    -0.02429229
  183   346    -0.91727699
  183     9     0.88005857
  183   976     0.20750805
  184   714     0.26221109
  184   897     0.82273525
  184   641    -0.05350251
  184   236     0.89557711
  185    37    -0.04267516
  185   761    -0.47428654
  185   391    -0.25029617
  185    49     0.20797000
  186   305     0.87197584
  186   733    -0.73557449
  186   867    -0.64429833
  186   577     0.26630960
  187   144     1.28819353
  187   517     0.25496059
  187    93    -0.40440673
  187   372     0.16727168
  188   132     1.86503678
  188   322    -1.45237596
  188    59     0.14473538
  188   470     0.99603832
  189   318     0.33856516
  189   414     0.47347769
  189   262     0.96429055
  189   923    -0.14424184
  190    14     1.39306082
  190    84     0.70049641
  190   541    -0.32263971
  190   228     1.57788253
  191   339     0.93183459
  191   504    -0.87233394
  191   566     0.02198375
  191   899    -0.06870948
  192   834    -1.59316025
  192   373    -0.11558660
  192   103     0.70277970
  192   584     0.22442467
  193   392    -2.43611883
  193   908     0.25427626
  193   917    -0.01974669
  193   284     0.52256087
  194   481    -0.04793604
  194   625    -1.26339166
  194   294    -0.79990344
  194   405     1.15108949
  195   167     2.68532894
  195   992     0.30555854
  195   451    -0.27525937
  195   779     0.34668238
  196   810     0.50012925
  196   109     0.78490763
  196   894     0.31469567
  196   615     0.86670011
  197   856     0.64370683
  197   496     0.11975361
  197   874     1.26125594
  197   704    -0.33737550
  198   894     0.60578303
  198   538     1.05531593
  198   974    -0.41597362
  198   455     0.27243246
  199   181    -1.42184348
  199   877    -1.75153931
  199   930     0.14850091
  199   682    -1.45039066
  200    54     0.11135783
  200   921     0.36923538
  200   389     0.75024053
  200   980    -0.19844049
  201   110     0.15738722
  201   999     1.10491372
  201   326     0.90692471
  201   369     0.29978955
  202   288    -0.13404986
  202   647     0.32936086
  202     1     0.14503382
  202   309    -0.74477112
  203   872     0.68093940
  203   420     1.74852678
  203   300    -0.56605897
  203    90     0.91702292
  204   657     0.66244951
  204    59    -0.26187545
  204   812     0.57759428
  204   497    -0.22391412
  205   486     1.57147461
  205   253    -0.03356816
  205   475     0.92175592
  205   752    -1.39175742
  206   514     2.15741345
  206   460    -1.55683513
  206   919    -0.03660401
  206   569     0.58897953
  207    44     0.24583421
  207   154     1.13070291
  207   704     0.85430383
  207   266    -0.98461630
  208   698     1.93421667
  208   823     1.07887450
  208   802     0.64962616
  208   299    -1.05570648
  209   977     0.39506856
  209   276    -0.21585854
  209   145     0.34432966
  209   404     0.24442160
  210   730     1.10143594
  210    98     0.68642654
  210   477    -0.60004725
  210   166     0.09958517
  211   281     1.80454854
  211   956    -0.10846445
  211   687    -0.91155391
  211   424    -0.43938114
  212    88    -1.00180017
  212   511     0.45381950
  212   831     0.08784891
  212   866    -0.50834646
  213    81     0.69257556
  213   491    -1.08130103
  213   116     0.44325460
  213   955    -1.54740629
  214   383     0.62174867
  214   578    -0.85214887
  214   905    -0.75513770
  214   293     0.59793453
  215   757     0.57383382
  215   630    -0.03304483
  215   147     0.80271006
  215   780    -1.56971303
  216    13     0.67342329
  216   304    -1.16880876
  216   416     0.38635427
  216   441    -0.96128875
  217    11    -0.27216086
  217   898    -1.12444875
  217   773    -0.68951476
  217   854     0.90144323
  218   844    -0.43096045
  218   272    -0.16484587
  218   916     0.13738497
  218     4    -1.39735745
  219   877    -1.53314205
  219   660    -1.20028856
  219   285     0.90033001
  219   867    -3.01260211
  220   511     1.36316918
  220   649     0.43300939
  220   924    -0.77345524
  220   772    -2.80926755
  221   317     0.22587340
  221   892    -1.18003304
  221   347     1.51184728
  221   748     0.99878826
  222   675     0.48347973
  222   541    -0.00203870
  222   368    -0.32824265
  222   879     1.50809364
  223   299     0.76783319
  223   847    -1.32275982
  223   555     0.44262516
  223   102     0.89052070
  224   916     0.16824166
  224   357     0.55295976
  224   699    -0.63948991
  224   172    -0.19223185
  225   251     1.05816732
  225   865    -0.31702589
  225   705    -0.20713070
  225   586     2.82207702
  226   516     0.48923862
  226   655    -1.73304384
  226   963     0.59736842
  226   380     0.46377858
  227   129    -0.80842158
  227   629    -0.83524357
  227   946     1.24182782
  227   790     1.29219494
  228   578     1.82047775
  228    66     0.63151552
  228   911     0.54116938
  228   190     1.57788253
  229   978    -1.45104701
  229   285     1.03263789
  229   806     1.47608184
  229     8     1.29180994
  230   753    -0.49602821
  230   609     0.09207738
  230   471    -0.12872734
  230   235     0.03374425
  231   119     0.02059716
  231   975    -1.57687933
  231   936    -0.30434317
  231   913     2.18214723
  232   435    -0.04012187
  232   112     0.83811499
  232   612    -2.71936539
  232   933     0.40048869
  233   385    -0.57836568
  233   322    -0.58390612
  233   902    -0.97134225
  233   743     1.90650774
  234   911    -1.20747477
  234   499     0.81449831
  234   463     1.60808242
  234   485    -0.81313770
  235   313    -0.96879553
  235   844     0.00278534
  235   948     0.15296279
  235   230     0.03374425
  236   550     0.05534477
  236   145     0.72131378
  236   277    -0.13174917
  236   184     0.89557711
  237   515     2.41348038
  237   657    -0.10794607
  237   466     0.27609581
  237   359     0.49920144
  238   402    -0.61831748
  238   769    -0.32576894
  238   699    -2.59932825
  238   594    -2.49734666
  239   363     0.92731583
  239   995    -0.40612634
  239   370    -0.12433494
  239   663     3.27105457
  240    43    -1.59899329
  240     0    -0.28401754
  240   178     0.90668138
  240   464    -1.12800246
  241   631    -0.08060024
  241   309    -0.85111144
  241   749    -0.89891631
  241   557     0.70414458
  242   318    -0.50763281
  242   360    -0.13058126
  242   478     0.37732629
  242   770     0.03195967
  243   427    -0.80869176
  243   384    -0.97314705
  243   801     0.38817874
  243   597    -0.13433260
  244   135     1.82554291
  244   109     0.31288291
  244    63    -0.37488559
  244   991     0.57414460
  245   703    -0.75091276
  245   293     0.45903989
  245   669    -2.27160235
  245   857     0.80199752
  246   480    -0.27509874
  246   636     0.94173113
  246   432    -1.03386101
  246   596    -0.12192584
  247   269    -0.52290094
  247   486    -0.59594496
  247   527    -2.14770766
  247   698     2.27027875
  248   846    -0.81771999
  248    91     2.12936801
  248   728     0.41017126
  248   809     0.05138103
  249   343     0.43972209
  249   145    -1.09531840
  249   288     0.48523706
  249   382     0.63031994
  250   787     0.38867648
  250    81    -0.37721584
  250    86     1.89599587
  250   775     0.78562957
  251   474    -0.57624943
  251   225     1.05816732
  251   939    -0.14065468
  251   256    -0.44398517
  252   905    -0.99846663
  252   101     0.65270858
  252   359    -0.45523678
  252   766    -1.04461883
  253   365     1.10076566
  253   205    -0.03356816
  253   314     0.26932222
  253   758    -1.43089925
  254   507     0.89858117
  254   690     1.93525405
  254   459     0.60179143
  254   367    -0.35968615
  255   660    -0.00576654
  255   696     1.45589411
  255   703    -0.10334816
  255   764    -2.45677115
  256   337    -1.30962107
  256   839    -0.55518279
  256   251    -0.44398517
  256   479    -0.28424318
  257   914     0.05295637
  257   382    -0.30162051
  257   496     1.17743139
  257   727     1.17217905
  258   676    -0.37222111
  258   953     1.24867223
  258   658     0.39212812
  258   329    -1.04261308
  259   406    -0.31408981
  259   401     0.35632693
  259   339    -0.35154541
  259   514    -1.51710862
  260   658    -0.20026198
  260   707    -0.48173693
  260   997    -0.21536236
  260    36    -0.17859397
  261    91     0.41241254
  261   153     1.85995105
  261   673    -0.93875408
  261   469    -0.31546505
  262   472     0.90836013
  262   546    -0.99649629
  262   189     0.96429055
  262   569    -0.86697396
  263   368    -0.28239713
  263   557     0.90534859
  263   830    -0.33821382
  263   931     2.30424125
  264   990    -0.81054191
  264   675     0.19222914
  264   503    -1.48458200
  264   362     0.76738350
  265   459    -1.18240756
  265   534    -1.67742048
  265   919     0.07847933
  265   175    -0.15818297
  266   784    -0.47317854
  266   677    -0.36842612
  266   299     1.33147622
  266   207    -0.98461630
  267   437     0.71332506
  267   605     1.65195087
  267   570     1.34057914
  267   734    -1.28767620
  268   680    -0.00227042
  268   747     0.63796357
  268   638    -0.89392989
  268     0     0.75396401
  269    88    -0.47570489
  269   144     0.79799911
  269   247    -0.52290094
  269   573    -0.59162295
  270   327    -1.04671418
  270   817     1.12456824
  270   104     0.02921332
  270   607    -0.26032612
  271   546    -0.02924581
  271   343    -1.08580764
  271    46     1.07591280
  271   535    -1.08032642
  272   909    -0.24095760
  272   218    -0.16484587
  272   290     1.75023682
  272   579    -0.68852936
  273   441    -1.12753419
  273   357     0.22442961
  273   724     0.25525723
  273   117     0.70843279
  274   850     0.68381364
  274   161     0.69467954
  274   920    -1.38837639
  274   309     1.83976059
  275   745    -0.31335839
  275   886     0.50099115
  275   315    -0.03368143
  275   392    -1.21573383
  276   209    -0.21585854
  276    40    -2.21440043
  276   715    -0.17822696
  276   459    -0.55645598
  277   869    -0.13815115
  277    14    -1.43614043
  277   386    -0.03977117
  277   236    -0.13174917
  278   713     3.38636766
  278   815    -0.27167465
  278   893     1.45268438
  278   826    -0.38843656
  279   878     1.19982168
  279   432     0.09518676
  279   827     0.61915690
  279   167    -0.39063119
  280   147     0.11809962
  280   610    -0.61588263
  280   701    -0.48938489
  280   966     0.03536678
  281   211     1.80454854
  281   756    -1.30929967
  281   544     2.12236874
  281   880     0.51864234
  282   626    -0.66101074
  282    97    -1.66864792
  282   913     0.63717375
  282   681    -0.36663391
  283   547    -0.76495650
  283   492    -0.32659597
  283   168     1.48961119
  283   919    -0.49743592
  284   330    -0.22744924
  284    62    -0.79885807
  284   193     0.52256087
  284   421    -0.77012064
  285    90    -0.77215218
  285   229     1.03263789
  285   868    -0.15089464
  285   219     0.90033001
  286   566    -0.90614639
  286   741     1.01138198
  286   440    -0.72681400
  286   143    -0.57181618
  287   880     0.65142832
  287   472     0.10951066
  287   970    -0.35087554
  287   705    -0.09315555
  288   150     0.03403327
  288    29    -0.99982251
  288   202    -0.13404986
  288   249     0.48523706
  289   591     0.18624692
  289   629    -0.24873918
  289   649    -0.00081604
  289   365     1.73795406
  290   995    -1.07813475
  290   611    -0.09886421
  290   272     1.75023682
  290   645     1.30782666
  291   450     0.59576132
  291   794     0.38661323
  291   605     0.06023396
  291   608     0.52384675
  292   301    -0.49923855
  292   782    -0.69113324
  292   612     1.60220792
  292    66    -1.64688838
  293   245     0.45903989
  293   688    -1.73268233
  293   444     2.07213452
  293   214     0.59793453
  294   919    -0.38797112
  294   751    -1.17753636
  294   159    -0.14146550
  294   194    -0.79990344
  295   298    -0.71690766
  295   832    -0.72200999
  295   780    -0.35858964
  295    83    -0.30803743
  296   521     0.46940081
  296    31    -1.25299704
  296   599     0.36878174
  296   562     0.36521355
  297   148     0.43790676
  297   582     0.46392079
  297   329     0.32904115
  297   370     0.80386958
  298    57     1.00867772
  298   295    -0.71690766
  298   569     2.14873366
  298   696     0.58445907
  299   223     0.76783319
  299   398     2.53125693
  299   208    -1.05570648
  299   266     1.33147622
  300   568     0.41182721
  300   203    -0.56605897
  300   448    -0.35558914
  300   785    -0.31048784
  301   292    -0.49923855
  301   805     1.08411878
  301   160     0.37501296
  301   644     2.63399477
  302   347     0.54254455
  302   724    -0.12053566
  302   987    -0.36851726
  302   754    -1.42212567
  303    89     0.25854064
  303   518    -1.52869073
  303   752    -0.90290431
  303   904     0.58876839
  304   216    -1.16880876
  304   100    -1.22088679
  304   585    -0.03013641
  304   575     1.52801548
  305    70    -0.30911990
  305   396    -0.84512776
  305   186     0.87197584
  305   925    -0.25022869
  306   310     0.33875705
  306   728    -0.14325795
  306    63     0.67721401
  306   929     0.73500953
  307   311     0.48701924
  307   526    -1.13103399
  307   713     1.08190809
  307   543    -0.25727470
  308   627    -0.51965531
  308   375     0.18866939
  308    10     0.59422514
  308   823    -0.51398061
  309   241    -0.85111144
  309   464     1.22150698
  309   274     1.83976059
  309   202    -0.74477112
  310   402    -1.13242998
  310   674     0.03673893
  310   306     0.33875705
  310   876     0.88270093
  311   363     1.13331098
  311   307     0.48701924
  311   475     0.64639704
  311    48    -1.82826314
  312   729     1.15749927
  312   744     0.87549393
  312   643     2.69406280
  312   951     0.41464693
  313    42     1.60252913
  313   235    -0.96879553
  313   798    -0.84726319
  313   835     1.08852879
  314    19    -0.86911856
  314    16     0.66776335
  314   253     0.26932222
  314   348     0.59755626
  315   907    -0.45983564
  315   954     0.87366919
  315   275    -0.03368143
  315   940     1.04103763
  316   721    -0.37395265
  316     6     0.75357328
  316    68    -1.72750914
  316    17     0.51992095
  317   221     0.22587340
  317   926     0.00262657
  317   616    -0.72497329
  317   575    -0.06915712
  318   242    -0.50763281
  318   706     0.25724594
  318   189     0.33856516
  318   411     1.28417910
  319   366     0.10482933
  319   887     0.24081885
  319    34     0.08444730
  319   947     0.79766319
  320   534     0.76367347
  320   613     0.00909670
  320   750    -0.20850337
  320   957     0.04076473
  321   706    -1.10125022
  321   481     0.09547310
  321   858     0.63481713
  321   404     1.40316640
  322   233    -0.58390612
  322   188    -1.45237596
  322   553    -0.94305822
  322   671    -0.61950406
  323   913    -1.11477605
  323   549     1.39744907
  323    34     0.49963375
  323   484     0.33968994
  324   440    -2.13234678
  324   392     0.59089273
  324   397    -0.88210846
  324   484     0.84401881
  325   689    -1.94807733
  325   862     1.36776069
  325    92    -1.18258895
  325   869    -0.46685231
  326   676    -1.10100307
  326   201     0.90692471
  326   797    -2.12784428
  326   851    -0.21364068
  327   270    -1.04671418
  327   412     0.36557919
  327   446     1.06397956
  327   940    -0.51788524
  328   158    -0.76386251
  328   723    -0.69199721
  328   836     0.79782951
  328   897     1.14912549
  329   297     0.32904115
  329   258    -1.04261308
  329   340    -2.71762332
  329   574     0.85121303
  330   284    -0.22744924
  330   357     0.72978677
  330   766     0.29622969
  330   986    -0.80341451
  331   795    -0.72153503
  331   353     0.19250278
  331   393     0.42889231
  331   466    -2.26917143
  332   732    -0.78090804
  332   387     0.16728225
  332   854     1.50275182
  332    18    -1.42844829
  333   804    -0.15556288
  333   569    -1.20732442
  333   664    -2.01954794
  333   976    -1.50833297
  334   599     0.56331416
  334   771    -1.70124952
  334   577     1.27679565
  334   983    -0.48870789
  335    72     0.29969079
  335   539    -0.77488591
  335   952    -0.16792365
  335   781     0.29570702
  336   998     0.03899446
  336   153    -0.93793215
  336   127    -0.53694282
  336   416    -0.10856658
  337   256    -1.30962107
  337    56    -1.04516240
  337   396     0.23722336
  337    13     0.11389963
  338    38    -0.49095261
  338   480    -0.40382507
  338   495    -2.47599102
  338   959     0.48255641
  339    16    -1.19245431
  339   842     0.42141140
  339   259    -0.35154541
  339   191     0.93183459
  340   329    -2.71762332
  340   163    -0.85086025
  340    90    -1.05224756
  340     2    -1.13650446
  341   118     1.25783100
  341    41    -0.17095010
  341   617    -0.50028679
  341   694     2.00121352
  342    53     0.77900463
  342    54     0.07662076
  342    86     0.11375911
  342   377    -1.55125304
  343   271    -1.08580764
  343   249     0.43972209
  343   583     0.78796702
  343   970    -0.04979182
  344    79     0.09910991
  344   529     0.24641959
  344    12     0.88184461
  344   623    -0.53012611
  345     7    -1.05124517
  345   964     1.18282536
  345   845     0.86756142
  345   382    -0.10018355
  346   116    -1.65319415
  346   183    -0.91727699
  346   775     0.23558932
  346   354    -1.14371392
  347   302     0.54254455
  347   384    -0.66306083
  347   221     1.51184728
  347   535     1.24779921
  348   436    -1.21199746
  348    72    -0.54556862
  348     2     0.71289674
  348   314     0.59755626
  349   864     1.53555512
  349   766     0.47170202
  349   403     0.67472612
  349   991    -1.56378138
  350   824     0.04568673
  350   157     0.66872724
  350   462     0.38867055
  350   536    -1.51607701
  351   733    -0.87937383
  351   693    -0.09879157
  351    56    -0.65865793
  351   961    -1.92198417
  352    60    -0.80817229
  352   463    -0.87468797
  352   837     0.29309974
  352    31     3.04986802
  353   117     0.11966611
  353   331     0.19250278
  353   958     1.06793422
  353    11     0.82744703
  354   557    -0.07579025
  354   873     1.10070110
  354   130    -0.53811973
  354   346    -1.14371392
  355   967     1.11604869
  355   803     1.04375135
  355   361    -0.97033012
  355   600    -2.80881884
  356   366     1.52151061
  356   120     0.13089328
  356   433    -0.43441795
  356   638     1.49694032
  357   980     0.69551120
  357   273     0.22442961
  357   224     0.55295976
  357   330     0.72978677
  358    14    -2.35735582
  358   978    -1.15718459
  358   659    -1.58413164
  358    48    -0.18568196
  359   252    -0.45523678
  359   639    -1.52313529
  359   912     2.00873578
  359   237     0.49920144
  360   780    -0.04520950
  360   242    -0.13058126
  360   609     0.67591123
  360   976     0.08032860
  361    65     2.01924076
  361   355    -0.97033012
  361   684     0.43252752
  361   861     0.11082824
  362   605     0.90794438
  362   513     0.61647686
  362   915     0.63739437
  362   264     0.76738350
  363   311     1.13331098
  363   651    -0.36383035
  363   239     0.92731583
  363   779    -0.96360038
  364   690     0.18391983
  364   848    -0.64179550
  364    95    -1.08130871
  364   813     0.87116458
  365   253     1.10076566
  365   838     0.97002147
  365   505    -1.49043473
  365   289     1.73795406
  366   319     0.10482933
  366   356     1.52151061
  366    95    -0.07358910
  366   759     0.90114996
  367   640     0.32932953
  367   838     0.09020454
  367    29    -1.19424931
  367   254    -0.35968615
  368   263    -0.28239713
  368   453    -0.79603399
  368   876     0.12542361
  368   222    -0.32824265
  369   711    -0.35330761
  369   458    -1.90541621
