#Random regular graph with connectivity C = 4
#Vertices:	Bonds:
#	1000		2000
    0   407    -0.21042825
    0   225     0.37930777
    0    75     0.37648263
    0   176     0.99250790
    1   161     0.23048244
    1   593     0.50619293
    1   919     0.12824972
    1   548     0.22450494
    2    76    -1.16293740
    2   192     1.42770112
    2   607     1.34331157
    2   799    -0.67490191
    3   397    -2.09306424
    3   768    -0.19345502
    3   315    -0.60492219
    3   500     0.76469702
    4    28     0.01823273
    4   934    -1.68767712
    4   400    -1.55030914
    4   590     0.66666528
    5   336     1.96648055
    5   221    -0.10028345
    5    94     0.72183383
    5    83    -0.30301153
    6   933    -0.21535332
    6   537    -1.96962687
    6   481    -0.87553570
    6   551    -1.32801262
    7   497    -0.78374612
    7   586    -0.15605466
    7   858    -0.66162687
    7   663     0.21211220
    8   555     0.56259602
    8    59    -0.24387361
    8   258    -0.05034707
    8   906     0.69061684
    9   866     0.84563263
    9   324     0.33401923
    9   882    -1.35535650
    9   539     0.22433127
   10   723     0.39720669
   10   430     0.18482209
   10   994     0.84562412
   10   925     0.10398612
   11   548     0.82248598
   11   675     1.99097973
   11   767    -0.62757266
   11    58     1.36768318
   12   972    -0.92050805
   12   912    -1.13599266
   12   437    -0.81958627
   12   730    -1.53342199
   13   966    -1.66055517
   13   682    -0.25609424
   13   811     0.32291015
   13   467    -1.69523041
   14   126     0.39224622
   14   595     0.69005065
   14   661     0.44583883
   14   659     0.61865752
   15   272     0.02531674
   15   199     0.05465651
   15   128    -0.08815928
   15   414     0.86409504
   16   462     0.24754426
   16   962     0.36640466
   16   230     0.01177899
   16   473    -1.34729327
   17   302    -0.07296151
   17   347    -0.49882022
   17   787    -1.43573030
   17   493    -0.08221367
   18   758    -0.21702974
   18   983     0.46441808
   18    51     0.60858683
   18   895     1.69753730
   19   472     0.77147021
   19   768     1.80852672
   19   264     2.30180898
   19   845     0.40970876
   20   766    -0.17200776
   20   530     0.53642568
   20   740     0.98359380
   20   737    -0.58775471
   21    41     0.04372986
   21    56     0.37399566
   21   769     0.39697343
   21   295    -0.37561356
   22   294    -1.65396067
   22   111    -0.98694385
   22   331     0.63079021
   22   417     0.00271309
   23    33    -0.04341790
   23   102     1.24613641
   23   326    -0.86212580
   23   619    -1.04259206
   24   378    -0.37618966
   24   668     0.84729752
   24   302     1.32296369
   24   547    -1.30051289
   25   236     0.82097982
   25   700    -2.14887443
   25   993    -0.92413504
   25   797     1.38586201
   26   314     0.07948444
   26   710    -0.61516524
   26   183     0.17728564
   26   191     0.28203392
   27   746     1.56117314
   27   640    -2.39109262
   27   146     0.23781322
   27   848    -0.89637013
   28   480     1.16013762
   28     4     0.01823273
   28    55     0.23592714
   28   433    -0.86531841
   29   342     0.28115690
   29   388     1.23479479
   29   306     0.58225915
   29   447     1.63914595
   30   339    -0.01693176
   30   958     2.06167909
   30   502     2.85836520
   30   240     0.68803224
   31   851     0.90002262
   31   265     0.51769943
   31    32     1.93212843
   31   186    -0.99747411
   32   238    -0.13755224
   32    60     1.87847359
   32    31     1.93212843
   32   955     0.32272638
   33    23    -0.04341790
   33   566     2.14314693
   33   673    -1.05635270
   33   534     1.18064208
   34   740     1.05224829
   34   527    -0.69414591
   34   143    -0.67801009
   34   328     0.90896153
   35   318    -1.49029001
   35   647    -0.32455972
   35   757     0.64126894
   35    40     0.56794340
   36   239    -2.45638047
   36    43    -1.11089991
   36   851    -0.44447327
   36   546     0.10161011
   37   436     1.22206444
   37   250    -0.26429098
   37   518    -0.94149731
   37   711     1.52872828
   38   714     0.55662931
   38   365     0.23973514
   38   366    -2.12689625
   38   383    -0.55819230
   39   502    -0.46317517
   39   195     0.39048706
   39   923     0.70642246
   39   843     0.33433403
   40   205    -0.33787478
   40   426    -0.42721548
   40   606     1.43942315
   40    35     0.56794340
   41   248    -0.49563784
   41    21     0.04372986
   41   426     1.24283466
   41   431     2.14479628
   42    85    -0.30460048
   42   928     1.19716377
   42   122    -1.19851019
   42   853    -0.21514599
   43   609    -0.28233587
   43    36    -1.11089991
   43   276    -0.56457072
   43    68     0.84594049
   44   831     2.07982241
   44   765     1.59930437
   44   828    -0.78212657
   44   453     0.19336381
   45   208    -1.18876994
   45   496     0.63094543
   45   544     0.36402167
   45   405     1.02107476
   46   214    -0.58548668
   46   869    -1.85525776
   46   735    -1.07511329
   46   566     0.05551446
   47   979    -2.54424527
   47   606    -0.20434819
   47   900     0.68545167
   47   953     1.08194230
   48   241     1.17386633
   48   757    -1.45186133
   48   842     0.26707173
   48   548    -0.09432343
   49   110     1.26646053
   49   186     0.69796787
   49   531     0.32072546
   49   937    -0.41820683
   50   147    -0.01103710
   50   785    -0.72196888
   50   169     0.80489803
   50   699    -1.50203337
   51    74    -0.05027019
   51   255     0.66150129
   51    18     0.60858683
   51   475     0.27113863
   52   330     2.05930512
   52   646    -0.44617850
   52   349    -0.69364617
   52   221    -0.98130297
   53   250     1.74378864
   53   530    -0.95382437
   53   400    -0.44142238
   53   265    -1.48984954
   54   311    -1.16389611
   54   545    -0.37370109
   54   290     1.37607513
   54    84     2.17832796
   55   160     0.48530029
   55    28     0.23592714
   55   270     0.23048052
   55   371    -0.52150319
   56   188    -0.06249776
   56   554     1.01928350
   56    21     0.37399566
   56   908    -0.78875160
   57   990    -0.85035714
   57   613    -0.23289764
   57    95     0.15880368
   57   972    -0.81409784
   58   270     0.65679621
   58   975    -0.61261694
   58   516    -0.66758006
   58    11     1.36768318
   59   988    -1.42866651
   59     8    -0.24387361
   59   881    -0.27715845
   59   459     2.34216058
   60   821    -0.85533448
   60    32     1.87847359
   60   895     0.62649329
   60   630     2.64613010
   61   709    -0.38295285
   61   541     0.71764062
   61   293    -0.89150434
   61   976     0.81107567
   62   774     1.83723794
   62   314    -0.09288708
   62   257     1.21530359
   62   551    -1.35162709
   63   782     2.41272366
   63   342    -1.09863520
   63   673    -0.49773410
   63   263    -0.06266082
   64   448     0.22097758
   64   727    -0.26720399
   64   630    -0.67750040
   64   504    -0.86876597
   65   408    -0.27920034
   65   252     0.04151069
   65   889    -1.89448266
   65   724    -0.70489164
   66   764     0.28253477
   66   329    -0.74330719
   66   811    -0.83646037
   66   582     0.61882377
   67   460     1.27786476
   67   294    -0.97077770
   67   860     0.30610162
   67   507     0.38942282
   68   110     0.99369849
   68   149     0.84280277
   68    43     0.84594049
   68   567    -1.84562873
   69   166    -0.12180287
   69   886    -0.39076405
   69   588    -0.54383045
   69   360    -1.52270414
   70   189     0.14662417
   70   710    -0.16555127
   70   672     1.29224009
   70   854    -2.13130780
   71   405     0.91054856
   71   774    -0.32067966
   71   480     0.55758238
   71   758     1.69815757
   72   899     1.92201366
   72   904     1.04276042
   72    92    -0.32800765
   72   982    -0.08808050
   73   125    -2.46206716
   73   657    -0.81045809
   73   488     1.28188242
   73   656     0.63566170
   74    51    -0.05027019
   74   498     0.22216815
   74   360     2.07177899
   74   141    -2.12722545
   75   861    -0.43946604
   75     0     0.37648263
   75   698    -0.33593676
   75   235    -0.99421347
   76   376    -0.93508406
   76   630     0.53531199
   76   378    -0.31635085
   76     2    -1.16293740
   77   232     0.53864098
   77   950    -2.95291476
   77   176     0.84708984
   77   727    -0.73612132
   78   220    -0.88646293
   78   338     0.00085938
   78   769     0.15050843
   78   118     0.58112067
   79   650     0.97805195
   79   157     0.79201987
   79   984    -1.11491852
   79   472     0.26780026
   80   743     0.54144059
   80   888    -3.08095402
   80   425    -0.05499466
   80   519     0.11086254
   81   956     0.04878637
   81   588    -1.00461672
   81   649    -0.39491466
   81   268     1.41803479
   82   892    -0.30885746
   82   562    -0.36486540
   82   610    -0.93757948
   82   444     1.43419407
   83     5    -0.30301153
   83   677     0.63070705
   83   464     0.22561852
   83   542     0.95408875
   84   664     0.88954095
   84   859     0.91743501
   84    54     2.17832796
   84   326     0.56558680
   85    42    -0.30460048
   85    91    -0.02341425
   85   124     1.33004745
   85   343     0.09968993
   86   650    -1.27458324
   86   930     0.95164482
   86   995     0.37043829
   86   486    -0.44162303
   87   831     0.57394303
   87   327     0.63986176
   87   937     1.48564629
   87   126    -0.28207004
   88   246    -0.03852564
   88   144     2.42794714
   88   130    -0.34104547
   88   182     0.57410827
   89   212    -0.59720763
   89   642     0.10743020
   89   792    -0.11347536
   89   977    -0.65863674
   90   890     1.45112068
   90   152    -0.72776257
   90   810    -0.62258005
   90   980     0.29081204
   91   914     0.16256399
   91   792     0.08837248
   91    85    -0.02341425
   91   466     0.82531641
   92   132    -0.97485409
   92   288     1.45861320
   92    72    -0.32800765
   92   186     0.08075240
   93   415     1.43031856
   93   662     0.88540083
   93   838    -0.99643789
   93   101     0.39901574
   94    96    -3.11096419
   94   841     0.38420454
   94   412     1.07189476
   94     5     0.72183383
   95   552     0.57531347
   95    57     0.15880368
   95   720     1.15475059
   95   291    -0.36303727
   96    94    -3.11096419
   96   305     1.73304440
   96   641     0.28957419
   96   967    -0.26529806
   97   540     0.20030086
   97   261     0.21786977
   97   490     0.12476584
   97   617     1.50557964
   98   512    -1.25946237
   98   170    -0.50630948
   98   307    -1.40607566
   98   620    -0.32425383
   99   966    -0.04892375
   99   602     1.27615374
   99   727    -0.02658622
   99   480    -0.35181049
  100   149    -0.20230414
  100   164    -1.60478411
  100   934     0.17076765
  100   765    -1.12924511
  101   910     1.01645124
  101   324    -0.96617829
  101   763     0.39560818
  101    93     0.39901574
  102   975     0.47060343
  102    23     1.24613641
  102   407     1.15103202
  102   341    -0.68399005
  103   622    -0.60848658
  103   198     0.55991328
  103   596    -0.63340894
  103   632    -0.56260559
  104   535    -1.11196695
  104   352    -0.16710501
  104   112     1.07030117
  104   374     2.62847746
  105   510    -0.65252379
  105   129    -1.14497931
  105   133     0.53752874
  105   259     1.30093735
  106   708     1.23592478
  106   692    -1.17745185
  106   935    -0.51918717
  106   571    -0.67362528
  107   497    -0.75458252
  107   278    -1.09469729
  107   282     0.37300908
  107   970     0.69757174
  108   728     0.41103065
  108   941    -2.65874899
  108   304    -0.32760257
  108   776    -0.35639848
  109   225     0.32557174
  109   547    -2.62450012
  109   941    -0.79696575
  109   732    -1.30237661
  110    49     1.26646053
  110    68     0.99369849
  110   345    -0.16942550
  110   380    -0.82506845
  111   294    -0.73200828
  111    22    -0.98694385
  111   926     0.47395137
  111   223     0.34123726
  112   174    -0.11467260
  112   104     1.07030117
  112   559     1.77909324
  112   442    -0.85391555
  113   422    -0.24539580
  113   312     0.58667343
  113   469    -0.16375505
  113   210    -1.09942587
  114   560    -0.20044416
  114   985     0.39401119
  114   767    -1.37668637
  114   598     0.38612792
  115   215    -1.01464922
  115   530    -0.13647531
  115   639    -0.99941204
  115   801    -1.22527271
  116   384    -0.77369564
  116   484    -0.59950953
  116   663     0.84084606
  116   894    -0.46807648
  117   381     0.15142144
  117   323     0.15305371
  117   853    -0.96220875
  117   164     1.63640610
  118   438     0.49000723
  118   252     0.23110644
  118   557    -1.40776246
  118    78     0.58112067
  119   139     1.29361018
  119   450    -0.99257107
  119   435     0.67165034
  119   151    -0.82053899
  120   530     0.67435234
  120   665     1.00980588
  120   678     0.27208413
  120   495     0.24844523
  121   687     0.69567202
  121   695     0.27541566
  121   312     1.58729895
  121   833    -0.72929969
  122   552     0.28072719
  122   963    -0.77961620
  122    42    -1.19851019
  122   378     0.43195071
  123   292    -3.00361353
  123   643    -0.00155545
  123   873     0.17578316
  123   232    -1.22335352
  124   505     0.00760936
  124   371    -0.50628574
  124   170    -0.58009599
  124    85     1.33004745
  125    73    -2.46206716
  125   163     0.75582286
  125   543    -0.49498951
  125   818     0.64027774
  126    14     0.39224622
  126   690     1.51745473
  126   663     0.12897548
  126    87    -0.28207004
  127   723     0.63141272
  127   227     0.31863829
  127   989    -1.73446771
  127   251     0.46036215
  128    15    -0.08815928
  128   855     0.19002708
  128   403     0.50258458
  128   532    -0.32647422
  129   105    -1.14497931
  129   525    -0.71491455
  129   550     0.23128524
  129   733     0.97051255
  130   862    -0.36124420
  130   795     0.68677216
  130   905     1.13793953
  130    88    -0.34104547
  131   149     1.35175616
  131   304    -0.14607635
  131   451    -0.93332964
  131   763     1.44317403
  132   928    -0.39417976
  132    92    -0.97485409
  132   366     3.18083607
  132   931     0.50993177
  133   396    -0.61528411
  133   655    -0.44760283
  133   105     0.53752874
  133   449    -1.09756181
  134   377    -0.59340603
  134   415     0.97507990
  134   474    -0.15773366
  134   162    -0.78987089
  135   786    -0.75796235
  135   441     0.17015516
  135   432    -0.54421910
  135   451     0.30741593
  136   223    -0.20514162
  136   899     0.17340088
  136   298     0.44317405
  136   838     1.58974162
  137   374     1.62851544
  137   640    -0.43519865
  137   334    -0.04568680
  137   729     1.44486654
  138   759    -0.40515853
  138   958    -0.05714163
  138   848     0.28663251
  138   169    -1.01338185
  139   119     1.29361018
  139   883    -0.48140937
  139   436    -0.04605155
  139   442    -1.07533642
  140   636     0.66432594
  140   622     0.51647890
  140   803    -0.55967453
  140   594    -0.58510645
  141   464     1.21206101
  141   442     2.27802607
  141   944    -0.23374610
  141    74    -2.12722545
  142   272     0.74227030
  142   224     0.69052350
  142   684    -0.01785882
  142   734     0.90421598
  143   930     0.15185582
  143   666    -0.13186471
  143    34    -0.67801009
  143   607     0.61413147
  144   558     0.40742494
  144   595    -0.95583419
  144    88     2.42794714
  144   689    -1.90423753
  145   496     0.31532165
  145   559     0.61605199
  145   377    -0.37977669
  145   447    -0.64621701
  146   324     0.37288344
  146   264    -0.35815103
  146   953    -0.54281047
  146    27     0.23781322
  147   337    -1.55350066
  147    50    -0.01103710
  147   579     1.70820227
  147   818    -1.13331027
  148   239     0.62981450
  148   981     0.14025303
  148   709    -0.83760373
  148   351    -0.40486913
  149   131     1.35175616
  149   873    -2.70415642
  149   100    -0.20230414
  149    68     0.84280277
  150   477     1.36970583
  150   473    -1.33224168
  150   252     0.61366024
  150   579     0.23253903
  151   693     0.07799385
  151   119    -0.82053899
  151   206     0.15893990
  151   716    -0.27962955
  152    90    -0.72776257
  152   394    -1.06688386
  152   978     1.23351912
  152   983    -0.14250243
  153   702     1.19846425
  153   613    -1.49495815
  153   923     0.76223858
  153   339    -0.06968641
  154   984     1.07669636
  154   176     0.30208890
  154   492    -1.11864809
  154   381     2.06628193
  155   507     0.98759976
  155   513     1.38092703
  155   614     0.22627260
  155   477     0.98530492
  156   269     0.48836177
  156   471    -0.78832720
  156   408    -1.29471476
  156   790     1.41927148
  157   751     0.66053094
  157   733    -0.39021737
  157   995     0.77917288
  157    79     0.79201987
  158   730    -0.31403128
  158   260    -0.29591504
  158   335    -0.48827496
  158   771     0.00953132
  159   168    -0.20934887
  159   576     0.17025219
  159   570     0.20256886
  159   829    -0.96481366
  160    55     0.48530029
  160   890    -0.90020869
  160   217     1.55459726
  160   551    -0.96029978
  161   713    -0.36895920
  161   451     0.99631682
  161     1     0.23048244
  161   318     0.66463164
  162   298    -2.03180397
  162   452     1.64665236
  162   913    -1.55868845
  162   134    -0.78987089
  163   705     1.67705753
  163   125     0.75582286
  163   656    -1.42698974
  163   820    -0.12219117
  164   100    -1.60478411
  164   513     1.05836079
  164   368    -0.15336990
  164   117     1.63640610
  165   444    -0.10885433
  165   347    -2.23143653
  165   796    -0.90085168
  165   856     0.14479929
  166    69    -0.12180287
  166   880     0.44065143
  166   563    -1.19234738
  166   745     0.97415969
  167   263     0.08010922
  167   403     0.36978436
  167   290     0.62782996
  167   492    -0.65491075
  168   350     0.56827155
  168   159    -0.20934887
  168   305     1.12535105
  168   726    -0.11982473
  169   703    -1.44240197
  169    50     0.80489803
  169   138    -1.01338185
  169   924    -0.99117161
  170   390    -0.58517483
  170    98    -0.50630948
  170   425     1.18169309
  170   124    -0.58009599
  171   501     0.36734067
  171   993     0.71410023
  171   355     0.01649702
  171   853    -1.16560480
  172   537    -0.35520901
  172   216    -2.50466355
  172   655    -0.44520241
  172   308    -0.74786012
  173   848     1.34367801
  173   359     0.92541511
  173   869     0.51097578
  173   665    -0.21133305
  174   610    -0.20006182
  174   112    -0.11467260
  174   741    -0.99061712
  174   201    -0.04739115
  175   259    -1.42503094
  175   770     0.06339733
  175   623    -1.15326616
  175   312     1.89349932
  176    77     0.84708984
  176   154     0.30208890
  176     0     0.99250790
  176   237    -1.11531877
  177   705     0.10565125
  177   436     0.96614528
  177   188     0.43351374
  177   183    -0.70869910
  178   517    -0.55987844
  178   634     1.64812463
  178   370     0.48066581
  178   506    -0.10892660
  179   198     1.06789798
  179   759     0.08756953
  179   394    -1.07563173
  179   606     1.29467129
  180   754    -0.56753323
  180   232    -1.01687401
  180   721     0.91350755
  180   556    -0.04205870
  181   798     1.72515452
  181   278    -1.35603955
  181   561     0.03970148
  181   412     1.14450281
  182   416     0.22378193
  182   670    -1.33865990
  182   358    -0.22079556
  182    88     0.57410827
  183   253    -0.72101301
  183   395    -0.04839062
  183    26     0.17728564
  183   177    -0.70869910
  184   938    -0.64582570
  184   474     0.45457376
  184   760    -1.94949301
  184   316     0.31826894
  185   306     0.18407192
  185   291     0.69293808
  185   807     0.52828144
  185   804     0.19440188
  186   939     1.81284990
  186    49     0.69796787
  186    92     0.08075240
  186    31    -0.99747411
  187   213     0.24241703
  187   249     0.83884987
  187   950     0.11632400
  187   857     0.60365089
  188   425    -2.14991371
  188    56    -0.06249776
  188   205     0.41740785
  188   177     0.43351374
  189   486     1.98172606
  189   495    -0.24563569
  189   806    -0.11699636
  189    70     0.14662417
  190   967    -0.69149559
  190   526     1.36834211
  190   701    -0.27957921
  190   903    -0.39525212
  191   222    -0.16694837
  191   744     0.05596902
  191    26     0.28203392
  191   611    -0.47063743
  192   648    -1.02012669
  192   954     0.14359962
  192     2     1.42770112
  192   223    -2.14008288
  193   677     1.28349885
  193   601     0.92034023
  193   319    -0.61303876
  193   627     1.50197295
  194   504    -0.83348922
  194   688     0.28390377
  194   633     0.80198331
  194   708    -0.73938186
  195   254    -1.23770262
  195    39     0.39048706
  195   470    -1.30712717
  195   746     0.32087432
  196   285     1.54496175
  196   712     1.85306231
  196   470    -0.84612011
  196   834     0.20496849
  197   577     1.13849361
  197   516     0.26535193
  197   286    -1.22356712
  197   861    -2.48461702
  198   179     1.06789798
  198   279     0.74751200
  198   520    -1.26539867
  198   103     0.55991328
  199   898     0.17974178
  199   483    -0.30283889
  199    15     0.05465651
  199   766     0.65675887
  200   603     0.42818632
  200   477    -1.75708191
  200   226     0.93160185
  200   741     0.13863656
  201   571    -0.69291003
  201   577     0.53089842
  201   449    -0.36662137
  201   174    -0.04739115
  202   621     0.51887137
  202   529     1.10027392
  202   890     0.24081332
  202   651     0.80509780
  203   644    -0.33825254
  203   852    -0.72619382
  203   277    -1.72001691
  203   459    -1.27367887
  204   859    -0.19823976
  204   699     1.07134416
  204   837    -2.18373042
  204   487     0.46904629
  205    40    -0.33787478
  205   325     1.09644663
  205   188     0.41740785
  205   816    -0.27837322
  206   333     0.84562601
  206   985    -0.06838983
  206   791     0.00707904
  206   151     0.15893990
  207   414     0.34924825
  207   299    -1.12626878
  207   268    -0.48902664
  207   413     2.13790563
  208    45    -1.18876994
  208   328     1.39358784
  208   271    -0.46888108
  208   907     0.97452828
  209   458     1.45238942
  209   364    -1.03620819
  209   527    -1.76850626
  209   761     0.48978916
  210   812     0.95373840
  210   389     1.30446498
  210   380    -1.16109578
  210   113    -1.09942587
  211   776     0.28128587
  211   979    -0.26644173
  211   483     0.60164874
  211   877    -1.80053404
  212    89    -0.59720763
  212   261     0.20801378
  212   584     1.01856492
  212   616    -1.77227953
  213   187     0.24241703
  213   274    -0.18721306
  213   732     2.22419070
  213   228    -1.00978524
  214   835     1.06079456
  214   739    -0.36359709
  214    46    -0.58548668
  214   871    -0.83160587
  215   115    -1.01464922
  215   962    -1.35332001
  215   234    -0.14406076
  215   951     0.49914232
  216   954    -0.28333934
  216   898     0.29278640
  216   443    -0.14089436
  216   172    -2.50466355
  217   706     0.13069401
  217   300    -0.09645067
  217   228    -0.89836003
  217   160     1.55459726
  218   275    -2.41683867
  218   846     1.56803069
  218   694    -0.73658534
  218   659    -1.34529457
  219   591     0.33908783
  219   921     0.48576883
  219   503     1.58878968
  219   535     0.18210104
  220    78    -0.88646293
  220   491     0.81129080
  220   717     1.06717704
  220   726    -0.72872861
  221   737     0.00498667
  221   940    -0.21812456
  221     5    -0.10028345
  221    52    -0.98130297
  222   807    -1.25332972
  222   952    -0.45395538
  222   191    -0.16694837
  222   691    -2.10709216
  223   136    -0.20514162
  223   922     0.49099623
  223   192    -2.14008288
  223   111     0.34123726
  224   142     0.69052350
  224   884     0.18558920
  224   917    -0.10629265
  224   909     0.37622680
  225   109     0.32557174
  225     0     0.37930777
  225   305     0.34637919
  225   812     0.84436247
  226   410     0.14070536
  226   430     2.41283466
  226   200     0.93160185
  226   924     0.99458953
  227   127     0.31863829
  227   689     0.10939245
  227   955     0.44482785
  227   874    -0.52861210
  228   515    -1.13362635
  228   217    -0.89836003
  228   387     0.66888228
  228   213    -1.00978524
  229   502    -0.23367537
  229   695     1.66654257
  229   821     0.26714125
  229   844    -2.05495237
  230   957     0.21550784
  230    16     0.01177899
  230   924    -1.72179895
  230   372    -2.06977010
  231   544     0.36558148
  231   826    -0.34400030
  231   612     0.24510349
  231   499    -0.76361986
  232    77     0.53864098
  232   180    -1.01687401
  232   123    -1.22335352
  232   846    -0.02879418
  233   760    -0.20052983
  233   604     0.16030732
  233   415     0.59424395
  233   974    -0.76831779
  234   391     0.87467600
  234   676    -1.34907307
  234   215    -0.14406076
  234   459    -1.76435057
  235   568     0.60823877
  235    75    -0.99421347
  235   465     1.71927870
  235   342     0.08978989
  236    25     0.82097982
  236   681    -0.42993216
  236   520     0.61919535
  236   256    -0.31203824
  237   326     0.82004239
  237   271    -0.90004296
  237   777    -2.21363116
  237   176    -1.11531877
  238    32    -0.13755224
  238   928    -0.81885022
  238   373    -1.24290199
  238   314     0.34759913
  239    36    -2.45638047
  239   351     0.38184387
  239   253     0.82114342
  239   148     0.62981450
  240   973    -0.00499373
  240   707     0.67503240
  240   920    -0.54772449
  240    30     0.68803224
  241   632     0.41674356
  241   357    -0.42587195
  241    48     1.17386633
  241   999     0.60756255
  242   999    -1.17750306
  242   396     2.25178755
  242   694     0.17408811
  242   789    -0.12059280
  243   373     0.47459907
  243   545     0.54564190
  243   532    -0.14717067
  243   796     0.05044474
  244   348    -0.31088145
  244   984     0.23773455
  244   720     0.51662586
  244   332     1.30570134
  245   319     0.64922087
  245   466     0.08814298
  245   436    -0.30057409
  245   561    -0.54537034
  246   842     0.40154636
  246    88    -0.03852564
  246   829    -0.32201146
  246   614    -0.70663154
  247   560    -1.13126067
  247   259    -0.11982383
  247   897    -1.27474871
  247   604     0.33100348
  248    41    -0.49563784
  248   858     0.79508832
  248   887    -0.28057273
  248   992    -0.98872976
  249   187     0.83884987
  249   731    -0.84171687
  249   350    -1.77474544
  249   506    -1.13043317
  250   363    -0.07318515
  250   505    -0.10130710
  250    37    -0.26429098
  250    53     1.74378864
  251   260    -0.46931001
  251   387    -0.16802925
  251   973     0.63758288
  251   127     0.46036215
  252   150     0.61366024
  252   118     0.23110644
  252   384     1.06197481
  252    65     0.04151069
  253   276    -0.60795173
  253   183    -0.72101301
  253   239     0.82114342
  253   901    -0.50970679
  254   835     0.38864110
  254   487    -0.12159149
  254   195    -1.23770262
  254   576    -0.74540399
  255   291    -1.17758279
  255    51     0.66150129
  255   653     0.95833194
  255   353    -2.25663721
  256   236    -0.31203824
  256   423     1.17101282
  256   758     0.68154668
  256   968     0.74839014
  257   647    -0.57799831
  257    62     1.21530359
  257   951     0.87520424
  257   488     0.47435478
  258     8    -0.05034707
  258   389     0.94862392
  258   396     0.82787349
  258   687    -0.70148155
  259   247    -0.11982383
  259   175    -1.42503094
  259   105     1.30093735
  259   688     0.78866009
  260   251    -0.46931001
  260   581    -0.59997679
  260   158    -0.29591504
  260   608     0.46533609
  261   212     0.20801378
  261   428    -0.36996176
  261    97     0.21786977
  261   531    -0.35253584
  262   333     0.21516534
  262   485    -1.28420447
  262   500    -0.08113369
  262   401     0.02264148
  263   167     0.08010922
  263   444     0.71550821
  263   487     1.06158617
  263    63    -0.06266082
  264   374     0.72269597
  264   146    -0.35815103
  264    19     2.30180898
  264   356     0.67196385
  265    31     0.51769943
  265   907    -0.97737979
  265    53    -1.48984954
  265   275     1.46599603
  266   433    -0.80977090
  266   990     0.49621766
  266   316     2.00289777
  266   344    -0.89488125
  267   569    -0.24453238
  267   418     0.61170716
  267   737    -0.44762950
  267   801    -1.63702378
  268   400    -0.54495616
  268    81     1.41803479
  268   914    -0.63186438
  268   207    -0.48902664
  269   482     0.35735173
  269   156     0.48836177
  269   772    -1.97973097
  269   714    -1.22463251
  270   485    -0.56956420
  270    58     0.65679621
  270   674     0.99150527
  270    55     0.23048052
  271   338    -1.73446835
  271   208    -0.46888108
  271   237    -0.90004296
  271   341    -0.37905919
  272   492    -0.38596259
  272   142     0.74227030
  272    15     0.02531674
  272   904    -0.66596226
  273   573     1.22594996
  273   512     0.38216776
  273   925    -0.06825669
  273   659    -0.81474263
  274   213    -0.18721306
  274   724     1.49518083
  274   827    -1.22160973
  274   568    -0.65323141
  275   934     0.14355041
  275   218    -2.41683867
  275   354    -1.27431653
  275   265     1.46599603
  276   253    -0.60795173
  276    43    -0.56457072
  276   682     0.37999799
  276   353     0.93367203
  277   996    -1.07586380
  277   839     0.63792462
  277   860    -0.71964877
  277   203    -1.72001691
  278   888     2.46505950
  278   107    -1.09469729
  278   181    -1.35603955
  278   511     0.35993459
  279   395     0.27912840
  279   198     0.74751200
  279   321    -0.91405657
  279   866     0.72288687
  280   731    -0.77457421
  280   841    -1.70799319
  280   628     0.73129314
  280   748     1.04496876
  281   803    -0.53561193
  281   282    -0.71287951
  281   772    -2.49302504
  281   409     0.18672003
  282   107     0.37300908
  282   281    -0.71287951
  282   410     0.10486226
  282   981     0.26296987
  283   529    -0.94837815
  283   703     1.45463562
  283   766    -1.35387714
  283   971     0.60049044
  284   384    -1.13765274
  284   421    -0.87301026
  284   545    -0.02485710
  284   992     1.59609017
  285   196     1.54496175
  285   646     0.38391501
  285   621    -0.16359560
  285   465     0.12291060
  286   197    -1.22356712
  286   354    -2.36130405
  286   719     1.93870651
  286   749     0.28622089
  287   573     1.50185059
  287   650     1.44938284
  287   526     1.08151239
  287   539    -1.21345459
  288    92     1.45861320
  288   860    -1.10266606
  288   894     0.53456599
  288   905     1.74088620
  289   479    -1.29702166
  289   355    -0.22326626
  289   484    -1.76440554
  289   458    -0.28450748
  290   596     1.65931172
  290   167     0.62782996
  290   814     0.07265251
  290    54     1.37607513
  291   728     1.09557112
  291   255    -1.17758279
  291   185     0.69293808
  291    95    -0.36303727
  292   616     0.95784568
  292   123    -3.00361353
  292   969    -0.03638120
  292   434    -1.51890791
  293   645    -0.76270140
  293   964     0.22750187
  293    61    -0.89150434
  293   913     2.15937207
  294   111    -0.73200828
  294    22    -1.65396067
  294    67    -0.97077770
  294   730    -0.40201853
  295   368     1.24799101
  295   752     0.77155769
  295    21    -0.37561356
  295   692    -1.30608686
  296   588    -0.29283005
  296   605    -0.72569779
  296   987    -1.10609355
  296   635    -0.34509498
  297   676    -1.22203880
  297   393     0.98778300
  297   563     0.80682479
  297   946    -1.75039616
  298   162    -2.03180397
  298   523     0.62338577
  298   136     0.44317405
  298   446     0.19737933
  299   207    -1.12626878
  299   719    -0.17832984
  299   651    -0.78036408
  299   760    -0.44346296
  300   319    -1.90179934
  300   464    -0.51812917
  300   217    -0.09645067
  300   495    -1.68974557
  301   942    -0.22272287
  301   402    -1.25267715
  301   601     0.54524628
  301   894     0.97707270
  302    17    -0.07296151
  302   957    -0.50080540
  302    24     1.32296369
  302   589     0.55787705
  303   964    -0.06735555
  303   383     0.30702021
  303   466     0.35541467
  303   966    -1.28781998
  304   503     0.45567608
  304   131    -0.14607635
  304   108    -0.32760257
  304   484    -0.11828212
  305   225     0.34637919
  305    96     1.73304440
  305   168     1.12535105
  305   948     1.25999464
  306   693     0.17736506
  306   185     0.18407192
  306   723    -1.11602646
  306    29     0.58225915
  307   409     0.43251108
  307    98    -1.40607566
  307   478     0.09905609
  307   948     0.43734188
  308   525    -0.75569208
  308   743    -0.38625656
  308   172    -0.74786012
  308   961     0.69280998
  309   346    -0.57938643
  309   539     0.20379978
  309   476     0.47505422
  309   554     1.09440397
  310   494     1.34338997
  310   583    -0.00462634
  310   544     0.23912332
  310   957    -0.34470421
  311   474    -0.38090488
  311    54    -1.16389611
  311   329     0.74258481
  311   359     1.40829662
  312   113     0.58667343
  312   761    -0.49190278
  312   121     1.58729895
  312   175     1.89349932
  313   833     0.27576655
  313   716     0.45873309
  313   996     1.09317203
  313   883     1.32844014
  314   682    -0.37474463
  314    26     0.07948444
  314    62    -0.09288708
  314   238     0.34759913
  315   418    -1.36252390
  315   455    -1.90494674
  315     3    -0.60492219
  315   561     1.53707003
  316   780     0.13254718
  316   266     2.00289777
  316   489    -0.60582091
  316   184     0.31826894
  317   406     0.69657648
  317   550     0.63034546
  317   824    -0.45437902
  317   542    -1.35580384
  318   789    -2.84445247
  318    35    -1.49029001
  318   749     0.40667669
  318   161     0.66463164
  319   823    -0.28959527
  319   245     0.64922087
  319   300    -1.90179934
  319   193    -0.61303876
  320   747    -0.28903876
  320   572    -0.66441598
  320   908     0.59553526
  320   764    -1.41569983
  321   279    -0.91405657
  321   804     0.66885506
  321   702    -1.03538550
  321   813     0.28549966
  322   868     1.42593208
  322   988     0.41838276
  322   605     0.89323017
  322   905     0.79935873
  323   467     0.07775997
  323   117     0.15305371
  323   672    -0.55779288
  323   946     0.15902766
  324   146     0.37288344
  324   541    -1.01947228
  324     9     0.33401923
  324   101    -0.96617829
  325   205     1.09644663
  325   387     0.06164877
  325   658    -0.03751380
  325   800    -0.87360801
  326    23    -0.86212580
  326   237     0.82004239
  326   644     0.06746620
  326    84     0.56558680
  327   988     0.69276500
  327    87     0.63986176
  327   948    -0.95100365
  327   656     0.16365913
  328   208     1.39358784
  328   867    -0.24611786
  328   452    -0.27542545
  328    34     0.90896153
  329   943    -1.41358469
  329   311     0.74258481
  329    66    -0.74330719
  329   929    -0.41616966
  330    52     2.05930512
  330   667    -0.43067846
  330   980     1.22381193
  330   712    -1.29362212
  331   844     1.22194226
  331    22     0.63079021
  331   629     0.32312412
  331   367    -0.27359595
  332   511    -0.97023104
  332   471    -2.24666547
  332   846    -1.57425001
  332   244     1.30570134
  333   206     0.84562601
  333   262     0.21516534
  333   926     1.89221409
  333   467     2.59219597
  334   666     0.04174353
  334   697     1.10647343
  334   137    -0.04568680
  334   706    -0.86433482
  335   158    -0.48827496
  335   406     1.08007048
  335   864     0.35637548
  335   889    -1.11792290
  336     5     1.96648055
  336   765    -0.30474936
  336   694     0.91639077
  336   695    -0.96605322
  337   147    -1.55350066
  337   661     1.24319064
  337   763    -0.02125547
  337   813    -1.03961210
  338   271    -1.73446835
  338    78     0.00085938
  338   628    -0.90646555
  338   971    -1.45365637
  339    30    -0.01693176
  339   459     2.23713301
  339   481     0.66547534
  339   153    -0.06968641
  340   945    -0.43733839
  340   601    -0.32867758
  340   828    -0.30158865
  340   509     2.48815074
  341   947    -0.36912011
  341   102    -0.68399005
  341   271    -0.37905919
  341   618    -1.33744090
  342    29     0.28115690
  342    63    -1.09863520
  342   969     1.44842298
  342   235     0.08978989
  343   591     0.00415489
  343   640    -1.15453263
  343   925    -0.76389373
  343    85     0.09968993
  344   362    -0.80297393
  344   266    -0.89488125
  344   807    -0.22345563
  344   972     0.05180820
  345   400    -2.67873472
  345   630    -1.66394294
  345   110    -0.16942550
  345   610    -0.29573770
  346   575     1.24468150
  346   309    -0.57938643
  346   876    -0.52160010
  346   411    -0.37839617
  347   691     1.06446325
  347    17    -0.49882022
  347   165    -2.23143653
  347   499     1.26669537
  348   552     0.75427617
  348   244    -0.31088145
  348   349     0.34857789
  348   504    -0.43114312
  349    52    -0.69364617
  349   575     1.77374166
  349   348     0.34857789
  349   536     1.25442945
  350   168     0.56827155
  350   249    -1.77474544
  350   726    -0.58927222
  350   746     1.01821321
  351   239     0.38184387
  351   424     0.75539327
  351   558    -1.85249832
  351   148    -0.40486913
  352   104    -0.16710501
  352   594     0.92347528
  352   947    -2.09822204
  352   540    -1.47517767
  353   883    -0.71468294
  353   255    -2.25663721
  353   608     0.00363959
  353   276     0.93367203
  354   545    -0.22251916
  354   951    -0.09193296
  354   275    -1.27431653
  354   286    -2.36130405
  355   289    -0.22326626
  355   518    -1.42078097
  355   171     0.01649702
  355   567    -0.24248743
  356   706    -0.08349979
  356   384    -0.28773213
  356   603    -1.26920236
  356   264     0.67196385
  357   817    -0.06700660
  357   241    -0.42587195
  357   570     0.98072880
  357   949    -0.62430193
  358   925    -1.17775114
  358   603    -0.27111219
  358   885     0.65950133
  358   182    -0.22079556
  359   173     0.92541511
  359   891     0.00518260
  359   751    -1.36597231
  359   311     1.40829662
  360   532     0.96012903
  360    74     2.07177899
  360    69    -1.52270414
  360   859     1.38985802
  361   547     0.48935790
  361   744     3.04966713
  361   787     1.10794510
  361   964     2.03693611
  362   796    -0.04695793
  362   344    -0.80297393
  362   611    -1.14932352
  362   951     0.10179525
  363   250    -0.07318515
  363   744    -0.48409138
  363   393    -0.37548577
  363   666     0.11128605
  364   209    -1.03620819
  364   769     0.53050296
  364   638    -0.82443978
  364   646     0.42485002
  365    38     0.23973514
  365   864    -0.17823457
  365   377     1.47941528
  365   990    -0.63021585
  366   132     3.18083607
  366   780    -0.66337570
  366   676    -0.12021435
  366    38    -2.12689625
  367   373    -2.15585270
  367   626    -1.00260201
  367   776    -1.08700919
  367   331    -0.27359595
  368   777    -1.06317108
  368   295     1.24799101
  368   818     0.19117034
  368   164    -0.15336990
  369   784     0.47396404
  369   538     0.14629389
