#Random regular graph with connectivity C = 4
#Vertices:	Bonds:
#	1000		2000
    0    97     0.03486229
    0   731     0.36567182
    0   647    -0.80739806
    0   581    -0.25471423
    1   178     1.67699066
    1   527    -0.48746912
    1    20    -0.39843909
    1    94     0.10534350
    2   537     1.82982000
    2   364     0.44449797
    2    50     0.50864295
    2   375    -0.21407621
    3   503     0.11095235
    3   304     0.69924973
    3   510    -0.82802107
    3   359     0.18354612
    4    71    -1.49617062
    4   784     1.93602924
    4    21    -0.30974450
    4   436    -0.65545949
    5   783     0.67790396
    5    68     0.46197284
    5   959     2.02795965
    5   815     0.87484177
    6   552     0.20801742
    6   303    -0.76877545
    6   500    -0.26532272
    6   306     0.62575229
    7    85    -0.82760866
    7   954    -0.55454296
    7   351     1.03971877
    7   164     0.32461838
    8   692    -0.16349653
    8   265     0.50902155
    8   950     1.41380305
    8   787    -0.51901690
    9   801    -0.02097501
    9   978    -1.78862858
    9    27     0.42372719
    9    95    -0.19575672
   10   387    -0.70544201
   10   759     0.07582597
   10   198    -2.14998364
   10   789     0.07337930
   11   943    -1.36869239
   11   370    -1.03199110
   11   560    -1.46253371
   11   605    -1.38579588
   12   311    -0.85541493
   12   949    -0.86688108
   12   395     0.07401450
   12   676    -1.05500443
   13   543    -0.44391028
   13   964    -0.39302786
   13   293     0.85115568
   13   314    -1.73834671
   14    78     0.97868806
   14   929    -1.27945923
   14   289     0.14636109
   14   345     0.62589521
   15   272     0.44209744
   15   358     0.82179682
   15   350    -1.20161330
   15   471     0.05456531
   16   162    -0.91772723
   16   565     0.24041386
   16   276     0.33030020
   16   202    -1.35856321
   17   761     1.40636640
   17   117    -0.39765455
   17   403     0.83622750
   17    42    -1.04894001
   18   608    -0.16811080
   18   592    -0.00739754
   18   389    -0.02440695
   18   338     0.60781799
   19   129    -0.10010240
   19   941    -0.62986271
   19   487     1.31379827
   19   800     0.04050785
   20   925     0.80284210
   20     1    -0.39843909
   20   111    -1.12945947
   20   443    -1.03148160
   21   676    -1.37713223
   21   714    -0.87050969
   21     4    -0.30974450
   21   506     0.94373196
   22   378     0.06590211
   22   386     0.58875419
   22   794    -0.86419619
   22   824    -0.91831143
   23   145     0.59348309
   23   901    -0.43706416
   23   607    -0.14899913
   23   181     0.10662187
   24   412     0.59461384
   24   921     1.79498315
   24   910     0.88360657
   24   299     1.84395772
   25   229     1.13858218
   25   889     0.73121395
   25   859    -0.50948857
   25   255    -0.07037682
   26   439     1.09786832
   26   267     0.79434733
   26   645    -1.19917454
   26   483     1.11575052
   27   256     1.56204062
   27     9     0.42372719
   27   941    -0.16691813
   27   262    -0.28591144
   28   254    -1.26812754
   28   936     1.45156855
   28   873    -0.15152508
   28   797    -1.90387228
   29   441     0.47329580
   29   139    -1.86462116
   29   791     1.25569293
   29   232     0.90616054
   30   309     0.40014265
   30   294     0.17980465
   30   767     0.79876210
   30   300     0.88706655
   31   581     0.09676599
   31   696    -0.87213040
   31   798     0.28389785
   31   992     0.23729558
   32   551     0.39882908
   32   859    -0.95229350
   32   901    -0.59400059
   32   449     1.65404348
   33   820     1.38410134
   33   672    -0.40666974
   33   971    -2.25319176
   33   883    -0.98548837
   34    73     0.38589110
   34   904     0.06341043
   34   919    -0.56028891
   34   692    -0.30882219
   35   277     0.39390530
   35   946     0.11386479
   35   982    -1.69801727
   35   999    -0.70812422
   36   894    -0.87499179
   36   933     0.38495810
   36   643     0.88595544
   36   970     1.29126050
   37   479     1.32357408
   37   465    -0.34213734
   37   852    -0.38105577
   37   836    -1.23501401
   38    44     0.52129071
   38   918     0.39421986
   38   907     0.62464336
   38   330     1.65309896
   39   582     0.64458491
   39   405     1.52732543
   39   356    -1.46654593
   39   317     0.87953102
   40   734    -1.72703386
   40   889     1.07290254
   40   137    -1.24849703
   40   738    -0.10850318
   41   497    -0.43636584
   41   155    -2.79893535
   41   401     1.81935059
   41   343    -0.05029969
   42   237    -1.07936087
   42    17    -1.04894001
   42   869    -0.08198781
   42   411    -1.00547831
   43   331    -1.41551657
   43   674    -0.12651060
   43   564     2.36770381
   43   580     0.01170617
   44    38     0.52129071
   44   467    -0.01162026
   44   733     0.99308866
   44   823     0.99180547
   45   490     2.06615479
   45   815    -0.00755198
   45   835    -0.53644922
   45   646     0.59800569
   46   595    -0.54251563
   46   375    -0.70159960
   46   485     0.87116890
   46   252     1.22771968
   47   677    -1.64474355
   47   634     0.24311803
   47   161    -1.37060862
   47   284    -0.57311884
   48   219    -0.10339868
   48   590    -1.93887390
   48   493     1.44029157
   48   262    -0.12561442
   49   103     1.07952449
   49   360     0.34969553
   49   675     0.55119146
   49   741    -0.73660848
   50   686    -1.49445106
   50   459    -1.42578913
   50     2     0.50864295
   50    93     1.52996724
   51   669     0.09243740
   51   106     1.24313022
   51    66    -1.21556921
   51   212    -1.16935785
   52   501    -2.04698528
   52   161     0.49195859
   52   846     0.78780154
   52   379    -0.48594351
   53   319     0.33771580
   53   385     1.10876516
   53   984    -1.00356502
   53   733    -1.14243173
   54   963     0.53522233
   54   851     0.71190301
   54   307     1.38313466
   54   674    -1.34835806
   55   614     1.31853581
   55   899     0.78223072
   55   515    -1.15156377
   55    76    -0.18903599
   56   627    -0.62179004
   56   218     0.73849762
   56   891    -0.24842673
   56   935    -1.11137991
   57   854     0.31168693
   57   253    -0.03895937
   57   534    -1.82736143
   57   342     1.20787964
   58   989     1.36505267
   58   252     1.98126615
   58   420     0.27891136
   58    85     1.46963644
   59   827     1.73657645
   59   643     0.16486998
   59    79     0.49934605
   59   908     0.76855499
   60   181    -0.49640361
   60   517    -0.14359416
   60   784     0.21116427
   60   599     0.87333625
   61   136    -1.37610537
   61   330    -0.61528034
   61   170    -0.40753626
   61   191     0.87977043
   62   470    -1.00270590
   62   409     0.63371695
   62   227    -0.33691898
   62   210    -0.96532695
   63   150    -0.09936514
   63   643     0.05184534
   63   228     1.14071414
   63   366    -1.55665456
   64   278     1.91795743
   64   404     0.55770831
   64   176    -0.09957873
   64   414    -0.07385249
   65   553    -0.42406989
   65   561    -0.75630901
   65   146     0.29829634
   65   870    -0.58038616
   66   277     0.42596392
   66   155    -1.03965610
   66    51    -1.21556921
   66   214    -0.93913748
   67   727     1.09679604
   67   812    -0.52992459
   67   453    -0.26630079
   67   187    -0.28953749
   68   133    -0.34553457
   68     5     0.46197284
   68   619    -0.13484414
   68   407    -0.93852435
   69   771    -1.23871435
   69   423     0.15078553
   69   522     1.32506278
   69   507    -0.83287153
   70   652     0.25996234
   70   111     1.12388718
   70   878     0.27875222
   70   785     0.52538408
   71     4    -1.49617062
   71   673    -0.73801589
   71   635    -1.26608127
   71   973     0.83379180
   72   101    -0.16855753
   72   261     1.57377308
   72   915    -1.04000884
   72   534    -1.60355645
   73   972     0.94028002
   73    34     0.38589110
   73   268     0.64374877
   73   265     2.42292202
   74   426     0.52055967
   74   106     0.75651607
   74   582     1.26043036
   74   434    -2.00513038
   75   211     1.85750945
   75   889     0.82465603
   75   109     1.15733815
   75   721     0.03590813
   76   305    -0.03586700
   76   310    -1.82272733
   76    55    -0.18903599
   76   667    -0.13842998
   77   467     0.09742689
   77   413    -1.21867681
   77   160     0.32404058
   77   470     0.20324292
   78   236     1.43805743
   78    14     0.97868806
   78   767    -0.53331473
   78   792    -0.62315837
   79   606    -0.82632866
   79   964     0.05770606
   79   592     2.40880791
   79    59     0.49934605
   80   394    -0.72520734
   80   137     0.93129730
   80   736     0.84698493
   80   573     0.13016548
   81   417    -0.24591680
   81   715    -0.98302516
   81   896    -1.09092206
   81   782     0.72621003
   82   184    -1.69093043
   82   704     1.33610019
   82   775     1.33333255
   82   973     0.01487647
   83   506    -1.65642449
   83   279     0.21212952
   83   872     0.18333875
   83    91    -1.39240325
   84   796     0.94277532
   84   492    -0.59848083
   84   437    -0.96540158
   84   114    -0.80694264
   85     7    -0.82760866
   85   633    -0.85289800
   85   540     1.37313374
   85    58     1.46963644
   86   447    -0.40958760
   86   881    -0.38096746
   86   191    -0.99946781
   86   646     0.25772131
   87   906     1.58252314
   87   649    -0.82016837
   87   717    -0.85424105
   87   663    -0.63228040
   88   860     0.48451705
   88   357    -0.82492326
   88   516    -0.84222963
   88   877     0.10270242
   89   364     0.52466704
   89   780     0.34704469
   89   313    -1.42277714
   89   311     0.98418412
   90   176     0.47715624
   90   296    -0.21788080
   90   568    -0.02318489
   90   963    -1.15704377
   91   223     1.03114685
   91    83    -1.39240325
   91   318    -0.60699085
   91   648     0.06162168
   92   355     1.78869926
   92   471    -0.10507377
   92   519    -2.70938597
   92   876     0.29577959
   93   629     0.46888760
   93   695     0.54356319
   93   297     0.35689130
   93    50     1.52996724
   94   392    -0.87607195
   94   658    -0.62632240
   94   354     0.00002825
   94     1     0.10534350
   95     9    -0.19575672
   95   521     0.81939223
   95   182     0.96515063
   95   638     0.74743335
   96   685     1.98213058
   96   956    -0.42867755
   96   678    -0.72411374
   96   496    -0.14863726
   97   266    -1.05029678
   97   260    -0.18563258
   97     0     0.03486229
   97   837     0.17618960
   98   603     0.17389508
   98   995    -0.41752106
   98   498     0.32408431
   98   400     0.88195015
   99   668     1.07667330
   99   620     0.33303353
   99   638    -0.03215006
   99   789    -0.61387310
  100   439     0.07399750
  100   133    -0.34244054
  100   159    -0.24752350
  100   254     1.24591627
  101    72    -0.16855753
  101   831     0.80508215
  101   683    -1.21089415
  101   210     0.04687420
  102   569     0.14058674
  102   149    -0.64420885
  102   549     0.21908711
  102   225    -0.37091348
  103    49     1.07952449
  103   312     0.22398715
  103   845     0.56649012
  103   184    -0.82646513
  104   432    -0.58599207
  104   730    -1.31990870
  104   510    -0.65797108
  104   960    -1.30118161
  105   437     0.39049279
  105   743    -0.69685606
  105   326     1.80818058
  105   156     1.52191294
  106   648     1.01428396
  106    51     1.24313022
  106    74     0.75651607
  106   468     0.73451900
  107   500     0.80449987
  107   775     0.44988748
  107   619     0.46992743
  107   958    -1.14653386
  108   672     1.37227129
  108   117     0.53780686
  108   410     0.41786593
  108   790     0.31926794
  109   277     1.12181413
  109    75     1.15733815
  109   121     1.07162694
  109   814    -1.07307897
  110   594     1.16689342
  110   487     0.16700743
  110   677     0.01574413
  110   737    -2.07100129
  111   781    -2.23562344
  111   903     0.13866292
  111    70     1.12388718
  111    20    -1.12945947
  112   808     0.90585088
  112   336    -1.19227890
  112   709    -0.02401665
  112   775     1.65971933
  113   441    -0.43319090
  113   237     3.82609103
  113   393    -0.52415435
  113   631     0.43938435
  114   709     1.38422136
  114   508    -1.82782171
  114    84    -0.80694264
  114   573    -0.69229788
  115   580    -0.29806520
  115   122    -1.45896070
  115   253     0.07793731
  115   493    -0.87042717
  116   633     2.23355115
  116   632    -0.03849474
  116   563     0.18667647
  116   394    -2.19880412
  117   108     0.53780686
  117    17    -0.39765455
  117   571    -0.73446162
  117   868    -0.12602754
  118   589     1.58181983
  118   402    -1.62554944
  118   747    -0.57944794
  118   489    -0.53507873
  119   354    -0.94533936
  119   236    -0.07940106
  119   694     1.18606201
  119   770    -1.58004582
  120   337    -0.09619517
  120   223    -0.09455867
  120   976    -0.73716231
  120   262    -0.20499569
  121   780    -0.45674263
  121   128     1.39840930
  121   109     1.07162694
  121   226     0.30958084
  122   115    -1.45896070
  122   405     0.63528293
  122   913    -1.81762307
  122   562    -0.40221441
  123   939     1.13475786
  123   858    -0.84930313
  123   957     0.25328099
  123   866    -0.48657894
  124   832     0.05572923
  124   626     0.62101895
  124   666    -0.13996424
  124   367    -0.01437557
  125   304    -0.61795828
  125   886     0.32175129
  125   583    -1.08914323
  125   426     0.98336179
  126   712     0.61457782
  126   836     0.86178579
  126   465     0.09292517
  126   550    -1.34407732
  127   216     0.13485182
  127   166     1.33746752
  127   240     1.02199034
  127   281    -0.24366166
  128   194    -0.72348101
  128   598    -0.36764538
  128   121     1.39840930
  128   350     0.51114968
  129   416     1.24312340
  129   195     1.65087982
  129    19    -0.10010240
  129   909    -1.71228138
  130   159    -1.13278615
  130   316     1.23897214
  130   737    -0.30850524
  130   392     1.74004238
  131   662    -0.13933662
  131   446     1.70982439
  131   216     0.54738974
  131   288    -0.32122924
  132   197     0.43655365
  132   196    -0.26636797
  132   485    -0.04281125
  132   872     0.38635319
  133    68    -0.34553457
  133   100    -0.34244054
  133   355     0.74687842
  133   656    -0.54748149
  134   162     0.73225759
  134   825    -1.69401128
  134   395    -0.16304256
  134   485    -0.01091985
  135   320    -0.28449884
  135   216     0.46818313
  135   526     0.48976282
  135   534    -2.09613956
  136    61    -1.37610537
  136   843    -0.81701390
  136   776     1.40871428
  136   866    -0.23902490
  137   989     0.51088050
  137    80     0.93129730
  137    40    -1.24849703
  137   656    -1.59788411
  138   207    -0.78238256
  138   154     0.55850448
  138   187    -0.92152496
  138   784    -0.73205444
  139   453    -0.38360777
  139    29    -1.86462116
  139   615     1.02189865
  139   593    -0.50298651
  140   775     0.29869381
  140   444    -1.12315569
  140   532    -0.37627359
  140   154    -1.43552929
  141   286    -0.09266201
  141   898     0.42258634
  141   996    -2.49819214
  141   872    -0.96606260
  142   489    -0.86489146
  142   888     1.21176840
  142   708     0.33279255
  142   857     1.07720217
  143   185    -1.26272304
  143   361    -0.27730402
  143   821     1.54736915
  143   555     0.59351215
  144   352    -1.32860606
  144   451    -0.08957413
  144   841    -0.45230543
  144   485     0.33817221
  145    23     0.59348309
  145   220     0.98431946
  145   742    -2.05598868
  145   209     0.70639624
  146   867     0.80956580
  146   325    -0.25961212
  146    65     0.29829634
  146   986    -0.16629905
  147   563    -1.97367631
  147   195     2.20734138
  147   478    -0.13789997
  147   892     0.91152002
  148   558    -0.90874597
  148   637    -1.35654682
  148   960     0.99101889
  148   932     0.79374999
  149   415    -0.29258676
  149   585     0.22970733
  149   102    -0.64420885
  149   946    -2.73062698
  150   235    -1.08660595
  150    63    -0.09936514
  150   714    -0.98867945
  150   672     0.36465135
  151   447     0.58825242
  151   955     1.83074269
  151   176    -0.50170279
  151   382     0.28328981
  152   719    -0.52597175
  152   581    -1.29509123
  152   694    -0.54929507
  152   350    -1.05982517
  153   292    -0.15873004
  153   715    -0.95166261
  153   541     1.42583314
  153   404     1.02589359
  154   138     0.55850448
  154   803    -0.16015990
  154   293     0.99964776
  154   140    -1.43552929
  155    66    -1.03965610
  155    41    -2.79893535
  155   241     1.20838569
  155   303     0.67022456
  156   675     0.87035062
  156   844     0.22055385
  156   105     1.52191294
  156   182     0.77953910
  157   559     0.65798107
  157   556     0.34808315
  157   938     0.98981747
  157   724     0.22845236
  158   574     0.93268551
  158   489     0.78112468
  158   987     0.49853649
  158   801    -0.56380349
  159   130    -1.13278615
  159   100    -0.24752350
  159   849     0.14018160
  159   609     0.43983707
  160   368    -1.35950548
  160    77     0.32404058
  160   786    -0.65589033
  160   474    -1.49276327
  161   922     0.63783113
  161    52     0.49195859
  161   616     0.67277621
  161    47    -1.37060862
  162   134     0.73225759
  162    16    -0.91772723
  162   450     0.24290037
  162   374    -0.93892346
  163   966    -1.61370360
  163   718     0.13514809
  163   411     0.98411711
  163   611     0.43049980
  164   653    -0.86155834
  164   626    -1.36397003
  164   881     1.05943422
  164     7     0.32461838
  165   430     0.18404183
  165   865     0.82914011
  165   339    -1.94498215
  165   281     0.42217733
  166   127     1.33746752
  166   539    -0.64820148
  166   746     1.21244970
  166   372     2.63467290
  167   397     0.59156871
  167   595    -0.58900031
  167   256    -0.39317877
  167   768    -0.80690664
  168   203     0.45526997
  168   842    -0.25420657
  168   295    -1.36880269
  168   667     0.20987490
  169   756     1.22247557
  169   328    -0.53919575
  169   320    -0.81408776
  169   344    -1.26585705
  170    61    -0.40753626
  170   588    -0.50429538
  170   757     0.54012889
  170   391    -0.23852211
  171   653     1.78767512
  171   457     1.36035508
  171   185     0.11511030
  171   433     1.59405481
  172   263     0.30132449
  172   299    -0.86961016
  172   175     0.27386655
  172   664    -0.63135016
  173   450    -1.63821152
  173   818    -0.81586663
  173   716     1.52612294
  173   909     0.19162659
  174   204    -0.55275470
  174   393     0.93085464
  174   902     1.02124881
  174   947     1.97443411
  175   219    -0.04028355
  175   172     0.27386655
  175   894     1.63596230
  175   440    -2.46879087
  176    64    -0.09957873
  176    90     0.47715624
  176   151    -0.50170279
  176   904     0.62283024
  177   620    -0.95739720
  177   185     1.43679666
  177   442     0.57345800
  177   334     0.88006551
  178     1     1.67699066
  178   810    -0.94137276
  178   230    -1.18459330
  178   729    -0.69123109
  179   233    -0.46161698
  179   867    -0.40257102
  179   526    -0.14774291
  179   536     0.36437812
  180   330     0.67832879
  180   189    -0.19618090
  180   626     0.63097629
  180   270    -0.94687898
  181   898    -0.01697981
  181    60    -0.49640361
  181   757     2.40339107
  181    23     0.10662187
  182   198    -1.37403429
  182    95     0.96515063
  182   258    -0.20345251
  182   156     0.77953910
  183   602     0.18376781
  183   290     0.46882754
  183   554     0.22310173
  183   978     0.94883318
  184   642     1.63841406
  184    82    -1.69093043
  184   926     0.35425810
  184   103    -0.82646513
  185   143    -1.26272304
  185   177     1.43679666
  185   475    -0.48871925
  185   171     0.11511030
  186   780    -0.45836989
  186   244     0.52944482
  186   499    -2.08292807
  186   684     0.37648027
  187   138    -0.92152496
  187   541     0.69050233
  187   380    -0.43309885
  187    67    -0.28953749
  188   760    -0.92467743
  188   710     0.54864161
  188   856    -0.76550570
  188   997     0.58943292
  189   363    -0.42613676
  189   852    -0.49022043
  189   180    -0.19618090
  189   301     0.27778200
  190   676     1.68375345
  190   427    -0.15980958
  190   995    -0.95057671
  190   939     0.59932479
  191   276     1.66563971
  191   731    -1.40592460
  191    86    -0.99946781
  191    61     0.87977043
  192   622     0.50656567
  192   314     0.54503713
  192   366     0.81422832
  192   282    -1.49896770
  193   340    -0.36154626
  193   823    -0.55847610
  193   790    -2.11954291
  193   884     0.81937250
  194   128    -0.72348101
  194   340     0.44862838
  194   397     0.31792773
  194   898    -0.13948361
  195   129     1.65087982
  195   147     2.20734138
  195   506    -0.09535275
  195   811    -0.62728891
  196   686     1.30552987
  196   132    -0.26636797
  196   281     0.53797420
  196   317    -0.01687009
  197   628    -1.38969212
  197   132     0.43655365
  197   324    -0.19896344
  197   846     0.19342188
  198   887    -0.15279459
  198    10    -2.14998364
  198   182    -1.37403429
  198   224    -0.10954271
  199   939    -0.44674947
  199   694    -2.19237966
  199   322     0.61151938
  199   907     0.34565188
  200   426     1.43912618
  200   786    -1.01470191
  200   635    -0.46821094
  200   952     0.65751959
  201   849    -0.26007227
  201   202    -1.65207591
  201   561     1.60056654
  201   502    -1.20429711
  202   201    -1.65207591
  202    16    -1.35856321
  202   808     0.94285088
  202   926    -0.04938228
  203   738    -0.09953079
  203   168     0.45526997
  203   885     1.05140758
  203   923    -0.53886916
  204   174    -0.55275470
  204   472     1.79590791
  204   263     0.79384969
  204   675     0.51421058
  205   828    -0.00095694
  205   691     1.80031291
  205   701    -0.48357123
  205   618     0.45540960
  206   782    -0.19689878
  206   576     2.01603020
  206   807     0.84731397
  206   273    -0.05977823
  207   138    -0.78238256
  207   431    -0.17615582
  207   596    -1.44131002
  207   769    -1.38820961
  208   504    -1.20849088
  208   749    -0.34932651
  208   579     0.97969178
  208   834    -0.10204771
  209   242    -0.57082000
  209   970    -0.87773484
  209   764     0.69746975
  209   145     0.70639624
  210   101     0.04687420
  210   246    -0.67862302
  210   985     0.39114279
  210    62    -0.96532695
  211    75     1.85750945
  211   957    -0.81811398
  211   689    -0.87231964
  211   996     0.31485728
  212   814    -0.17983391
  212   802     2.33803151
  212    51    -1.16935785
  212   283     1.31202103
  213   661    -0.74957592
  213   851    -0.53546269
  213   927    -1.75369806
  213   886    -1.42924493
  214   528    -0.60648446
  214    66    -0.93913748
  214   892    -0.45584095
  214   398     0.40414332
  215   838     0.77589228
  215   272    -0.89933282
  215   491    -0.48810216
  215   441    -0.97528225
  216   127     0.13485182
  216   135     0.46818313
  216   352     0.14971374
  216   131     0.54738974
  217   418     0.70284807
  217   874    -0.91967468
  217   546     0.23861044
  217   725     0.75704490
  218   557     0.88912752
  218   377     1.77599857
  218   920    -0.52233996
  218    56     0.73849762
  219    48    -0.10339868
  219   175    -0.04028355
  219   472    -1.53263759
  219   641     2.18156072
  220   145     0.98431946
  220   922    -0.84521652
  220   361    -0.90998073
  220   861     1.35527142
  221   383    -0.71138256
  221   529     0.46422250
  221   580    -1.76916178
  221   698     0.64931488
  222   804     0.15030289
  222   713     0.83067067
  222   389    -1.51166205
  222   806     0.29443660
  223   831     0.11194499
  223   120    -0.09455867
  223    91     1.03114685
  223   466    -0.97578852
  224   436     0.51888442
  224   395    -0.39656928
  224   198    -0.10954271
  224   471     0.62635016
  225   874     0.18861654
  225   710    -1.31850645
  225   754    -0.72301103
  225   102    -0.37091348
  226   611    -0.33979422
  226   121     0.30958084
  226   785     1.11525916
  226   671     1.45419883
  227   836     1.64578722
  227   757    -0.33515283
  227    62    -0.33691898
  227   634     0.10968679
  228   773    -1.09966456
  228   740    -0.86600383
  228   559     0.09942131
  228    63     1.14071414
  229   574     0.25773906
  229   640     1.05385050
  229    25     1.13858218
  229   380    -0.61322139
  230   635    -1.50538508
  230   451     2.00484614
  230   178    -1.18459330
  230   241    -0.48862869
  231   654    -0.65579219
  231   323    -2.09213359
  231   847    -0.29962953
  231   858     0.55374136
  232   592    -0.14348030
  232   364     0.40783644
  232   801     0.41207893
  232    29     0.90616054
  233   179    -0.46161698
  233   333     0.54503187
  233   596     0.36652996
  233   909     1.57675354
  234   587    -0.55629358
  234   560    -0.29029231
  234   393    -1.27455811
  234   919    -0.50640698
  235   150    -1.08660595
  235   769     0.77397690
  235   412    -0.61903313
  235   388     0.47662547
  236    78     1.43805743
  236   119    -0.07940106
  236   462    -1.62120105
  236   494    -0.00293896
  237   734    -0.25928675
  237    42    -1.07936087
  237   873    -0.83976637
  237   113     3.82609103
  238   774    -0.30112287
  238   502    -0.11888112
  238   747    -0.57847554
  238   663    -0.00223031
  239   947    -0.15789109
  239   638    -0.57995507
  239   360    -1.12504083
  239   969    -1.17124293
  240   311    -0.21636356
  240   758     0.51399980
  240   853    -1.49066911
  240   127     1.02199034
  241   435     1.07076300
  241   474    -1.40222269
  241   230    -0.48862869
  241   155     1.20838569
  242   209    -0.57082000
  242   455    -0.98145797
  242   770     0.72600568
  242   473     1.35054950
  243   378     0.92656685
  243   914    -0.36682675
  243   747    -0.76242307
  243   846     0.88860944
  244   441    -0.23424611
  244   186     0.52944482
  244   811     0.53237756
  244   247    -1.20697676
  245   679    -0.98840726
  245   298     0.47412119
  245   310    -1.22932699
  245   418    -1.21871545
  246   481    -1.10773266
  246   348     0.47474537
  246   304     0.95683498
  246   210    -0.67862302
  247   910     0.03035897
  247   244    -1.20697676
  247   742    -0.33478284
  247   743    -1.51011152
  248   434    -1.24726317
  248   442     0.24692705
  248   830     1.20600396
  248   360     0.48398048
  249   571    -0.48494677
  249   956    -1.25531037
  249   604     0.38499910
  249   578     0.32171895
  250   469     1.02651373
  250   774    -0.55685704
  250   687    -0.90105261
  250   990     0.52643205
  251   880    -0.03384222
  251   994     0.90338988
  251   395    -0.46174229
  251   308    -2.58846160
  252    58     1.98126615
  252   525    -0.23098385
  252   591     0.09983873
  252    46     1.22771968
  253   425     0.46528467
  253   115     0.07793731
  253    57    -0.03895937
  253   321     0.56746273
  254   956     0.63520236
  254   542    -0.03851090
  254    28    -1.26812754
  254   100     1.24591627
  255   427     0.80530358
  255   608     0.48376623
  255   565    -1.03222859
  255    25    -0.07037682
  256    27     1.56204062
  256   944    -1.63065452
  256   167    -0.39317877
  256   431     0.23901906
  257   452    -0.14593944
  257   561     1.13034591
  257   984    -0.81435787
  257   344    -0.26958270
  258   397    -1.70913733
  258   182    -0.20345251
  258   610     1.37175770
  258   893     0.85796657
  259   990    -1.10249994
  259   597    -0.90727015
  259   913    -2.41590330
  259   607     0.01030083
  260    97    -0.18563258
  260   458    -0.70160291
  260   410     1.44709480
  260   285    -0.41782525
  261    72     1.57377308
  261   856    -0.61141866
  261   741    -0.26495872
  261   613     0.58903224
  262   367    -1.75437452
  262    27    -0.28591144
  262   120    -0.20499569
  262    48    -0.12561442
  263   172     0.30132449
  263   693     0.09288789
  263   204     0.79384969
  263   788    -0.94051972
  264   661    -0.16070105
  264   305    -1.14431689
  264   863    -0.16653055
  264   600     0.89742834
  265   282     0.70887789
  265     8     0.50902155
  265   522     0.70799280
  265    73     2.42292202
  266    97    -1.05029678
  266   447     1.40744246
  266   324     1.70375023
  266   671    -0.81055701
  267   768     2.12764104
  267   586    -1.30547413
  267    26     0.79434733
  267   778     0.16051206
  268    73     0.64374877
  268   895     0.17090413
  268   981     0.32006287
  268   927     0.95248931
  269   324    -0.40481670
  269   315    -0.21734713
  269   390    -0.70973064
  269   764     1.74530629
  270   780     0.42150957
  270   979    -0.44584081
  270   288     0.50309683
  270   180    -0.94687898
  271   459    -1.25976541
  271   777    -2.25761338
  271   402     0.37985028
  271   728     0.82348183
  272   457    -0.34543697
  272    15     0.44209744
  272   215    -0.89933282
  272   791    -0.82738090
  273   583     0.45349972
  273   574    -1.30489423
  273   206    -0.05977823
  273   831    -0.13750744
  274   598     0.31554618
  274   432     0.34181296
  274   300     0.12165421
  274   512    -0.25033750
  275   306     0.26997075
  275   670    -0.25329689
  275   860    -0.69477687
  275   339     0.05346098
  276   291     0.16469462
  276   191     1.66563971
  276   644     0.26801720
  276    16     0.33030020
  277    66     0.42596392
  277   109     1.12181413
  277   661     0.41526294
  277    35     0.39390530
  278    64     1.91795743
  278   444     0.77586272
  278   736    -0.83997901
  278   963     0.18358748
  279   403     0.33912912
  279   475    -0.48612165
  279    83     0.21212952
  279   887     0.13450878
  280   313     0.73035260
  280   793     1.53843191
  280   789     0.91518212
  280   859    -0.86443542
  281   580     0.66268825
  281   165     0.42217733
  281   127    -0.24366166
  281   196     0.53797420
  282   265     0.70887789
  282   610    -0.68810272
  282   628    -0.47727197
  282   192    -1.49896770
  283   720    -0.61277593
  283   700    -1.71379827
  283   918    -1.08535680
  283   212     1.31202103
  284   680     0.18822538
  284   547    -1.19002523
  284    47    -0.57311884
  284   990    -0.20634076
  285   374    -1.29294456
  285   260    -0.41782525
  285   322     0.49744102
  285   742    -1.57397911
  286   141    -0.09266201
  286   974     1.27271510
  286   359     0.53938960
  286   378    -1.34609589
  287   980     0.27752691
  287   643    -1.50362358
  287   997     0.79495988
  287   865     0.16800148
  288   902    -0.25318305
  288   270     0.50309683
  288   864    -0.23565663
  288   131    -0.32122924
  289   630     0.18856874
  289   805     2.61279245
  289    14     0.14636109
  289   479    -0.53029483
  290   183     0.46882754
  290   958    -0.03974245
  290   491     1.24627305
  290   693    -0.88910703
  291   276     0.16469462
  291   718     0.51703709
  291   731    -0.39851746
  291   457     0.32733933
  292   425     1.35047097
  292   712     0.46137558
  292   153    -0.15873004
  292   478    -0.33574171
  293   971    -0.31006956
  293   154     0.99964776
  293    13     0.85115568
  293   806     0.34959696
  294   969    -0.47588055
  294   449    -0.91611189
  294    30     0.17980465
  294   391     0.53164819
  295   902     0.40918786
  295   838    -1.06097563
  295   531    -2.32484605
  295   168    -1.36880269
  296   452    -0.44569309
  296    90    -0.21788080
  296   980    -0.80286689
  296   733    -1.76477888
  297   880    -0.79612135
  297    93     0.35689130
  297   508    -0.25713494
  297   968     1.32298611
  298   437    -0.20460373
  298   761     0.71937436
  298   547     0.42445076
  298   245     0.47412119
  299   428    -0.07366119
  299   515     0.08811367
  299   172    -0.86961016
  299    24     1.84395772
  300   416    -0.14336925
  300   274     0.12165421
  300    30     0.88706655
  300   931    -1.65062080
  301   453     2.08780216
  301   502    -0.68087241
  301   445    -2.01143981
  301   189     0.27778200
  302   698     0.22696973
  302   579    -0.39940216
  302   899    -0.23727022
  302   943     1.21432811
  303   964     0.68180547
  303     6    -0.76877545
  303   668    -0.33626327
  303   155     0.67022456
  304   125    -0.61795828
  304   246     0.95683498
  304     3     0.69924973
  304   825     0.05453512
  305    76    -0.03586700
  305   264    -1.14431689
  305   400    -0.12527610
  305   521    -0.48334886
  306   275     0.26997075
  306   437     0.58654544
  306   938    -0.02998992
  306     6     0.62575229
  307   470     0.85517972
  307    54     1.38313466
  307   680    -1.75252725
  307   753    -1.19503837
  308   602    -0.39385368
  308   814    -1.42824903
  308   858    -0.01072304
  308   251    -2.58846160
  309    30     0.40014265
  309   399     0.48205050
  309   341     0.08750700
  309   940     1.06999802
  310    76    -1.82272733
  310   245    -1.22932699
  310   867    -0.47244062
  310   439    -0.49954016
  311   776    -0.37230873
  311   240    -0.21636356
  311    12    -0.85541493
  311    89     0.98418412
  312   103     0.22398715
  312   636     0.86902263
  312   413     0.15920863
  312   380     0.87516710
  313   280     0.73035260
  313   674    -1.34566921
  313   586     1.77827498
  313    89    -1.42277714
  314   192     0.54503713
  314   749    -0.31318468
  314   506    -1.02251231
  314    13    -1.73834671
  315   269    -0.21734713
  315   361    -0.15123952
  315   684    -1.17315560
  315   981    -0.51490994
  316   130     1.23897214
  316   577     1.76122586
  316   516    -0.34485567
  316   554    -1.29126805
  317    39     0.87953102
  317   577     0.41586034
  317   610     0.77676176
  317   196    -0.01687009
  318   373    -0.69584179
  318   620    -0.12981407
  318   887     1.37042228
  318    91    -0.60699085
  319   860     1.35787824
  319   530    -0.23062235
  319    53     0.33771580
  319   745    -1.15777179
  320   135    -0.28449884
  320   850     0.35954226
  320   169    -0.81408776
  320   497     0.73251380
  321   605     0.87601312
  321   528    -0.31886644
  321   438     0.37894978
  321   253     0.56746273
  322   199     0.61151938
  322   753     1.33637698
  322   285     0.49744102
  322   730     0.23127606
  323   231    -2.09213359
  323   843    -0.52396489
  323   813    -0.14570028
  323   841    -0.46767021
  324   266     1.70375023
  324   269    -0.40481670
  324   793    -0.96009957
  324   197    -0.19896344
  325   842     0.56572286
  325   146    -0.25961212
  325   848     0.74137219
  325   916     0.56962000
  326   676     0.95092314
  326   105     1.80818058
  326   518    -1.78659198
  326   459     1.64897728
  327   682    -0.07010408
  327   855     2.20846607
  327   406     1.05232070
  327   455     1.95710839
  328   169    -0.53919575
  328   493     0.11080575
  328   755     0.69306255
  328   540    -0.35877079
  329   509    -0.75593414
  329   377    -0.34066324
  329   555    -0.33037163
  329   931     0.34573444
  330   740    -0.78061023
  330    61    -0.61528034
  330   180     0.67832879
  330    38     1.65309896
  331    43    -1.41551657
  331   333     0.72517829
  331   871    -0.81105204
  331   667     0.29132984
  332   942     1.75610803
  332   392    -0.33563905
  332   899    -0.06345677
  332   781    -0.27572093
  333   331     0.72517829
  333   233     0.54503187
  333   925    -0.00397617
  333   991     0.30176528
  334   570    -1.88140341
  334   541     1.76597593
  334   660     0.91082059
  334   177     0.88006551
  335   624     0.34523785
  335   611    -0.14454830
  335   371    -0.16174687
  335   987    -1.33183057
  336   112    -1.19227890
  336   440     1.00852368
  336   890     1.37782948
  336   725    -0.65513246
  337   866     0.66098409
  337   120    -0.09619517
  337   722    -1.54408444
  337   411    -0.39251756
  338   381     0.13683723
  338   979    -0.86812702
  338   438     0.81616838
  338    18     0.60781799
  339   984     0.94441883
  339   275     0.05346098
  339   355    -0.79774528
  339   165    -1.94498215
  340   193    -0.36154626
  340   194     0.44862838
  340   835    -1.24927560
  340   755     0.48227863
  341   962    -1.10365194
  341   660    -0.87066791
  341   777     0.31398942
  341   309     0.08750700
  342   652     1.82382875
  342   719    -0.03041535
  342    57     1.20787964
  342   949    -0.29001027
  343   572     0.75119067
  343   893     0.50508885
  343   456     0.00640865
  343    41    -0.05029969
  344   169    -1.26585705
  344   989    -0.13677763
  344   901     1.07914631
  344   257    -0.26958270
  345   464     1.05896975
  345   862    -0.56388628
  345    14     0.62589521
  345   388     0.03343539
  346   612     0.61511111
  346   987     0.13840298
  346   875     0.02011777
  346   827    -0.05239919
  347   645    -0.79582661
  347   538     0.77644498
  347   374     0.49800565
  347   998    -0.90163527
  348   246     0.47474537
  348   492    -0.44919497
  348   640     0.51866095
  348   968    -0.19580871
  349   806    -1.06824556
  349   724    -0.19598380
  349   520    -1.64578427
  349   989    -0.31705712
  350   404     1.87163319
  350    15    -1.20161330
  350   128     0.51114968
  350   152    -1.05982517
  351   577     0.18721145
  351   859     0.38367753
  351   567    -1.41324009
  351     7     1.03971877
  352   144    -1.32860606
  352   616     0.63982665
  352   216     0.14971374
  352   782     0.29034431
  353   782    -0.12481926
  353   847     0.79967574
  353   568    -0.30674741
  353   969     0.93937366
  354   119    -0.94533936
  354   541     0.71729972
  354   735     1.61931180
  354    94     0.00002825
  355    92     1.78869926
  355   133     0.74687842
  355   575    -0.08775923
  355   339    -0.79774528
  356    39    -1.46654593
  356   850     1.47392117
  356   432     0.47060210
  356   994    -1.70852137
  357   954     0.36286569
  357    88    -0.82492326
  357   838     0.98272685
  357   901    -0.86213174
  358   451    -1.24172363
  358    15     0.82179682
  358   390     0.61238835
  358   539    -1.20308018
  359   613    -0.94546831
  359   877     0.19390376
  359     3     0.18354612
  359   286     0.53938960
  360    49     0.34969553
  360   421     0.44596343
  360   239    -1.12504083
  360   248     0.48398048
  361   143    -0.27730402
  361   391     0.62798550
  361   315    -0.15123952
  361   220    -0.90998073
  362   870    -0.49233461
  362   415    -0.70011976
  362   454    -0.72549691
  362   929    -1.06712571
  363   444    -1.37269798
  363   189    -0.42613676
  363   469     0.39029273
  363   542    -0.91634817
  364   232     0.40783644
  364     2     0.44449797
  364    89     0.52466704
  364   565    -1.68043691
  365   801    -0.35341134
  365   417    -0.81311874
  365   476    -0.61968823
  365   669    -0.17865983
  366   192     0.81422832
  366   381    -0.51976689
  366   953     1.02757713
  366    63    -1.55665456
  367   409     0.67599540
  367   124    -0.01437557
  367   262    -1.75437452
  367   812     0.54054051
  368   910    -0.70494434
  368   857     0.52339847
  368   160    -1.35950548
  368   826     2.37710291
  369   650    -0.22342067
  369   949     0.08521547
