#Random regular graph with connectivity C = 4
#Vertices:	Bonds:
#	1000		2000
    0   325     1.07160179
    0   153    -0.91396471
    0   683     0.39871477
    0   962    -1.33111185
    1   794    -0.70309506
    1   853    -1.27941437
    1   979     0.17608095
    1   372     1.90764399
    2   980    -0.39867309
    2   657    -1.15339760
    2   313    -0.76027533
    2   815    -0.13751004
    3   416     0.80350791
    3   590     0.58300430
    3   656    -1.07696026
    3   764     0.96518118
    4   947    -0.89684843
    4   640    -0.11656523
    4   207     0.23803349
    4   493     2.03209057
    5   551     1.52508288
    5   496     0.59403184
    5   830     1.44624178
    5   416     0.94836559
    6   859     2.01569200
    6   419    -0.85413443
    6   567     0.67690162
    6   704     0.85213660
    7   924    -0.74987578
    7   713     0.07402262
    7   695     0.70372199
    7   881    -1.33222167
    8   535     0.58105463
    8   620     0.91262522
    8   873     1.85622147
    8   516    -1.55547503
    9   475     1.25516582
    9   916    -0.00345268
    9   517    -0.77960728
    9   685    -0.95188027
   10   323    -0.18317062
   10   799     0.00883755
   10    44     0.45041901
   10   669    -1.93769742
   11   718    -0.14273554
   11   355    -0.84657665
   11   822    -0.25360439
   11   277    -0.39274730
   12   404    -0.08154830
   12    44    -0.72787717
   12   366     1.39144458
   12   847    -0.34099852
   13   496    -0.58058806
   13   662     1.36375379
   13   861     0.81555342
   13   217    -0.89530920
   14    86     0.75343792
   14   996    -0.44141002
   14   488    -0.87694074
   14   939    -0.87154522
   15   130    -0.84797931
   15   801    -0.19681120
   15   141     0.16944155
   15   139    -0.80454838
   16   195    -0.82488352
   16   414    -0.42572628
   16   906     0.92020152
   16   867    -0.02337301
   17   171    -2.04692164
   17   867     0.54451194
   17    65    -0.85457225
   17   754     0.83905219
   18   129     0.35394606
   18   594     0.24682124
   18   647    -0.61182108
   18   394    -0.42420573
   19   901     0.52034869
   19   664     0.19851324
   19   577     0.49424408
   19   975    -0.58567687
   20   508    -0.23339006
   20    42     0.55454004
   20   563     0.45728515
   20    53    -1.09067554
   21   896    -0.61830128
   21   938     0.51091239
   21   289     0.36007862
   21   971    -0.57565331
   22   418     0.52573655
   22   602     0.76158426
   22   578    -0.51518418
   22   248     1.32242082
   23   992    -0.14053340
   23   191    -0.29197715
   23   570    -1.86170972
   23   896    -1.83295051
   24   782    -0.25347655
   24   883     0.51320968
   24   480     1.41013878
   24   569    -0.41542743
   25   921    -0.77187305
   25   401     0.52581663
   25   956     1.85201943
   25   772    -0.14010084
   26   782     0.74733390
   26   475    -1.45956777
   26   555    -0.64147352
   26   421     1.13659266
   27   272    -0.00630791
   27   950    -0.51018806
   27   355    -0.39671506
   27   268    -0.92279380
   28   605     0.60146377
   28   991    -0.47276754
   28   367     0.75559688
   28   680     0.76134250
   29   930     0.11443771
   29   771    -1.23190548
   29   197     0.36737750
   29   315    -1.07841571
   30   644    -1.41422249
   30   607     0.09918298
   30   181    -0.52221812
   30   303    -0.25770214
   31   848    -1.37619602
   31   900     0.11570269
   31   144     1.24774612
   31   527    -0.03033707
   32   321     1.05995256
   32   398     1.07097077
   32   217     1.31953813
   32   985    -0.18792246
   33   680    -0.72932161
   33   950    -0.54495787
   33   673     0.70237656
   33   547     0.15054670
   34   541    -1.50989009
   34   199    -1.15374935
   34   435     0.72349299
   34   877    -0.55780261
   35   547     0.19628370
   35   140     0.08716943
   35   329     1.00450332
   35   240    -0.57708297
   36   499    -0.63169117
   36   312     1.17583296
   36   622    -0.14925589
   36   212    -0.23388458
   37   514    -0.38573065
   37   470     0.41191447
   37   734    -0.22075469
   37   855     0.47193505
   38   435    -1.14849932
   38   136    -2.19028900
   38   584     0.00281011
   38   633     0.44665900
   39    56     0.36656203
   39   684    -0.27359530
   39   375     0.81469178
   39   298     0.71472887
   40    67     1.06106294
   40   265    -0.99595291
   40   499    -1.23204440
   40   526     0.26329480
   41   156    -1.45287067
   41   284    -0.22907664
   41   730    -0.78399844
   41   929     0.44844840
   42   760     0.57323114
   42    20     0.55454004
   42   220     0.96508343
   42   761     0.71708758
   43   917    -0.06307725
   43   701    -1.43232941
   43    98     0.62463081
   43   193    -1.45640779
   44   111     0.15681665
   44    10     0.45041901
   44    12    -0.72787717
   44   387    -0.37998465
   45   141     0.28310639
   45   327    -1.39430669
   45   687    -0.46699160
   45   406     2.01712363
   46    59     0.58958282
   46   244     0.89414112
   46   158    -0.81095188
   46   697     1.65862000
   47   300     1.08738780
   47   167     0.31793481
   47   603    -1.24346083
   47   240    -0.23929262
   48    63     0.23646146
   48   734    -0.29790988
   48   268    -0.70335974
   48   842     0.75567485
   49   173    -0.78293109
   49   231    -0.96101606
   49   421    -3.28515938
   49   491     0.89971488
   50   566     0.48610230
   50   668    -0.83129738
   50   397     2.01149786
   50   906     0.75121750
   51   534     0.80982746
   51   568    -0.54274525
   51   936     1.13639249
   51   682     0.38590976
   52   264    -1.46477111
   52   374    -0.96431758
   52   982    -1.85238017
   52   843    -0.69956900
   53   596     0.05141911
   53    20    -1.09067554
   53   678     1.87698980
   53   193     0.34228445
   54   369    -0.15748427
   54   982    -1.49183917
   54   664     2.31209429
   54   640     0.14769932
   55   262    -0.15269797
   55    71    -1.61310862
   55   131     0.70842050
   55   967    -0.72571872
   56    39     0.36656203
   56    62    -0.44679670
   56   737    -1.35886268
   56   832     0.33406548
   57   476    -0.21833758
   57   150    -0.92227474
   57   185     0.75382881
   57   288    -0.43145117
   58   699     2.01814908
   58   816     0.66931065
   58   888     0.04026115
   58   332    -1.66446052
   59   166    -0.05699380
   59    46     0.58958282
   59   575     1.40429502
   59   757    -2.02307639
   60   221     1.60243712
   60   533     0.92053425
   60   230    -0.09071041
   60   141     1.46486468
   61    75    -1.20576718
   61   481    -1.37961495
   61   727     0.67110761
   61   360     0.10798795
   62    56    -0.44679670
   62   937     0.61072926
   62   319     0.41510795
   62   243     0.13934702
   63    48     0.23646146
   63   303     0.14870268
   63   327     0.13094931
   63   747     0.19194602
   64   395     0.82561612
   64   976     0.52317265
   64   556     0.02827084
   64   139     1.08299992
   65   385    -0.41019935
   65   353    -0.24714751
   65    17    -0.85457225
   65    91     0.49726150
   66   681    -0.30235498
   66   720    -1.11300029
   66   899     1.41780224
   66   942     0.52683586
   67    40     1.06106294
   67    85     0.70367034
   67   438     1.40766884
   67   356    -0.53398862
   68   346     0.38724807
   68   232    -0.96439938
   68   511    -0.19022715
   68   368    -0.61113669
   69   548     1.79330756
   69   313     0.52846383
   69   675    -0.86568042
   69   528    -0.30357216
   70   499     0.41643130
   70   284    -2.32630521
   70   260     0.19612500
   70   998    -0.07753845
   71    78     1.07630075
   71   943    -0.46246336
   71    55    -1.61310862
   71   405    -0.47805704
   72   462     0.29488177
   72   184    -0.83350085
   72    99    -0.61916039
   72   227     1.44061468
   73   477     0.58783511
   73   461     0.57056910
   73   348    -0.04387388
   73   265    -0.98649317
   74   102    -0.93386395
   74   393    -0.65035787
   74   103     0.67717294
   74   685    -1.22227108
   75    61    -1.20576718
   75   633    -0.28251360
   75   884    -0.25386246
   75   968    -0.25365731
   76   858     1.21993994
   76   586     0.90355288
   76   361    -1.85209434
   76   373    -0.34397684
   77   824    -0.01058472
   77   662    -1.35396656
   77   701    -0.31794704
   77   329     0.56605916
   78   390     0.18138421
   78    71     1.07630075
   78   225    -0.01162869
   78   331    -1.96209360
   79   904     0.02487670
   79   218     0.12001203
   79   868     0.44099386
   79   970     0.70113234
   80   328    -0.76398271
   80   789     1.14509032
   80   736    -0.61952190
   80   271    -1.08861356
   81   301    -1.13209323
   81   779    -1.25019699
   81   945     1.42290646
   81   171     0.71752601
   82   208     0.44440633
   82   399    -1.55880665
   82   246     0.84939360
   82   820     0.73271971
   83   911     0.29675620
   83   741    -0.15419918
   83   857    -0.22594223
   83   545    -0.46605225
   84   138     0.66097435
   84   849    -0.80987684
   84   322     0.82355852
   84   853    -0.94308217
   85    67     0.70367034
   85   885    -1.75037188
   85   826     0.62557890
   85   769    -1.20527858
   86    14     0.75343792
   86   977     0.18543913
   86   972    -0.59571143
   86   433    -0.77763191
   87   295     0.15410744
   87   716     0.13977047
   87   275    -0.95495269
   87   759     1.26234610
   88   588     1.27331340
   88   960     0.30087050
   88   913    -1.23882293
   88   675    -0.01363204
   89   440    -0.86087463
   89   745     0.49442562
   89   258    -1.94995396
   89   846     0.42682436
   90   470    -1.37796642
   90   509     1.80828927
   90   225    -0.82539704
   90   460    -1.77673020
   91   434    -0.05746044
   91   707     0.19626384
   91   586     1.72832513
   91    65     0.49726150
   92   893     2.06189263
   92   593     0.19164813
   92   150     1.66004481
   92   742    -2.13762180
   93   468    -0.28311107
   93   700     0.84333638
   93   460     0.35716351
   93   169     0.86977111
   94   229     1.63606700
   94   539    -1.01712835
   94   483     0.11051510
   94   498     1.49199493
   95   980     0.56033430
   95   204    -1.95249464
   95   228    -0.95830595
   95   660    -0.85576820
   96   806     0.69609474
   96   553    -0.15211898
   96   305    -1.23868532
   96   975    -0.77522165
   97   160    -0.09014972
   97   542    -0.85991476
   97   524    -0.17819981
   97   730     0.77250395
   98   935     0.52291817
   98   407    -3.22073404
   98    43     0.62463081
   98   279    -0.46426913
   99   262     1.86762817
   99   504     0.61920377
   99   395     0.15508071
   99    72    -0.61916039
  100   739    -0.26769003
  100   129    -1.01779848
  100   612     0.27604830
  100   851    -0.36075951
  101   507    -1.13798166
  101   829     1.80051429
  101   714    -2.19374513
  101   601    -0.23480835
  102   580    -0.40839450
  102    74    -0.93386395
  102   991     0.04898206
  102   310     0.68890664
  103   757     1.19413648
  103   225     0.30788394
  103   990     0.33988742
  103    74     0.67717294
  104   677    -1.17434965
  104   386     0.39388209
  104   750    -1.16197157
  104   797    -0.44338953
  105   553    -0.53376696
  105   272    -3.18841539
  105   868     0.03705010
  105   763     2.37722734
  106   755    -0.80166969
  106   411     0.68050125
  106   442     0.86770225
  106   151    -2.13767277
  107   195     2.84290653
  107   748     0.46054878
  107   237    -0.22614984
  107   246     0.62602613
  108   175    -1.02613220
  108   533     0.47524286
  108   128     1.00923953
  108   964     0.82853267
  109   244     0.33655019
  109   764     1.47080191
  109   944     0.91718341
  109   220     0.14169471
  110   494    -0.27943030
  110   948     0.57561662
  110   818     0.79237871
  110   518     0.01791610
  111   154     0.25607595
  111   471    -0.67337425
  111    44     0.15681665
  111   128    -0.21742215
  112   617     0.81612899
  112   686     0.72386155
  112   890    -0.74140009
  112   462     1.01390145
  113   495    -0.23517259
  113   543     0.23450464
  113   142     0.72034928
  113   298    -1.21147374
  114   309     0.30270127
  114   696     1.16774064
  114   183    -1.42937640
  114   450    -0.66871172
  115   210     0.20311224
  115   709    -0.45951930
  115   789     0.86664494
  115   770     1.33128499
  116   431     0.17638642
  116   445     0.72344175
  116   492     1.51053573
  116   188     2.66893821
  117   484     0.15807680
  117   296    -0.22106418
  117   415     0.71301739
  117   337    -0.68820270
  118   471    -1.83990821
  118   159     1.16129270
  118   423     0.15039357
  118   828    -0.27855007
  119   770     0.34874039
  119   747     0.87845133
  119   575     1.07997473
  119   832    -0.47921206
  120   948    -0.36276558
  120   773     0.91434889
  120   797     0.09187698
  120   350     0.10686747
  121   537     0.52484504
  121   745    -0.18670909
  121   999    -1.18575339
  121   721    -0.96830229
  122   501    -0.33951747
  122   795    -1.87565607
  122   152    -0.84925235
  122   563    -0.06891783
  123   682    -0.58387234
  123   625    -1.86790056
  123   424     0.13854221
  123   205     1.21508414
  124   628     1.90506423
  124   569    -0.09316222
  124   450    -1.48936238
  124   181     0.70999722
  125   210     0.33157945
  125   731    -0.95047995
  125   861    -0.71369002
  125   214     0.40082399
  126   977    -0.42734007
  126   334    -0.31383024
  126   738     0.62873208
  126   501     0.47274111
  127   588    -1.29904892
  127   686    -0.83382243
  127   604     0.76329636
  127   730     0.39052191
  128   968    -1.11654326
  128   956    -1.52823336
  128   111    -0.21742215
  128   108     1.00923953
  129   898     1.04400213
  129   100    -1.01779848
  129    18     0.35394606
  129   539     0.05052610
  130   152    -1.04204170
  130   294     0.50958795
  130   560    -1.04560040
  130    15    -0.84797931
  131   941    -0.80342682
  131   709     0.84498332
  131   250    -0.67469839
  131    55     0.70842050
  132   452    -1.05415449
  132   616     0.04012257
  132   710    -0.81656771
  132   969     0.65764393
  133   896     0.37597794
  133   781     1.59621093
  133   719    -0.59629778
  133   402     0.71201770
  134   366     0.85488865
  134   439    -0.47797658
  134   420    -0.27488975
  134   493     0.40563834
  135   627    -2.10293979
  135   544     0.86566439
  135   370     0.97258117
  135   802     0.28681743
  136   269    -1.43840487
  136   257     0.00881256
  136    38    -2.19028900
  136   845     1.10354384
  137   362     1.49715892
  137   992     0.16020354
  137   138     0.25344131
  137   908    -0.21838863
  138    84     0.66097435
  138   396    -0.97641191
  138   229    -0.81273161
  138   137     0.25344131
  139   338     0.67402132
  139   482    -0.75372468
  139    64     1.08299992
  139    15    -0.80454838
  140    35     0.08716943
  140   448    -1.37791814
  140   676     0.35750860
  140   377     0.98437069
  141    45     0.28310639
  141   639    -0.33915143
  141    60     1.46486468
  141    15     0.16944155
  142   221    -0.54696806
  142   113     0.72034928
  142   454     0.12795732
  142   555    -0.57822990
  143   606     0.84896259
  143   863    -0.02709659
  143   916     0.47654994
  143   192     0.29698616
  144   953     1.19989381
  144   448    -1.50841443
  144   528     0.25133868
  144    31     1.24774612
  145   880     0.80172885
  145   655     0.96665832
  145   960     0.99622236
  145   776     1.50880763
  146   951     0.50572706
  146   330    -0.44647794
  146   380    -1.05974776
  146   526    -0.24403964
  147   572    -0.44818734
  147   371     0.97016381
  147   436    -0.14267174
  147   158    -0.87167170
  148   459     0.26277594
  148   925     1.63882063
  148   542    -0.16226750
  148   859     1.52641286
  149   619     1.14041293
  149   238    -0.11339365
  149   209    -1.60804082
  149   431    -0.10343554
  150   311     1.25330325
  150    57    -0.92227474
  150   733    -1.25935801
  150    92     1.66004481
  151   637    -0.28802890
  151   218    -1.25684776
  151   106    -2.13767277
  151   589     0.27960950
  152   368    -0.97124627
  152   130    -1.04204170
  152   122    -0.84925235
  152   837    -0.75513538
  153     0    -0.91396471
  153   584    -1.22827195
  153   351     0.23837788
  153   567     1.33224176
  154   455     0.22050429
  154   346    -0.33644267
  154   111     0.25607595
  154   934    -0.96013918
  155   364     0.52834487
  155   236     1.00029319
  155   536     0.85639884
  155   338    -0.27439277
  156   485    -0.61230777
  156    41    -1.45287067
  156   241     0.29450191
  156   470     0.06954330
  157   733     1.68466819
  157   701     0.83605231
  157   667     0.27008214
  157   694    -0.09643565
  158   823     0.70487667
  158    46    -0.81095188
  158   147    -0.87167170
  158   447     0.34062399
  159   118     1.16129270
  159   821    -0.44242251
  159   953    -0.44985992
  159   234     1.08944675
  160    97    -0.09014972
  160   696    -0.41919990
  160   756    -0.09529776
  160   909    -0.31563770
  161   933     0.97007691
  161   441    -0.28351343
  161   875    -0.00596751
  161   749    -0.61718053
  162   323    -1.43755428
  162   960     1.85199889
  162   760     0.10210824
  162   658    -0.08903132
  163   689     0.83230692
  163   539    -0.10724009
  163   291    -1.23542261
  163   436     1.35493949
  164   404     0.55515386
  164   858    -0.53061713
  164   538     0.02464066
  164   602     0.72788428
  165   469     0.33508674
  165   918     0.20760167
  165   582     1.13842615
  165   696     1.28205925
  166    59    -0.05699380
  166   338    -1.47562443
  166   825    -0.18413806
  166   571    -0.32726809
  167   432     0.24588954
  167    47     0.31793481
  167   669    -1.70482023
  167   387     1.93278166
  168   959    -0.19905909
  168   253    -0.69430999
  168   429    -0.49653396
  168   907    -1.10583757
  169   654    -1.72806322
  169   432    -0.73351102
  169   914     0.13951463
  169    93     0.86977111
  170   612     0.29512372
  170   569     0.32504428
  170   346    -0.34117676
  170   261    -1.72283789
  171   179    -0.18646166
  171    17    -2.04692164
  171    81     0.71752601
  171   663     0.37197528
  172   335     1.08294284
  172   983    -0.39595376
  172   559     0.29391155
  172   867     0.69566281
  173    49    -0.78293109
  173   870    -0.47494517
  173   876    -3.43771039
  173   807     1.03245155
  174   729    -0.32982744
  174   862    -1.69323857
  174   200     0.29882127
  174   717    -0.69483529
  175   460    -0.37122684
  175   793    -0.22008400
  175   108    -1.02613220
  175   347     1.28088104
  176   228    -0.86030235
  176   568    -0.65515047
  176   242    -1.20899687
  176   777    -0.74722203
  177   704    -0.16885331
  177   495    -0.53805763
  177   837    -0.97421613
  177   652    -2.68267558
  178   326    -1.05164329
  178   191    -1.01633352
  178   706     0.85962269
  178   301    -0.18185923
  179   171    -0.18646166
  179   458     0.91874908
  179   897     1.08619564
  179   223    -0.00803481
  180   833     0.22791315
  180   322     0.19035464
  180   598    -0.85807593
  180   802    -1.09990719
  181   948    -0.55003427
  181   124     0.70999722
  181   388     1.47734525
  181    30    -0.52221812
  182   742     0.88729102
  182   336     0.94182487
  182   649    -0.60513632
  182   184     0.83262109
  183   478     0.53767092
  183   540    -1.26051065
  183   114    -1.42937640
  183   783    -1.09697927
  184   451     0.93756784
  184   285    -0.48031874
  184    72    -0.83350085
  184   182     0.83262109
  185   835    -0.85355605
  185   611     0.73404639
  185    57     0.75382881
  185   288    -1.12450914
  186   616    -0.15186481
  186   811    -0.75411183
  186   230     0.43565250
  186   609     0.04178204
  187   236     0.55989688
  187   203     0.28615484
  187   608    -1.39167036
  187   679     0.15266419
  188   630    -0.20292522
  188   273    -0.12608004
  188   744     1.32051575
  188   116     2.66893821
  189   405    -0.64769882
  189   479     1.18614654
  189   555     0.87941419
  189   750    -0.91995081
  190   230     0.93458020
  190   249    -1.78470702
  190   604    -0.06216246
  190   997     0.27419295
  191   595    -0.14490236
  191   842     0.61930132
  191   178    -1.01633352
  191    23    -0.29197715
  192   526    -0.86486991
  192   430    -1.31195421
  192   143     0.29698616
  192   225    -0.02130727
  193   453     1.20150274
  193   659    -0.47481449
  193    53     0.34228445
  193    43    -1.45640779
  194   551     0.65544347
  194   964     0.49999057
  194   592    -1.02508191
  194   240    -0.37407730
  195    16    -0.82488352
  195   596     0.73741266
  195   107     2.84290653
  195   289     0.53782666
  196   819    -1.09284431
  196   384     0.46187485
  196   281     1.04982489
  196   563    -0.35502322
  197   374    -1.72591655
  197    29     0.36737750
  197   904     0.37141010
  197   211    -0.28968668
  198   292     0.13966653
  198   805    -1.31022248
  198   715     1.21800434
  198   497     0.42819340
  199    34    -1.15374935
  199   887    -1.43849291
  199   939     0.33808304
  199   446    -0.55897826
  200   205    -0.16436331
  200   551     1.22596092
  200   174     0.29882127
  200   383     1.01324912
  201   389    -1.52544506
  201   324    -0.53887860
  201   606     0.58850569
  201   565    -1.08451234
  202   439     2.42164489
  202   588    -0.03189143
  202   643     0.22587073
  202   309    -0.37883420
  203   732    -0.59350664
  203   888     1.32502288
  203   187     0.28615484
  203   977    -0.48447829
  204   623     0.75158769
  204    95    -1.95249464
  204   445     0.27377584
  204   850    -0.11174330
  205   200    -0.16436331
  205   398     2.96136809
  205   968    -1.05520170
  205   123     1.21508414
  206   213     1.22758858
  206   857     0.19130598
  206   983    -0.08537112
  206   902     1.78218437
  207   426    -0.52126586
  207   646    -1.93922956
  207     4     0.23803349
  207   508    -0.78792294
  208   829     1.68833066
  208    82     0.44440633
  208   468     0.90300417
  208   781     1.02159403
  209   321    -1.48482831
  209   779    -2.81465585
  209   596    -0.57644248
  209   149    -1.60804082
  210   115     0.20311224
  210   125     0.33157945
  210   927    -0.14834240
  210   943    -0.39550831
  211   932     1.60289974
  211   491    -0.18556523
  211   706    -1.07808571
  211   197    -0.28968668
  212   267     0.03288129
  212   691     1.33806848
  212   897    -0.26954183
  212    36    -0.23388458
  213   206     1.22758858
  213   712    -0.62359316
  213   251     0.10108529
  213   434     0.30516487
  214   740    -0.89847243
  214   912     0.70865014
  214   698    -1.35547097
  214   125     0.40082399
  215   438    -1.85139905
  215   801    -0.86975366
  215   277     0.80304241
  215   366    -0.36728090
  216   878    -1.54689947
  216   417    -0.59112702
  216   557     0.11999820
  216   817     0.97107363
  217   304     0.24676659
  217   830    -0.62303041
  217    32     1.31953813
  217    13    -0.89530920
  218    79     0.12001203
  218   151    -1.25684776
  218   341     0.14566854
  218   427    -0.73474223
  219   760     0.06360957
  219   363     0.17734221
  219   424     0.69428006
  219   972    -0.35938288
  220    42     0.96508343
  220   686    -2.00493661
  220   869     0.42585954
  220   109     0.14169471
  221   289    -0.04880094
  221    60     1.60243712
  221   142    -0.54696806
  221   512    -0.95593667
  222   581     1.28275931
  222   478    -0.41564306
  222   998     0.57138059
  222   505     0.80159649
  223   636    -0.46103644
  223   859    -0.02215235
  223   987     0.66537578
  223   179    -0.00803481
  224   692     0.58580115
  224   520     1.25549297
  224   335    -0.29078698
  224   800     0.22180623
  225    78    -0.01162869
  225   103     0.30788394
  225    90    -0.82539704
  225   192    -0.02130727
  226   558    -0.46820251
  226   341     2.17998494
  226   478    -0.04591697
  226   460     1.70507959
  227   818     0.47166727
  227   683    -0.72705817
  227   534     1.81484335
  227    72     1.44061468
  228   176    -0.86030235
  228   376    -1.00268078
  228   530     1.43621650
  228    95    -0.95830595
  229    94     1.63606700
  229   138    -0.81273161
  229   687     0.62976786
  229   871    -0.87265649
  230   190     0.93458020
  230   186     0.43565250
  230    60    -0.09071041
  230   529    -0.32008568
  231   886    -1.02852147
  231   420    -0.22304734
  231    49    -0.96101606
  231   749    -0.36069465
  232   347    -0.34172677
  232   746    -2.95176744
  232    68    -0.96439938
  232   471     0.17719081
  233   238     0.29366026
  233   506    -0.43844140
  233   463    -0.66148419
  233   841     1.84653435
  234   676    -0.81514144
  234   611    -0.26896977
  234   159     1.08944675
  234   239     0.67362953
  235   923    -1.09519788
  235   821    -1.44272818
  235   833    -0.47232732
  235   642    -0.02848405
  236   187     0.55989688
  236   155     1.00029319
  236   751     0.43402223
  236   375     1.42924744
  237   908    -0.25104061
  237   622     0.03382449
  237   107    -0.22614984
  237   532     0.39946782
  238   233     0.29366026
  238   149    -0.11339365
  238   767     0.11765393
  238   293    -0.95430792
  239   455    -1.20865299
  239   336    -0.03194310
  239   481    -0.30799636
  239   234     0.67362953
  240   381    -1.82199481
  240    35    -0.57708297
  240    47    -0.23929262
  240   194    -0.37407730
  241   156     0.29450191
  241   310    -1.51843964
  241   502     1.67470419
  241   799     0.37490183
  242   978    -1.69276667
  242   786     0.74771253
  242   773     0.68126019
  242   176    -1.20899687
  243   962    -1.15258894
  243    62     0.13934702
  243   462     0.15358567
  243   734    -0.81861949
  244   109     0.33655019
  244   259    -0.49894643
  244    46     0.89414112
  244   552    -0.27411802
  245   815    -0.21156084
  245   641     1.14250650
  245   672     0.87092877
  245   985     0.16527875
  246    82     0.84939360
  246   813    -0.19719893
  246   309    -0.67162527
  246   107     0.62602613
  247   869     0.61384686
  247   320    -0.51970050
  247   337    -0.19673249
  247   926    -1.53450556
  248   705    -1.38617066
  248   888    -0.29055801
  248    22     1.32242082
  248   324     0.13228677
  249   190    -1.78470702
  249   625    -0.31457307
  249   324    -0.08937288
  249   688     0.43684317
  250   638    -0.28478187
  250   131    -0.67469839
  250   671     1.18391082
  250   562     1.02029569
  251   359     2.27500624
  251   213     0.10108529
  251   752    -1.04905010
  251   988     0.77575613
  252   443     0.53778704
  252   456     0.07241654
  252   841     0.37423918
  252   814     2.20926735
  253   422     1.20057910
  253   889     1.11829254
  253   168    -0.69430999
  253   834     0.05190004
  254   477     1.10947327
  254   379     0.91174105
  254   718     1.27336799
  254   289    -0.91720881
  255   264     1.19845371
  255   880    -0.22396669
  255   394     1.27120399
  255   959     0.21145502
  256   507     0.66250493
  256   645    -3.88489623
  256   663    -0.55270378
  256   458    -0.15990886
  257   136     0.00881256
  257   630    -1.69264545
  257   435     1.11325658
  257   297     0.02467036
  258   497    -0.20281513
  258   644     0.10942228
  258   330     0.37327490
  258    89    -1.94995396
  259   304    -0.94650377
  259   244    -0.49894643
  259   647     0.61643896
  259   613     0.33887484
  260   794     0.43546184
  260   456     0.51509687
  260   372     0.78945617
  260    70     0.19612500
  261   870     0.21743884
  261   796     0.22372133
  261   910     0.59640777
  261   170    -1.72283789
  262    99     1.86762817
  262    55    -0.15269797
  262   824     0.32949797
  262   474    -1.42000027
  263   788    -1.13108670
  263   401     0.11142240
  263   396     2.31704503
  263   440     0.19710288
  264    52    -1.46477111
  264   449     2.57837934
  264   255     1.19845371
  264   325     0.05674698
  265   783    -0.75157897
  265    40    -0.99595291
  265   595    -0.51108933
  265    73    -0.98649317
  266   689     0.34418689
  266   589    -1.43701282
  266   787     1.27234891
  266   382     1.23241656
  267   952     0.07664683
  267   212     0.03288129
  267   980     0.38992812
  267   315    -2.52141066
  268    48    -0.70335974
  268   874     0.44460437
  268   699     2.73936736
  268    27    -0.92279380
  269   136    -1.43840487
  269   311     0.54253557
  269   756    -1.61728514
  269   964     1.23881865
  270   414    -0.73149096
  270   399     1.09009204
  270   666    -0.67491070
  270   805     0.89789457
  271   453     0.39508665
  271   822    -0.10131837
  271   341     2.69410515
  271    80    -1.08861356
  272   105    -3.18841539
  272    27    -0.00630791
  272   951    -0.62825679
  272   827     0.56901367
  273   557     0.42222357
  273   851     0.83996608
  273   432    -2.32616690
  273   188    -0.12608004
  274   538    -0.89530830
  274   402     0.69538928
  274   706     0.86840612
  274   497     0.80873481
  275   390     1.29687531
  275   652     0.33688528
  275    87    -0.95495269
  275   879     1.19105543
  276   665     0.12866372
  276   691    -0.31820476
  276   645    -0.16940296
  276   931     0.50440801
  277   374    -0.23798488
  277   827     1.25336500
  277   215     0.80304241
  277    11    -0.39274730
  278   771     0.29266811
  278   324     0.21644019
  278   349    -0.93948699
  278   466     0.55469494
  279   504     0.00341008
  279   944     1.15894872
  279   941     0.88515212
  279    98    -0.46426913
  280   716    -0.94079580
  280   373     0.15664810
  280   660     2.07343717
  280   717     1.29170984
  281   451     0.79654816
  281   196     1.04982489
  281   930    -0.92418274
  281   378     0.03662338
  282   381     0.13025663
  282   559    -0.90111904
  282   321     0.08285293
  282   597     0.35436716
  283   975    -0.37906679
  283   735     0.27594415
  283   472     1.03249747
  283   482     0.16105762
  284   671    -1.04259956
  284    70    -2.32630521
  284    41    -0.22907664
  284   843    -0.28168750
  285   184    -0.48031874
  285   619     0.34612107
  285   554    -0.90431098
  285   831    -1.41110052
  286   399    -0.32270567
  286   531     0.60849543
  286   899     0.34920345
  286   614    -0.41818891
  287   544     0.05932543
  287   358     1.07062533
  287   874     0.77195704
  287   480     0.39948542
  288   352    -0.89185169
  288   715    -2.41482876
  288   185    -1.12450914
  288    57    -0.43145117
  289   221    -0.04880094
  289    21     0.36007862
  289   254    -0.91720881
  289   195     0.53782666
  290   320     0.87584917
  290   474    -1.76072987
  290   484    -0.02041532
  290   387     0.50969883
  291   939     0.18107510
  291   355    -0.91606239
  291   163    -1.23542261
  291   945    -0.24381738
  292   198     0.13966653
  292   747     1.36692018
  292   743    -0.25590965
  292   553    -1.22098613
  293   901     0.68014967
  293   431    -0.48419405
  293   786     1.09293996
  293   238    -0.95430792
  294   130     0.50958795
  294   981     1.44974178
  294   831    -0.01420821
  294   547    -0.59793699
  295    87     0.15410744
  295   361     0.86646132
  295   989    -0.72580074
  295   902     0.90084770
  296   117    -0.22106418
  296   316     1.30353345
  296   371    -0.18886332
  296   835     0.90194862
  297   785    -0.21788870
  297   452    -1.22645785
  297   257     0.02467036
  297   752     0.67739264
  298   345    -0.33362785
  298   494     1.32264865
  298    39     0.71472887
  298   113    -1.21147374
  299   932     0.33773807
  299   690     0.83526497
  299   500    -0.32805783
  299   305     0.76658936
  300    47     1.08738780
  300   860    -0.62790850
  300   954    -0.02309777
  300   765    -0.84364720
  301    81    -1.13209323
  301   676    -1.32461406
  301   533     0.86873835
  301   178    -0.18185923
  302   960     0.19304479
  302   554     0.20236804
  302   695     0.23309140
  302   726     0.97611039
  303   571     1.60364280
  303    63     0.14870268
  303   352     0.77947550
  303    30    -0.25770214
  304   259    -0.94650377
  304   560     0.19952174
  304   217     0.24676659
  304   390    -0.41704573
  305   396    -0.14941160
  305    96    -1.23868532
  305   505    -0.02518677
  305   299     0.76658936
  306   472     1.31665538
  306   348    -1.78661964
  306   423    -1.17034481
  306   632     1.52104703
  307   604     0.14465960
  307   477     1.11739123
  307   442    -0.86278746
  307   679    -0.16083976
  308   490     0.14223801
  308   986    -2.34184390
  308   512    -0.02134966
  308   309    -0.49994575
  309   114     0.30270127
  309   246    -0.67162527
  309   308    -0.49994575
  309   202    -0.37883420
  310   393    -0.62969687
  310   935    -0.40710343
  310   241    -1.51843964
  310   102     0.68890664
  311   150     1.25330325
  311   269     0.54253557
  311   613    -0.01925132
  311   399     0.54014547
  312   922     0.33198406
  312    36     1.17583296
  312   671     0.85882607
  312   682    -0.61120454
  313    69     0.52846383
  313   946     0.39819149
  313   775     0.23685782
  313     2    -0.76027533
  314   331     0.14265055
  314   413     0.12678289
  314   890    -0.69033863
  314   700     0.23697045
  315   360     1.18543656
  315    29    -1.07841571
  315   630    -0.96729772
  315   267    -2.52141066
  316   296     1.30353345
  316   722    -0.63641487
  316   768     0.40658225
  316   322    -0.40366442
  317   493    -0.53868971
  317   819     0.17477987
  317   996    -0.81063781
  317   766    -0.86838187
  318   958    -1.93120098
  318   885    -0.09239556
  318   711    -0.38519224
  318   615     0.11861140
  319    62     0.41510795
  319   737     0.53353270
  319   784     1.25866470
  319   377     0.13902860
  320   290     0.87584917
  320   750     0.42610369
  320   247    -0.51970050
  320   500     0.08476999
  321   209    -1.48482831
  321   449     0.35330347
  321    32     1.05995256
  321   282     0.08285293
  322   180     0.19035464
  322    84     0.82355852
  322   846     0.37731142
  322   316    -0.40366442
  323   162    -1.43755428
  323   671     0.38099340
  323    10    -0.18317062
  323   947     0.69966963
  324   278     0.21644019
  324   201    -0.53887860
  324   249    -0.08937288
  324   248     0.13228677
  325     0     1.07160179
  325   912    -1.24331456
  325   599     0.04603173
  325   264     0.05674698
  326   492     1.07046909
  326   178    -1.05164329
  326   466    -1.09444061
  326   579    -0.91492031
  327   515    -1.42822087
  327    63     0.13094931
  327    45    -1.39430669
  327   519     0.82511001
  328   424    -0.13796788
  328   617    -0.58303020
  328   665    -0.54333901
  328    80    -0.76398271
  329   354     0.83713934
  329    35     1.00450332
  329   412     1.14889063
  329    77     0.56605916
  330   146    -0.44647794
  330   258     0.37327490
  330   461     0.57724408
  330   830    -1.01537556
  331   314     0.14265055
  331    78    -1.96209360
  331   986    -0.54806314
  331   921    -0.92083565
  332   803     0.02693602
  332   658    -0.17576322
  332   820    -1.31637821
  332    58    -1.66446052
  333   968     1.35819181
  333   505     0.38985191
  333   622     1.17055599
  333   785    -0.04893896
  334   888     0.74938947
  334   692     1.51321669
  334   666     0.62745361
  334   126    -0.31383024
  335   791    -1.04098036
  335   172     1.08294284
  335   224    -0.29078698
  335   771    -2.13120313
  336   817    -0.05325042
  336   590     0.35993941
  336   182     0.94182487
  336   239    -0.03194310
  337   650    -2.25972013
  337   713     0.59109880
  337   247    -0.19673249
  337   117    -0.68820270
  338   166    -1.47562443
  338   621    -0.56193443
  338   139     0.67402132
  338   155    -0.27439277
  339   664    -0.97257856
  339   766     0.16951580
  339   961     0.04424815
  339   871     0.34666526
  340   515    -0.07921661
  340   456    -0.92006259
  340   358    -2.04134799
  340   483    -0.86647689
  341   218     0.14566854
  341   799     0.30094319
  341   226     2.17998494
  341   271     2.69410515
  342   687    -1.09753928
  342   778    -2.23290773
  342   697     0.36520772
  342   528     1.35989697
  343   384    -0.60513661
  343   406     2.14223157
  343   461    -1.79705751
  343   860    -0.11861630
  344   618    -0.65398406
  344   812     0.43223098
  344   915     0.63334536
  344   602     0.98486137
  345   298    -0.33362785
  345   583     0.18835914
  345   692     1.15366970
  345   362     1.56278058
  346   154    -0.33644267
  346    68     0.38724807
  346   517     1.18155714
  346   170    -0.34117676
  347   232    -0.34172677
  347   769    -0.82551051
  347   175     1.28088104
  347   951    -0.26073043
  348   720     0.94518469
  348   852    -1.05435001
  348   306    -1.78661964
  348    73    -0.04387388
  349   588    -0.01082037
  349   668    -0.53151100
  349   278    -0.93948699
  349   624    -0.53264944
  350   886    -1.41684697
  350   721     0.42235153
  350   855     1.14086793
  350   120     0.10686747
  351   153     0.23837788
  351   693    -1.21219225
  351   782    -2.50685219
  351   738    -0.30201549
  352   987    -1.80737667
  352   979    -0.12273075
  352   288    -0.89185169
  352   303     0.77947550
  353    65    -0.24714751
  353   918    -0.45823708
  353   913     1.13190439
  353   430    -0.15730203
  354   455    -0.97425797
  354   329     0.83713934
  354   700    -1.58249785
  354   744    -1.01999708
  355   543    -0.14814958
  355   291    -0.91606239
  355    11    -0.84657665
  355    27    -0.39671506
  356   694    -0.55007603
  356   626     0.56420883
  356   521    -0.41900050
  356    67    -0.53398862
  357   905     0.79510799
  357   909    -0.57154310
  357   398     1.60031868
  357   473    -0.61823168
  358   287     1.07062533
  358   900    -0.92174341
  358   635     1.82612211
  358   340    -2.04134799
  359   251     2.27500624
  359   707    -1.27733541
  359   608    -0.09298256
  359   623    -1.25126005
  360   795    -0.88060976
  360   315     1.18543656
  360   907    -0.43222083
  360    61     0.10798795
  361   547    -0.32315380
  361   295     0.86646132
  361   827    -0.41900476
  361    76    -1.85209434
  362   137     1.49715892
  362   345     1.56278058
  362   377    -1.40711631
  362   719    -2.34164800
  363   780     0.75469075
  363   416    -0.04026759
  363   219     0.17734221
  363   794    -0.42132145
  364   155     0.52834487
  364   519     0.72136321
  364   425     0.81243248
  364   739     0.48862258
  365   440     0.13888161
  365   808    -0.69831748
  365   657     0.88724406
  365   562    -1.41484877
  366   134     0.85488865
  366   215    -0.36728090
  366   745    -0.54788062
  366    12     1.39144458
  367   924    -0.20375266
  367    28     0.75559688
  367   400    -0.94053759
  367   465     0.66607992
  368   152    -0.97124627
  368   597    -0.84164098
  368   402    -0.82508067
  368    68    -0.61113669
  369    54    -0.15748427
  369   578     1.18707946
