#Random lattice graph with connectivity C = 4
#Vertices:	Bonds:
#	1024		2048
    0     1    -0.09279896
    0    31    -2.10889554
    0    32     0.22857416
    0   992    -0.41770752
    1     0    -0.09279896
    1     2     0.58451230
    1    33    -0.22833250
    1   993     1.60840985
    2     1     0.58451230
    2     3    -0.98532368
    2    34     1.44345887
    2   994    -0.27901899
    3     2    -0.98532368
    3     4     1.91018661
    3    35     0.18642376
    3   995    -0.04605457
    4     3     1.91018661
    4     5    -0.39469739
    4    36    -0.96467895
    4   996     0.02350947
    5     4    -0.39469739
    5     6    -0.50975662
    5    37    -1.27242811
    5   997     0.67688536
    6     5    -0.50975662
    6     7    -0.31513502
    6    38     0.29000119
    6   998    -1.10793627
    7     6    -0.31513502
    7     8     0.43165200
    7    39    -0.02706820
    7   999    -1.05082027
    8     7     0.43165200
    8     9    -0.74371115
    8    40    -0.84288637
    8  1000     0.62034577
    9     8    -0.74371115
    9    10     1.66878245
    9    41     0.19265537
    9  1001     0.27124618
   10     9     1.66878245
   10    11     0.13226656
   10    42    -0.86581993
   10  1002    -0.88253523
   11    10     0.13226656
   11    12     0.04829793
   11    43     0.52428680
   11  1003    -0.42096780
   12    11     0.04829793
   12    13     0.26417444
   12    44     0.81666446
   12  1004     1.59533650
   13    12     0.26417444
   13    14    -2.33690284
   13    45     0.07055188
   13  1005     0.47662938
   14    13    -2.33690284
   14    15    -0.76231058
   14    46     0.69952535
   14  1006     0.20056652
   15    14    -0.76231058
   15    16    -0.65581848
   15    47     0.19076290
   15  1007    -1.71343021
   16    15    -0.65581848
   16    17     0.01876849
   16    48    -0.40896730
   16  1008     0.60323746
   17    16     0.01876849
   17    18     0.31518221
   17    49    -2.04091536
   17  1009    -0.46380954
   18    17     0.31518221
   18    19     1.03751923
   18    50    -0.35468986
   18  1010     2.35281367
   19    18     1.03751923
   19    20    -0.54188158
   19    51    -0.62646875
   19  1011     0.28430421
   20    19    -0.54188158
   20    21    -1.32906597
   20    52     0.04066608
   20  1012     0.48662956
   21    20    -1.32906597
   21    22    -0.04039091
   21    53     0.59784336
   21  1013    -0.55258506
   22    21    -0.04039091
   22    23    -0.50614710
   22    54     0.31005105
   22  1014     0.27347698
   23    22    -0.50614710
   23    24     1.47243449
   23    55     0.80639352
   23  1015     1.25586434
   24    23     1.47243449
   24    25     0.01286490
   24    56    -1.71360661
   24  1016     0.74245762
   25    24     0.01286490
   25    26     0.55156117
   25    57    -0.97068348
   25  1017     1.06073209
   26    25     0.55156117
   26    27    -2.25562030
   26    58     0.43438389
   26  1018    -0.41215017
   27    26    -2.25562030
   27    28    -0.81844555
   27    59    -0.59635592
   27  1019    -0.21253035
   28    27    -0.81844555
   28    29    -0.11481917
   28    60    -1.37538991
   28  1020     2.21433910
   29    28    -0.11481917
   29    30     0.33124136
   29    61     0.11005030
   29  1021     0.31475861
   30    29     0.33124136
   30    31     0.40222007
   30    62     1.54043583
   30  1022     0.77058500
   31     0    -2.10889554
   31    30     0.40222007
   31    63     0.04741645
   31  1023     1.08971400
   32     0     0.22857416
   32    33    -0.34399668
   32    63    -0.83922923
   32    64    -0.29054661
   33     1    -0.22833250
   33    32    -0.34399668
   33    34    -0.83946255
   33    65    -0.92264912
   34     2     1.44345887
   34    33    -0.83946255
   34    35     0.69527181
   34    66     0.80627883
   35     3     0.18642376
   35    34     0.69527181
   35    36     0.41600705
   35    67    -0.61866154
   36     4    -0.96467895
   36    35     0.41600705
   36    37     0.43943324
   36    68    -0.22906524
   37     5    -1.27242811
   37    36     0.43943324
   37    38    -1.09978360
   37    69    -0.69054270
   38     6     0.29000119
   38    37    -1.09978360
   38    39     0.32067182
   38    70    -1.51748688
   39     7    -0.02706820
   39    38     0.32067182
   39    40     1.50979186
   39    71    -1.10493359
   40     8    -0.84288637
   40    39     1.50979186
   40    41    -0.56716114
   40    72    -1.01316039
   41     9     0.19265537
   41    40    -0.56716114
   41    42     0.89628844
   41    73     1.24036886
   42    10    -0.86581993
   42    41     0.89628844
   42    43    -1.63705299
   42    74    -1.63851172
   43    11     0.52428680
   43    42    -1.63705299
   43    44    -0.13609297
   43    75    -0.91787827
   44    12     0.81666446
   44    43    -0.13609297
   44    45    -0.01379956
   44    76    -0.75854271
   45    13     0.07055188
   45    44    -0.01379956
   45    46     1.12689765
   45    77     1.73013786
   46    14     0.69952535
   46    45     1.12689765
   46    47    -0.43326129
   46    78    -0.36904761
   47    15     0.19076290
   47    46    -0.43326129
   47    48    -0.34755010
   47    79    -0.08106761
   48    16    -0.40896730
   48    47    -0.34755010
   48    49    -0.07227591
   48    80    -1.35767939
   49    17    -2.04091536
   49    48    -0.07227591
   49    50     1.39178403
   49    81    -0.54024383
   50    18    -0.35468986
   50    49     1.39178403
   50    51    -1.76370694
   50    82    -1.07517765
   51    19    -0.62646875
   51    50    -1.76370694
   51    52     0.79761682
   51    83     0.10383441
   52    20     0.04066608
   52    51     0.79761682
   52    53     0.26064398
   52    84    -0.85954556
   53    21     0.59784336
   53    52     0.26064398
   53    54    -1.18080855
   53    85     0.53265369
   54    22     0.31005105
   54    53    -1.18080855
   54    55     0.91020392
   54    86    -2.79433075
   55    23     0.80639352
   55    54     0.91020392
   55    56     0.12451106
   55    87     1.03399231
   56    24    -1.71360661
   56    55     0.12451106
   56    57     0.70088411
   56    88     0.55858061
   57    25    -0.97068348
   57    56     0.70088411
   57    58     0.69703981
   57    89     1.07176624
   58    26     0.43438389
   58    57     0.69703981
   58    59    -0.17655146
   58    90    -0.63882139
   59    27    -0.59635592
   59    58    -0.17655146
   59    60    -0.19703969
   59    91    -1.25920827
   60    28    -1.37538991
   60    59    -0.19703969
   60    61    -0.23900860
   60    92     1.23801717
   61    29     0.11005030
   61    60    -0.23900860
   61    62     0.17290218
   61    93     0.41933705
   62    30     1.54043583
   62    61     0.17290218
   62    63    -0.14870996
   62    94    -1.38220010
   63    31     0.04741645
   63    32    -0.83922923
   63    62    -0.14870996
   63    95     0.03941013
   64    32    -0.29054661
   64    65    -0.37086145
   64    95    -0.07140513
   64    96    -0.35871421
   65    33    -0.92264912
   65    64    -0.37086145
   65    66     0.83389151
   65    97     0.17764752
   66    34     0.80627883
   66    65     0.83389151
   66    67     1.42145913
   66    98    -0.62189217
   67    35    -0.61866154
   67    66     1.42145913
   67    68     0.68015466
   67    99     1.13685925
   68    36    -0.22906524
   68    67     0.68015466
   68    69     0.76971739
   68   100    -1.67256521
   69    37    -0.69054270
   69    68     0.76971739
   69    70    -0.88608093
   69   101     0.26808159
   70    38    -1.51748688
   70    69    -0.88608093
   70    71     0.10029930
   70   102    -2.13728823
   71    39    -1.10493359
   71    70     0.10029930
   71    72     0.34206820
   71   103     0.42544071
   72    40    -1.01316039
   72    71     0.34206820
   72    73     0.43443464
   72   104     0.86842629
   73    41     1.24036886
   73    72     0.43443464
   73    74    -1.11266241
   73   105     1.53317165
   74    42    -1.63851172
   74    73    -1.11266241
   74    75    -0.33425461
   74   106    -1.40934452
   75    43    -0.91787827
   75    74    -0.33425461
   75    76    -0.44927150
   75   107     0.28867635
   76    44    -0.75854271
   76    75    -0.44927150
   76    77     0.61134166
   76   108     0.10011414
   77    45     1.73013786
   77    76     0.61134166
   77    78     0.57761206
   77   109     0.90347015
   78    46    -0.36904761
   78    77     0.57761206
   78    79     1.09025878
   78   110     0.52084680
   79    47    -0.08106761
   79    78     1.09025878
   79    80    -0.20245510
   79   111    -0.21862749
   80    48    -1.35767939
   80    79    -0.20245510
   80    81     0.20070186
   80   112     1.63000824
   81    49    -0.54024383
   81    80     0.20070186
   81    82    -1.68264089
   81   113    -1.35535193
   82    50    -1.07517765
   82    81    -1.68264089
   82    83     1.05741797
   82   114    -1.08782312
   83    51     0.10383441
   83    82     1.05741797
   83    84     0.05917764
   83   115    -0.08704397
   84    52    -0.85954556
   84    83     0.05917764
   84    85     0.67727899
   84   116     0.28033443
   85    53     0.53265369
   85    84     0.67727899
   85    86     2.58939866
   85   117     0.72423315
   86    54    -2.79433075
   86    85     2.58939866
   86    87     0.38634756
   86   118    -1.06670793
   87    55     1.03399231
   87    86     0.38634756
   87    88     1.24682570
   87   119    -0.34395829
   88    56     0.55858061
   88    87     1.24682570
   88    89    -0.29927105
   88   120     0.41302158
   89    57     1.07176624
   89    88    -0.29927105
   89    90    -1.09066877
   89   121     0.07549221
   90    58    -0.63882139
   90    89    -1.09066877
   90    91    -1.31879956
   90   122     0.66604421
   91    59    -1.25920827
   91    90    -1.31879956
   91    92    -1.44613290
   91   123     0.64707953
   92    60     1.23801717
   92    91    -1.44613290
   92    93     0.17748892
   92   124     0.41533520
   93    61     0.41933705
   93    92     0.17748892
   93    94    -1.45166961
   93   125    -1.27384889
   94    62    -1.38220010
   94    93    -1.45166961
   94    95     0.30570442
   94   126    -1.18761712
   95    63     0.03941013
   95    64    -0.07140513
   95    94     0.30570442
   95   127    -0.86018064
   96    64    -0.35871421
   96    97     0.08480847
   96   127    -1.55111026
   96   128     1.38038169
   97    65     0.17764752
   97    96     0.08480847
   97    98     1.13442369
   97   129     0.06835747
   98    66    -0.62189217
   98    97     1.13442369
   98    99    -0.46138617
   98   130    -0.32613576
   99    67     1.13685925
   99    98    -0.46138617
   99   100     0.48530563
   99   131     0.28540118
  100    68    -1.67256521
  100    99     0.48530563
  100   101     0.65265909
  100   132    -0.26859689
  101    69     0.26808159
  101   100     0.65265909
  101   102     1.46549725
  101   133    -0.64545412
  102    70    -2.13728823
  102   101     1.46549725
  102   103    -0.21676742
  102   134     1.20952334
  103    71     0.42544071
  103   102    -0.21676742
  103   104     1.44889814
  103   135     0.75419413
  104    72     0.86842629
  104   103     1.44889814
  104   105     0.55054774
  104   136     0.05624111
  105    73     1.53317165
  105   104     0.55054774
  105   106    -0.39912573
  105   137     1.22168212
  106    74    -1.40934452
  106   105    -0.39912573
  106   107    -0.85631193
  106   138     1.04767058
  107    75     0.28867635
  107   106    -0.85631193
  107   108    -0.27554070
  107   139     0.08253292
  108    76     0.10011414
  108   107    -0.27554070
  108   109     0.73290854
  108   140    -0.17397907
  109    77     0.90347015
  109   108     0.73290854
  109   110    -1.26901735
  109   141    -0.02505276
  110    78     0.52084680
  110   109    -1.26901735
  110   111     0.18963827
  110   142     0.67132947
  111    79    -0.21862749
  111   110     0.18963827
  111   112    -0.34155627
  111   143    -0.18519063
  112    80     1.63000824
  112   111    -0.34155627
  112   113    -0.09793112
  112   144     0.94854404
  113    81    -1.35535193
  113   112    -0.09793112
  113   114    -2.04469645
  113   145    -0.62555339
  114    82    -1.08782312
  114   113    -2.04469645
  114   115     0.43724010
  114   146    -0.41733393
  115    83    -0.08704397
  115   114     0.43724010
  115   116     0.02354233
  115   147    -0.22090245
  116    84     0.28033443
  116   115     0.02354233
  116   117     0.30885384
  116   148    -0.36192641
  117    85     0.72423315
  117   116     0.30885384
  117   118     0.80776888
  117   149     1.77897265
  118    86    -1.06670793
  118   117     0.80776888
  118   119     1.67614740
  118   150     0.00390245
  119    87    -0.34395829
  119   118     1.67614740
  119   120    -0.78953964
  119   151     0.52177870
  120    88     0.41302158
  120   119    -0.78953964
  120   121     0.70013729
  120   152     1.34072638
  121    89     0.07549221
  121   120     0.70013729
  121   122     0.38861364
  121   153     0.72558024
  122    90     0.66604421
  122   121     0.38861364
  122   123     0.27988075
  122   154     0.51813612
  123    91     0.64707953
  123   122     0.27988075
  123   124     1.32609765
  123   155     0.30332253
  124    92     0.41533520
  124   123     1.32609765
  124   125    -0.28122179
  124   156    -0.65945944
  125    93    -1.27384889
  125   124    -0.28122179
  125   126     0.86997468
  125   157     1.75033819
  126    94    -1.18761712
  126   125     0.86997468
  126   127     1.03557553
  126   158    -0.05812109
  127    95    -0.86018064
  127    96    -1.55111026
  127   126     1.03557553
  127   159     0.10038630
  128    96     1.38038169
  128   129    -0.64100607
  128   159    -1.35214441
  128   160     1.10555327
  129    97     0.06835747
  129   128    -0.64100607
  129   130     1.99699422
  129   161     1.07213395
  130    98    -0.32613576
  130   129     1.99699422
  130   131    -0.81260744
  130   162    -0.66193165
  131    99     0.28540118
  131   130    -0.81260744
  131   132    -2.65257876
  131   163    -0.21902985
  132   100    -0.26859689
  132   131    -2.65257876
  132   133     0.06436368
  132   164    -0.41509179
  133   101    -0.64545412
  133   132     0.06436368
  133   134     1.35426308
  133   165     0.07320226
  134   102     1.20952334
  134   133     1.35426308
  134   135     0.06805380
  134   166     0.19407497
  135   103     0.75419413
  135   134     0.06805380
  135   136     0.99703756
  135   167     0.15711386
  136   104     0.05624111
  136   135     0.99703756
  136   137    -0.75409306
  136   168     0.31999787
  137   105     1.22168212
  137   136    -0.75409306
  137   138    -0.95695653
  137   169     0.95980360
  138   106     1.04767058
  138   137    -0.95695653
  138   139     0.81075819
  138   170    -0.61691985
  139   107     0.08253292
  139   138     0.81075819
  139   140    -0.04448234
  139   171     1.31560150
  140   108    -0.17397907
  140   139    -0.04448234
  140   141    -0.61115133
  140   172    -0.90774811
  141   109    -0.02505276
  141   140    -0.61115133
  141   142     0.66950165
  141   173    -1.66735010
  142   110     0.67132947
  142   141     0.66950165
  142   143    -0.36629361
  142   174     0.32632093
  143   111    -0.18519063
  143   142    -0.36629361
  143   144     2.64247434
  143   175     1.54135562
  144   112     0.94854404
  144   143     2.64247434
  144   145    -0.27979674
  144   176    -0.46624158
  145   113    -0.62555339
  145   144    -0.27979674
  145   146    -0.70195056
  145   177    -0.52253238
  146   114    -0.41733393
  146   145    -0.70195056
  146   147     0.11206924
  146   178    -0.52219790
  147   115    -0.22090245
  147   146     0.11206924
  147   148     0.52467233
  147   179    -1.50414353
  148   116    -0.36192641
  148   147     0.52467233
  148   149     0.82687379
  148   180     0.40820557
  149   117     1.77897265
  149   148     0.82687379
  149   150    -0.71626144
  149   181     0.57874485
  150   118     0.00390245
  150   149    -0.71626144
  150   151    -0.82171768
  150   182    -0.49847697
  151   119     0.52177870
  151   150    -0.82171768
  151   152     0.09270272
  151   183     0.59894634
  152   120     1.34072638
  152   151     0.09270272
  152   153    -0.55479330
  152   184     0.64468960
  153   121     0.72558024
  153   152    -0.55479330
  153   154     0.87399938
  153   185     0.36559069
  154   122     0.51813612
  154   153     0.87399938
  154   155    -0.13914368
  154   186     0.53998142
  155   123     0.30332253
  155   154    -0.13914368
  155   156    -1.10504751
  155   187    -1.24052101
  156   124    -0.65945944
  156   155    -1.10504751
  156   157    -0.55285900
  156   188    -0.24673826
  157   125     1.75033819
  157   156    -0.55285900
  157   158     0.90315545
  157   189     0.12818801
  158   126    -0.05812109
  158   157     0.90315545
  158   159    -0.77267439
  158   190     0.39019568
  159   127     0.10038630
  159   128    -1.35214441
  159   158    -0.77267439
  159   191     1.47307369
  160   128     1.10555327
  160   161    -0.36333568
  160   191    -0.18250829
  160   192     1.07434060
  161   129     1.07213395
  161   160    -0.36333568
  161   162    -0.36478498
  161   193    -0.83749028
  162   130    -0.66193165
  162   161    -0.36478498
  162   163    -0.06677816
  162   194     0.98949122
  163   131    -0.21902985
  163   162    -0.06677816
  163   164     0.35608604
  163   195    -0.58542669
  164   132    -0.41509179
  164   163     0.35608604
  164   165     1.05256279
  164   196    -0.86053150
  165   133     0.07320226
  165   164     1.05256279
  165   166    -0.54375944
  165   197     1.63016221
  166   134     0.19407497
  166   165    -0.54375944
  166   167     0.02896864
  166   198     1.43654371
  167   135     0.15711386
  167   166     0.02896864
  167   168     1.60938537
  167   199     0.32346811
  168   136     0.31999787
  168   167     1.60938537
  168   169    -1.77974090
  168   200     0.36513112
  169   137     0.95980360
  169   168    -1.77974090
  169   170     0.40923361
  169   201     0.37228001
  170   138    -0.61691985
  170   169     0.40923361
  170   171     0.61264428
  170   202    -0.45106947
  171   139     1.31560150
  171   170     0.61264428
  171   172     0.45310630
  171   203    -0.82923322
  172   140    -0.90774811
  172   171     0.45310630
  172   173    -0.98184474
  172   204    -0.18184723
  173   141    -1.66735010
  173   172    -0.98184474
  173   174     0.13749013
  173   205    -1.11104414
  174   142     0.32632093
  174   173     0.13749013
  174   175    -0.72947827
  174   206     1.63695810
  175   143     1.54135562
  175   174    -0.72947827
  175   176    -0.27134189
  175   207    -0.76280748
  176   144    -0.46624158
  176   175    -0.27134189
  176   177     0.41754745
  176   208     0.56419233
  177   145    -0.52253238
  177   176     0.41754745
  177   178     0.97908433
  177   209    -0.95016056
  178   146    -0.52219790
  178   177     0.97908433
  178   179    -0.22465180
  178   210     0.46626854
  179   147    -1.50414353
  179   178    -0.22465180
  179   180    -0.57357568
  179   211    -1.71345394
  180   148     0.40820557
  180   179    -0.57357568
  180   181    -0.27503408
  180   212     0.83168319
  181   149     0.57874485
  181   180    -0.27503408
  181   182     1.03656676
  181   213    -0.22481884
  182   150    -0.49847697
  182   181     1.03656676
  182   183     2.74887101
  182   214    -0.15863968
  183   151     0.59894634
  183   182     2.74887101
  183   184     0.18263494
  183   215    -0.86180312
  184   152     0.64468960
  184   183     0.18263494
  184   185    -0.05239205
  184   216    -0.27357423
  185   153     0.36559069
  185   184    -0.05239205
  185   186    -1.82566745
  185   217     0.04334753
  186   154     0.53998142
  186   185    -1.82566745
  186   187    -0.52041665
  186   218    -2.02336336
  187   155    -1.24052101
  187   186    -0.52041665
  187   188    -0.23831167
  187   219    -0.96444817
  188   156    -0.24673826
  188   187    -0.23831167
  188   189    -1.69902805
  188   220    -0.68183194
  189   157     0.12818801
  189   188    -1.69902805
  189   190     0.87084229
  189   221     0.40271827
  190   158     0.39019568
  190   189     0.87084229
  190   191    -1.15782122
  190   222    -0.11333222
  191   159     1.47307369
  191   160    -0.18250829
  191   190    -1.15782122
  191   223     0.17322286
  192   160     1.07434060
  192   193     1.91193156
  192   223     1.27006106
  192   224    -0.16996803
  193   161    -0.83749028
  193   192     1.91193156
  193   194     0.53563997
  193   225    -0.41832350
  194   162     0.98949122
  194   193     0.53563997
  194   195     1.23556371
  194   226     0.28594671
  195   163    -0.58542669
  195   194     1.23556371
  195   196    -0.25022998
  195   227    -1.74709347
  196   164    -0.86053150
  196   195    -0.25022998
  196   197     1.67295923
  196   228     0.24778960
  197   165     1.63016221
  197   196     1.67295923
  197   198    -0.13602172
  197   229     1.60809793
  198   166     1.43654371
  198   197    -0.13602172
  198   199     0.66593766
  198   230     0.36647738
  199   167     0.32346811
  199   198     0.66593766
  199   200     1.25860854
  199   231     1.04213984
  200   168     0.36513112
  200   199     1.25860854
  200   201    -0.93476413
  200   232     0.08664973
  201   169     0.37228001
  201   200    -0.93476413
  201   202    -0.66087988
  201   233    -1.52941010
  202   170    -0.45106947
  202   201    -0.66087988
  202   203    -2.88129074
  202   234     2.49427073
  203   171    -0.82923322
  203   202    -2.88129074
  203   204     1.24605356
  203   235    -0.76897293
  204   172    -0.18184723
  204   203     1.24605356
  204   205    -0.53798073
  204   236     0.89976774
  205   173    -1.11104414
  205   204    -0.53798073
  205   206     1.18674447
  205   237    -0.58723001
  206   174     1.63695810
  206   205     1.18674447
  206   207     0.47743153
  206   238    -0.11043728
  207   175    -0.76280748
  207   206     0.47743153
  207   208    -0.24128139
  207   239    -0.84004443
  208   176     0.56419233
  208   207    -0.24128139
  208   209    -0.24757316
  208   240    -0.53506167
  209   177    -0.95016056
  209   208    -0.24757316
  209   210    -1.50576222
  209   241     0.22975240
  210   178     0.46626854
  210   209    -1.50576222
  210   211    -0.79602639
  210   242     0.49228325
  211   179    -1.71345394
  211   210    -0.79602639
  211   212     0.60943140
  211   243     1.82391919
  212   180     0.83168319
  212   211     0.60943140
  212   213    -0.25026400
  212   244     0.25214812
  213   181    -0.22481884
  213   212    -0.25026400
  213   214     2.83162469
  213   245    -0.90521212
  214   182    -0.15863968
  214   213     2.83162469
  214   215    -0.52248633
  214   246     0.68532037
  215   183    -0.86180312
  215   214    -0.52248633
  215   216     1.91376606
  215   247     0.21389643
  216   184    -0.27357423
  216   215     1.91376606
  216   217     0.25067553
  216   248    -1.25265320
  217   185     0.04334753
  217   216     0.25067553
  217   218    -0.80312022
  217   249     1.79126029
  218   186    -2.02336336
  218   217    -0.80312022
  218   219     0.25697140
  218   250     1.43005668
  219   187    -0.96444817
  219   218     0.25697140
  219   220    -1.39847349
  219   251     0.86591974
  220   188    -0.68183194
  220   219    -1.39847349
  220   221    -0.73985505
  220   252     0.73670598
  221   189     0.40271827
  221   220    -0.73985505
  221   222     0.49296458
  221   253     0.96689423
  222   190    -0.11333222
  222   221     0.49296458
  222   223     1.23764182
  222   254     1.06589265
  223   191     0.17322286
  223   192     1.27006106
  223   222     1.23764182
  223   255     0.06207583
  224   192    -0.16996803
  224   225    -0.19986192
  224   255     0.27227767
  224   256    -1.37454397
  225   193    -0.41832350
  225   224    -0.19986192
  225   226    -1.32842426
  225   257    -0.18260640
  226   194     0.28594671
  226   225    -1.32842426
  226   227     0.98785377
  226   258    -0.35193879
  227   195    -1.74709347
  227   226     0.98785377
  227   228     0.87746756
  227   259     2.26280798
  228   196     0.24778960
  228   227     0.87746756
  228   229    -0.96263855
  228   260    -0.30752504
  229   197     1.60809793
  229   228    -0.96263855
  229   230    -0.36102140
  229   261     0.59662036
  230   198     0.36647738
  230   229    -0.36102140
  230   231    -0.55553389
  230   262     1.54852274
  231   199     1.04213984
  231   230    -0.55553389
  231   232    -0.59834164
  231   263    -2.71492332
  232   200     0.08664973
  232   231    -0.59834164
  232   233     0.12237934
  232   264    -0.83731562
  233   201    -1.52941010
  233   232     0.12237934
  233   234     0.53502947
  233   265     0.90771068
  234   202     2.49427073
  234   233     0.53502947
  234   235    -1.17185076
  234   266    -0.01271863
  235   203    -0.76897293
  235   234    -1.17185076
  235   236     0.41699979
  235   267     0.11032571
  236   204     0.89976774
  236   235     0.41699979
  236   237    -0.69814111
  236   268     0.77078474
  237   205    -0.58723001
  237   236    -0.69814111
  237   238     0.86242308
  237   269    -0.47901090
  238   206    -0.11043728
  238   237     0.86242308
  238   239    -0.21922943
  238   270    -0.07128270
  239   207    -0.84004443
  239   238    -0.21922943
  239   240    -0.24528655
  239   271    -0.19190681
  240   208    -0.53506167
  240   239    -0.24528655
  240   241    -1.58045533
  240   272    -2.13127003
  241   209     0.22975240
  241   240    -1.58045533
  241   242    -0.39046388
  241   273     0.22786392
  242   210     0.49228325
  242   241    -0.39046388
  242   243     1.66053285
  242   274     0.81084124
  243   211     1.82391919
  243   242     1.66053285
  243   244    -1.04724485
  243   275     1.18607533
  244   212     0.25214812
  244   243    -1.04724485
  244   245    -1.23786427
  244   276     1.15509741
  245   213    -0.90521212
  245   244    -1.23786427
  245   246     0.80680407
  245   277     0.41952284
  246   214     0.68532037
  246   245     0.80680407
  246   247     1.34657299
  246   278     0.34670333
  247   215     0.21389643
  247   246     1.34657299
  247   248    -0.28266666
  247   279     0.82438908
  248   216    -1.25265320
  248   247    -0.28266666
  248   249    -0.20448843
  248   280    -0.78407663
  249   217     1.79126029
  249   248    -0.20448843
  249   250    -0.56995253
  249   281    -0.60782486
  250   218     1.43005668
  250   249    -0.56995253
  250   251     0.81205658
  250   282    -0.14047444
  251   219     0.86591974
  251   250     0.81205658
  251   252     0.46491556
  251   283     0.96761168
  252   220     0.73670598
  252   251     0.46491556
  252   253     0.67223372
  252   284    -1.37958477
  253   221     0.96689423
  253   252     0.67223372
  253   254     0.46249609
  253   285    -0.80680559
  254   222     1.06589265
  254   253     0.46249609
  254   255    -0.85603315
  254   286    -0.42484809
  255   223     0.06207583
  255   224     0.27227767
  255   254    -0.85603315
  255   287    -0.46517003
  256   224    -1.37454397
  256   257     0.67023962
  256   287     0.69994703
  256   288    -1.69838740
  257   225    -0.18260640
  257   256     0.67023962
  257   258     0.40438232
  257   289    -2.70486526
  258   226    -0.35193879
  258   257     0.40438232
  258   259    -0.67141462
  258   290    -0.27316995
  259   227     2.26280798
  259   258    -0.67141462
  259   260     0.70954363
  259   291    -1.88827819
  260   228    -0.30752504
  260   259     0.70954363
  260   261     0.35322885
  260   292    -0.24898199
  261   229     0.59662036
  261   260     0.35322885
  261   262    -1.00642339
  261   293     2.64123780
  262   230     1.54852274
  262   261    -1.00642339
  262   263    -0.75131480
  262   294    -0.96980530
  263   231    -2.71492332
  263   262    -0.75131480
  263   264    -0.76477641
  263   295     1.22953058
  264   232    -0.83731562
  264   263    -0.76477641
  264   265     1.50504645
  264   296     0.45968182
  265   233     0.90771068
  265   264     1.50504645
  265   266    -0.07353291
  265   297     0.37400588
  266   234    -0.01271863
  266   265    -0.07353291
  266   267    -0.27790252
  266   298     2.24861785
  267   235     0.11032571
  267   266    -0.27790252
  267   268    -0.05499624
  267   299    -0.34841153
  268   236     0.77078474
  268   267    -0.05499624
  268   269    -1.26725256
  268   300    -0.64072113
  269   237    -0.47901090
  269   268    -1.26725256
  269   270     1.45393572
  269   301    -1.39073075
  270   238    -0.07128270
  270   269     1.45393572
  270   271    -0.19995019
  270   302    -2.07152959
  271   239    -0.19190681
  271   270    -0.19995019
  271   272     0.83244317
  271   303    -1.38598496
  272   240    -2.13127003
  272   271     0.83244317
  272   273     0.48503179
  272   304    -0.23398618
  273   241     0.22786392
  273   272     0.48503179
  273   274     2.39641769
  273   305     1.15076787
  274   242     0.81084124
  274   273     2.39641769
  274   275     1.37212636
  274   306     0.66777775
  275   243     1.18607533
  275   274     1.37212636
  275   276     1.21094724
  275   307     0.03071780
  276   244     1.15509741
  276   275     1.21094724
  276   277    -1.02566971
  276   308    -0.94987039
  277   245     0.41952284
  277   276    -1.02566971
  277   278     0.30293289
  277   309     0.81610009
  278   246     0.34670333
  278   277     0.30293289
  278   279    -0.86120379
  278   310     0.29177050
  279   247     0.82438908
  279   278    -0.86120379
  279   280     0.19800446
  279   311     1.05409075
  280   248    -0.78407663
  280   279     0.19800446
  280   281     0.14368828
  280   312    -0.95260619
  281   249    -0.60782486
  281   280     0.14368828
  281   282     1.01427301
  281   313     0.82790280
  282   250    -0.14047444
  282   281     1.01427301
  282   283     0.43491591
  282   314     0.11944884
  283   251     0.96761168
  283   282     0.43491591
  283   284    -0.23093977
  283   315    -0.73884549
  284   252    -1.37958477
  284   283    -0.23093977
  284   285    -0.95687743
  284   316     0.68556933
  285   253    -0.80680559
  285   284    -0.95687743
  285   286    -0.79204580
  285   317    -0.23811248
  286   254    -0.42484809
  286   285    -0.79204580
  286   287     0.57922255
  286   318    -0.76709416
  287   255    -0.46517003
  287   256     0.69994703
  287   286     0.57922255
  287   319    -1.37175190
  288   256    -1.69838740
  288   289    -0.12028031
  288   319     0.31768334
  288   320    -0.08543042
  289   257    -2.70486526
  289   288    -0.12028031
  289   290    -0.29277356
  289   321    -0.25753618
  290   258    -0.27316995
  290   289    -0.29277356
  290   291    -1.07718787
  290   322     0.52062753
  291   259    -1.88827819
  291   290    -1.07718787
  291   292     2.52739683
  291   323    -0.06920933
  292   260    -0.24898199
  292   291     2.52739683
  292   293     0.45072173
  292   324     0.48796626
  293   261     2.64123780
  293   292     0.45072173
  293   294     0.55398109
  293   325     0.98735990
  294   262    -0.96980530
  294   293     0.55398109
  294   295    -1.92444626
  294   326    -0.08737738
  295   263     1.22953058
  295   294    -1.92444626
  295   296    -1.06175452
  295   327     1.43315598
  296   264     0.45968182
  296   295    -1.06175452
  296   297    -1.62650231
  296   328    -0.76859681
  297   265     0.37400588
  297   296    -1.62650231
  297   298     0.69198217
  297   329     1.13617596
  298   266     2.24861785
  298   297     0.69198217
  298   299     2.66037849
  298   330    -1.00761267
  299   267    -0.34841153
  299   298     2.66037849
  299   300    -0.34541019
  299   331     0.59586438
  300   268    -0.64072113
  300   299    -0.34541019
  300   301    -1.82774085
  300   332     0.40317784
  301   269    -1.39073075
  301   300    -1.82774085
  301   302    -0.12782902
  301   333     0.91715286
  302   270    -2.07152959
  302   301    -0.12782902
  302   303     0.31973012
  302   334    -0.17681612
  303   271    -1.38598496
  303   302     0.31973012
  303   304    -0.14428402
  303   335     0.20804328
  304   272    -0.23398618
  304   303    -0.14428402
  304   305     0.59492864
  304   336    -1.74482644
  305   273     1.15076787
  305   304     0.59492864
  305   306    -2.75101273
  305   337    -0.28665382
  306   274     0.66777775
  306   305    -2.75101273
  306   307     0.52565364
  306   338     0.62257348
  307   275     0.03071780
  307   306     0.52565364
  307   308     1.86597135
  307   339     1.36796462
  308   276    -0.94987039
  308   307     1.86597135
  308   309    -0.37028112
  308   340    -0.45220069
  309   277     0.81610009
  309   308    -0.37028112
  309   310    -0.08402609
  309   341    -0.67578470
  310   278     0.29177050
  310   309    -0.08402609
  310   311     2.35814621
  310   342     0.04458674
  311   279     1.05409075
  311   310     2.35814621
  311   312    -0.02633618
  311   343     0.96890414
  312   280    -0.95260619
  312   311    -0.02633618
  312   313    -0.54005773
  312   344    -1.38916511
  313   281     0.82790280
  313   312    -0.54005773
  313   314    -1.65307270
  313   345    -1.53799370
  314   282     0.11944884
  314   313    -1.65307270
  314   315     0.75384248
  314   346    -1.67545882
  315   283    -0.73884549
  315   314     0.75384248
  315   316     1.60874656
  315   347    -2.34654164
  316   284     0.68556933
  316   315     1.60874656
  316   317    -0.73646523
  316   348    -1.81874555
  317   285    -0.23811248
  317   316    -0.73646523
  317   318     0.58170578
  317   349     0.44633698
  318   286    -0.76709416
  318   317     0.58170578
  318   319     0.75162892
  318   350    -0.12523109
  319   287    -1.37175190
  319   288     0.31768334
  319   318     0.75162892
  319   351    -0.03909517
  320   288    -0.08543042
  320   321    -0.06410136
  320   351     0.38773147
  320   352     0.63329280
  321   289    -0.25753618
  321   320    -0.06410136
  321   322     1.89746248
  321   353    -0.62715063
  322   290     0.52062753
  322   321     1.89746248
  322   323     0.22868220
  322   354    -0.35704094
  323   291    -0.06920933
  323   322     0.22868220
  323   324     0.70747349
  323   355    -0.96217804
  324   292     0.48796626
  324   323     0.70747349
  324   325    -0.36021607
  324   356     0.86641624
  325   293     0.98735990
  325   324    -0.36021607
  325   326    -0.88026274
  325   357     0.19868979
  326   294    -0.08737738
  326   325    -0.88026274
  326   327     0.67557168
  326   358     0.24454045
  327   295     1.43315598
  327   326     0.67557168
  327   328    -0.08114618
  327   359    -0.43727564
  328   296    -0.76859681
  328   327    -0.08114618
  328   329    -1.73057904
  328   360     0.43069348
  329   297     1.13617596
  329   328    -1.73057904
  329   330     0.45341601
  329   361     1.42330382
  330   298    -1.00761267
  330   329     0.45341601
  330   331     0.16380671
  330   362     0.66312720
  331   299     0.59586438
  331   330     0.16380671
  331   332     2.74345316
  331   363    -1.45957951
  332   300     0.40317784
  332   331     2.74345316
  332   333     0.32722994
  332   364     0.49541054
  333   301     0.91715286
  333   332     0.32722994
  333   334     0.49738606
  333   365     0.54189433
  334   302    -0.17681612
  334   333     0.49738606
  334   335     0.11483449
  334   366    -0.72928663
  335   303     0.20804328
  335   334     0.11483449
  335   336     0.82201140
  335   367     0.34729230
  336   304    -1.74482644
  336   335     0.82201140
  336   337    -0.51711982
  336   368     0.10546896
  337   305    -0.28665382
  337   336    -0.51711982
  337   338    -0.46068296
  337   369    -0.14720435
  338   306     0.62257348
  338   337    -0.46068296
  338   339     0.16062649
  338   370     0.57109570
  339   307     1.36796462
  339   338     0.16062649
  339   340     1.34534452
  339   371     0.02376941
  340   308    -0.45220069
  340   339     1.34534452
  340   341     0.17727857
  340   372     0.74873914
  341   309    -0.67578470
  341   340     0.17727857
  341   342    -1.98876634
  341   373    -1.49434426
  342   310     0.04458674
  342   341    -1.98876634
  342   343    -0.20432898
  342   374     1.08785778
  343   311     0.96890414
  343   342    -0.20432898
  343   344     0.24515466
  343   375     1.38002994
  344   312    -1.38916511
  344   343     0.24515466
  344   345     0.29859914
  344   376     0.34850492
  345   313    -1.53799370
  345   344     0.29859914
  345   346    -0.93733729
  345   377     0.11319506
  346   314    -1.67545882
  346   345    -0.93733729
  346   347    -2.12824414
  346   378     0.79541353
  347   315    -2.34654164
  347   346    -2.12824414
  347   348    -1.75859317
  347   379    -1.80280704
  348   316    -1.81874555
  348   347    -1.75859317
  348   349     0.25937441
  348   380     1.33952245
  349   317     0.44633698
  349   348     0.25937441
  349   350     0.64222440
  349   381     0.78389207
  350   318    -0.12523109
  350   349     0.64222440
  350   351     1.00017176
  350   382    -0.67607363
  351   319    -0.03909517
  351   320     0.38773147
  351   350     1.00017176
  351   383    -0.72454997
  352   320     0.63329280
  352   353     1.07685779
  352   383    -0.52498784
  352   384     0.08275526
  353   321    -0.62715063
  353   352     1.07685779
  353   354     0.10093272
  353   385    -1.43412667
  354   322    -0.35704094
  354   353     0.10093272
  354   355    -0.40047420
  354   386    -0.23528077
  355   323    -0.96217804
  355   354    -0.40047420
  355   356     0.96403252
  355   387     1.55879876
  356   324     0.86641624
  356   355     0.96403252
  356   357    -0.52486728
  356   388     1.18570850
  357   325     0.19868979
  357   356    -0.52486728
  357   358     0.52867086
  357   389    -0.21814695
  358   326     0.24454045
  358   357     0.52867086
  358   359    -0.63433978
  358   390    -1.01628591
  359   327    -0.43727564
  359   358    -0.63433978
  359   360    -1.04786473
  359   391    -1.68326626
  360   328     0.43069348
  360   359    -1.04786473
  360   361     0.73956081
  360   392     0.02312766
  361   329     1.42330382
  361   360     0.73956081
  361   362    -0.71841355
  361   393     0.85281308
  362   330     0.66312720
  362   361    -0.71841355
  362   363     2.49748475
  362   394    -1.54592756
  363   331    -1.45957951
  363   362     2.49748475
  363   364    -0.66080244
  363   395     0.63251518
  364   332     0.49541054
  364   363    -0.66080244
  364   365     0.31207279
  364   396    -1.33824636
  365   333     0.54189433
  365   364     0.31207279
  365   366    -0.61348451
  365   397    -1.02871468
  366   334    -0.72928663
  366   365    -0.61348451
  366   367     0.00000943
  366   398     1.73737976
  367   335     0.34729230
  367   366     0.00000943
  367   368    -1.13410123
  367   399    -0.15002869
  368   336     0.10546896
  368   367    -1.13410123
  368   369     0.50321135
  368   400     0.36287058
  369   337    -0.14720435
  369   368     0.50321135
