#Random regular graph with connectivity C = 4
#Vertices:	Bonds:
#	1000		2000
    0   305     1.54951451
    0   925    -0.72644368
    0   669     1.32802080
    0   341    -0.24236235
    1   386     0.03280760
    1   170    -1.48389352
    1   968    -0.78481596
    1   461     0.81449500
    2   339     0.77222419
    2   805    -0.01510899
    2   587    -2.04834804
    2   488     0.72212607
    3   397    -0.66075794
    3   488    -0.97315526
    3   882    -1.03146736
    3   455     0.08705009
    4   799    -0.49914773
    4   191    -1.92681358
    4   313    -0.40035655
    4   558     0.04797709
    5   939     0.71611684
    5   883     1.48920590
    5   294     1.12092960
    5   650     0.21730437
    6   776     1.46230492
    6   945     1.22472714
    6   667    -0.31886165
    6   477     1.21833317
    7   784     0.45178518
    7   268    -0.50473495
    7   147    -0.11646066
    7   518    -0.82586221
    8   872    -1.21542965
    8   730     1.30839958
    8   798    -0.48471827
    8   744    -0.16238599
    9   320    -1.40695329
    9   752    -0.63132156
    9   293    -0.83776396
    9   957     0.92278001
   10    96    -0.67394600
   10   194     0.73094074
   10   581    -0.27125414
   10   109     0.06952610
   11   986    -1.58451277
   11   422    -0.25143327
   11   757    -0.55892802
   11   835     0.02218472
   12   134     1.42559196
   12    84    -2.08761431
   12   370    -0.00767223
   12   326    -0.72389806
   13   146    -0.18040497
   13   555     0.11053370
   13   818    -0.36441127
   13   609     1.93039820
   14   800    -1.54432326
   14   414    -0.34316435
   14   440     0.12592040
   14   463    -1.77191705
   15   151    -0.95585331
   15   407     0.59747638
   15   600    -0.23323959
   15   838    -0.61856247
   16   229    -0.11384064
   16   731    -0.57305436
   16   479    -0.43485695
   16   307    -0.63902373
   17   247    -0.69146522
   17   355     0.70843031
   17   618     1.25236871
   17   431    -2.12225631
   18   784    -0.22134204
   18   444     0.33412095
   18   111     1.10235565
   18   633    -0.78410318
   19   371    -0.65789635
   19   904    -0.04389513
   19   821    -0.02910216
   19   176     0.68750839
   20   338     0.35590382
   20   384    -0.38048024
   20   653     0.00566645
   20   652    -2.27865352
   21   507     2.67522134
   21   953    -0.58356549
   21   516     1.13495197
   21   859     0.63399943
   22   931    -0.22552142
   22   186    -0.90234134
   22   536    -0.22685015
   22   312     0.82181330
   23   630    -0.36229809
   23   114    -0.12086200
   23   115    -0.61344426
   23   986    -0.41729794
   24   340    -0.12842550
   24   739    -2.09749965
   24   368    -0.00505701
   24   219     1.26463558
   25   182    -0.91200230
   25   885    -1.03223742
   25   124     1.40080023
   25   400    -0.16602635
   26    53    -0.14975885
   26   948     1.17382054
   26   346    -2.15581754
   26   441     0.39233428
   27    64    -0.35776656
   27   387    -2.23319847
   27   972    -1.12395281
   27   634     1.49080772
   28   898    -1.51655557
   28   961     0.47994725
   28   464     0.54220262
   28    67     0.83059173
   29   413     0.51813072
   29   441    -0.82919010
   29   278     1.70919945
   29   826     1.71873723
   30   732     1.06735730
   30   421     1.53029765
   30   231    -2.40609336
   30   714    -0.52831232
   31   652     1.00952580
   31    41     1.81120912
   31   614     0.26986319
   31   224     0.26446495
   32   764     0.03290220
   32   225    -0.52307945
   32   895     0.27669129
   32   699    -1.49040511
   33   498    -0.42893369
   33   160    -1.29392386
   33   479     1.07128491
   33   153    -0.22294957
   34   938     0.36271803
   34   724     1.93768529
   34   586    -0.10693904
   34   306     1.08999725
   35   648    -1.34453348
   35   627    -1.24731885
   35   179     1.24783897
   35   723     0.21189320
   36   393    -1.18368433
   36   204    -0.20049945
   36   717     0.24832369
   36    42     1.39839215
   37   656    -1.76495940
   37   298    -0.86312046
   37   726    -1.07542763
   37   529     1.86808023
   38   518     1.48763678
   38   274     0.14330108
   38   236     0.35122442
   38   754     0.40447614
   39   103    -0.04134548
   39   175     1.61457072
   39   904     1.32773680
   39    77     0.01011990
   40   382    -0.23355049
   40   627     0.26914696
   40   812    -0.68017168
   40   866    -0.25614143
   41   620    -0.01658018
   41    31     1.81120912
   41   809     0.67349945
   41   868     0.55436300
   42   862    -0.74504770
   42   565    -0.88875072
   42   165    -0.49484996
   42    36     1.39839215
   43   499     1.58678917
   43   148     0.54446080
   43   450    -0.92570267
   43   842     0.40230055
   44   590     1.85650866
   44   282    -0.09985464
   44   501    -0.18336298
   44   769    -0.68378666
   45   433     1.76449100
   45    92     1.54478331
   45   840    -0.51249904
   45   894     0.87452606
   46   466     1.33332304
   46   891    -1.96107361
   46   967    -0.07501086
   46   348    -1.25642224
   47   136     0.73632532
   47   780     1.23483865
   47   948    -0.30404679
   47   664    -0.06901076
   48   584     2.42683740
   48   347    -0.32700213
   48   183    -0.17091393
   48   137     0.04333253
   49   421    -0.26140333
   49   514    -0.10617539
   49   364    -2.41619810
   49   299     0.22057702
   50   532    -0.53038334
   50   256    -1.40111218
   50   626    -1.44909498
   50   725     0.39727667
   51   570    -0.55073272
   51   675     0.87201157
   51   804    -0.70880683
   51   755     2.02724649
   52   726     0.22520221
   52   166    -0.41768739
   52   762     0.32974412
   52   238    -1.88388940
   53    79     0.70361671
   53    26    -0.14975885
   53   117     1.39765606
   53   732    -0.75385227
   54   612     0.92485791
   54   517    -1.21516361
   54    80    -1.35089124
   54   975     0.06652575
   55   580    -1.21131319
   55   824     0.59529299
   55   665     1.24780153
   55   597    -0.99313535
   56   110    -0.75633712
   56   727     0.52406181
   56   174    -0.55108167
   56   684     0.76183612
   57   657     0.21976677
   57   706    -0.37437745
   57   125    -1.70452680
   57   468    -0.09471673
   58   189    -1.30565783
   58   249     0.15739140
   58   627    -0.82733830
   58   566    -0.18548800
   59   881    -0.02143590
   59    90    -1.45662414
   59   193     1.79456943
   59   896    -0.64880615
   60   847     0.31879936
   60   322    -0.75602371
   60   793    -0.15451759
   60   520     0.29280499
   61   814     0.43901776
   61   588    -0.27318755
   61   854     0.24800565
   61   965     1.30535443
   62   807     0.27932622
   62   460     0.24384614
   62   354    -1.32416009
   62   466    -1.42087981
   63   328     1.11851071
   63   373    -0.63396634
   63   637     0.03389852
   63   392     1.17384217
   64    27    -0.35776656
   64    65     1.21211254
   64   936     0.09155121
   64   848     0.21029546
   65   229    -0.79959924
   65   356     0.27386150
   65   112     1.23968588
   65    64     1.21211254
   66   822     0.39800436
   66   991     0.59693716
   66   356     0.01735267
   66   431     0.37910785
   67   956     0.06636023
   67   547    -0.97942923
   67   260    -1.10052139
   67    28     0.83059173
   68   994     0.02710165
   68   466     0.05926863
   68   836    -1.25017293
   68   331     0.23124603
   69   832    -1.39763514
   69   971    -0.17931292
   69   801     0.74029061
   69   193    -1.08701779
   70   592     1.16974932
   70   367    -1.54172621
   70   493    -0.90613113
   70   820    -0.29746756
   71   345     0.18257396
   71   750    -0.78765939
   71   712    -1.29784484
   71   525    -1.12515187
   72   147    -0.82341041
   72   659     0.14640204
   72   857    -0.02311388
   72   722     0.77258134
   73   526     1.06838857
   73   364     1.54761126
   73   540     0.04166052
   73   237     0.39407634
   74   206    -0.31372108
   74   883    -0.36877965
   74   472    -1.09622507
   74   635    -0.08119957
   75   234    -2.22522338
   75   115    -1.44057434
   75   954    -0.95712817
   75   244     0.15217079
   76   337    -0.94630392
   76   453    -0.24242862
   76   385    -1.82512153
   76   569     0.94923524
   77   613    -1.21972984
   77   438    -2.09817097
   77   899    -2.27173690
   77    39     0.01011990
   78   591     0.36370103
   78   712     1.02068841
   78   610    -0.83681303
   78   508    -1.81943009
   79    53     0.70361671
   79   173    -1.35858457
   79   646    -1.22071196
   79   613     0.40169855
   80   687     1.32005931
   80   669    -0.85059277
   80    54    -1.35089124
   80   916     1.78964496
   81   779    -0.05166932
   81   273     0.96000312
   81   708     0.18332878
   81   254    -0.61414459
   82   141    -0.68336563
   82   424    -0.75599643
   82   974    -0.97429291
   82   748     0.60558603
   83   402     0.89490326
   83   542    -1.46929317
   83   511    -0.78495871
   83   206     0.71795471
   84    12    -2.08761431
   84   489    -1.96005805
   84   886     1.45259221
   84   346     0.22479075
   85   981     0.79866369
   85   782    -1.49765409
   85   755     0.77939984
   85   338    -0.33181705
   86   216    -0.53671540
   86   274     1.46384374
   86   780     0.58344591
   86   240     1.16114655
   87   333    -1.66167118
   87   577    -0.05957247
   87   840     0.98259255
   87   755    -0.76590382
   88   710    -0.65814016
   88   866    -0.53544938
   88   459    -0.52469844
   88   138    -0.88150889
   89   672    -0.08213680
   89   610     1.50751833
   89   485     1.26754450
   89   201     0.70439620
   90   141    -1.29994531
   90    59    -1.45662414
   90   544    -0.84810206
   90   337    -0.30411731
   91   307    -0.86083670
   91   611     0.64205503
   91   207    -0.33503387
   91   173    -0.11669647
   92   974     0.22692222
   92   118    -0.20839129
   92    45     1.54478331
   92   928     1.15976104
   93   533     0.09451421
   93   427     2.43123701
   93   458    -0.51937076
   93   776    -0.63980700
   94   223     1.23177093
   94   554     0.71163723
   94   433     0.11534274
   94   255    -1.86968022
   95   413     0.23978878
   95   331     1.50554175
   95   284    -1.40703130
   95   973     0.92471663
   96    10    -0.67394600
   96   194    -1.50184266
   96   985     0.63824675
   96   735    -0.96340647
   97   673     1.75635900
   97   183     0.52640440
   97   131     0.46552618
   97   688     0.41868692
   98   286     0.64499519
   98   719    -1.27978003
   98   707     1.14525806
   98   117     0.59919885
   99   773    -0.71957272
   99   915    -0.49500617
   99   699    -0.00813682
   99   498    -0.16479913
  100   316     0.95237222
  100   149    -0.20778013
  100   628     0.94347310
  100   498     0.88539364
  101   683    -0.67212990
  101   635    -0.36205235
  101   687     0.94664364
  101   410     0.53175204
  102   256    -1.02294351
  102   381    -0.96999760
  102   437    -0.67570565
  102   224     1.19182391
  103   547     0.80994791
  103    39    -0.04134548
  103   158    -0.13622894
  103   156    -0.76547924
  104   899     1.13335924
  104   695     0.62860862
  104   110     2.37739067
  104   615    -0.88540388
  105   896    -1.11067235
  105   461    -0.48266594
  105   869    -0.87187720
  105   146     0.10872810
  106   212     1.93270661
  106   378    -0.09490299
  106   716     0.20911203
  106   416    -0.75965798
  107   693    -1.05601205
  107   738    -0.14626885
  107   624     1.52548258
  107   841     1.11421986
  108   971    -1.12396091
  108   136     0.05351692
  108   735     0.78641034
  108   548    -0.87632535
  109   949    -0.66237981
  109    10     0.06952610
  109   221     0.75663097
  109   267     0.50515702
  110   911    -0.08023893
  110    56    -0.75633712
  110   461     0.24069976
  110   104     2.37739067
  111   708     1.28784968
  111    18     1.10235565
  111   259     0.14364094
  111   877    -0.41592769
  112   166    -0.85159437
  112    65     1.23968588
  112   355     0.04018164
  112   266     0.55693133
  113   438     0.74074669
  113   819    -0.52456088
  113   805    -0.87049715
  113   571     0.00165262
  114   470    -1.41337962
  114    23    -0.12086200
  114   351     0.21844312
  114   510    -1.07646848
  115   541     0.56704997
  115    75    -1.44057434
  115   897     0.72264229
  115    23    -0.61344426
  116   459    -0.71302876
  116   911    -0.71801507
  116   303     2.20470644
  116   952    -0.04896027
  117   697    -1.84420302
  117    53     1.39765606
  117    98     0.59919885
  117   233     0.43966048
  118   546    -0.66004266
  118   423     0.65799541
  118   313    -0.07272335
  118    92    -0.20839129
  119   585     0.08741553
  119   214    -0.75748110
  119   495    -1.53056493
  119   777    -0.38594101
  120   711    -1.15494448
  120   222    -0.62073976
  120   921    -0.38898577
  120   669     0.96393301
  121   370    -1.14703521
  121   934    -0.09536424
  121   909     1.30064445
  121   618    -0.58829350
  122   396     0.26245165
  122   919     0.17217025
  122   554     0.79990131
  122   482    -0.34082294
  123   342     0.80115080
  123   709     1.86629959
  123   848    -0.52013980
  123   762    -1.23432950
  124   409    -1.25758386
  124    25     1.40080023
  124   185    -0.11012366
  124   427    -0.07091623
  125   532     1.00327530
  125    57    -1.70452680
  125   803     0.53661404
  125   394     0.24038565
  126   350    -0.24420912
  126   907     1.12325318
  126   393    -0.82214138
  126   497    -0.12777413
  127   429    -0.46536417
  127   675    -0.03481210
  127   739     1.88289655
  127   550    -1.16550883
  128   735    -0.26374258
  128   431     0.70342232
  128   819     0.61184472
  128   835     0.46143400
  129   446    -2.70011771
  129   193     0.55249564
  129   923     0.17907326
  129   557    -2.27879110
  130   537    -0.27731810
  130   553    -1.17821641
  130   640    -2.05412121
  130   824     0.51865400
  131   383     0.42790017
  131   749     2.49972512
  131   594     0.73244485
  131    97     0.46552618
  132   349     0.53078105
  132   808     0.59916207
  132   144    -1.70600468
  132   419     0.74949272
  133   422    -0.30556005
  133   523     0.62645153
  133   614     1.32368153
  133   552    -0.30155310
  134   490     1.26415957
  134   676     1.20088467
  134    12     1.42559196
  134   208    -1.21305042
  135   272     0.63609649
  135   507     0.26241316
  135   680    -0.40740700
  135   564     0.54534543
  136    47     0.73632532
  136   108     0.05351692
  136   818    -1.00791984
  136   659    -0.99161990
  137   214    -0.96834313
  137   995     0.26386347
  137   820     0.98429406
  137    48     0.04333253
  138   973     0.21782740
  138   181     0.24527907
  138   299     0.83424284
  138    88    -0.88150889
  139   984    -0.98396887
  139   557    -0.11829571
  139   628    -0.67492573
  139   534     1.45607925
  140   239     1.37931549
  140   763    -0.66437355
  140   432    -0.17980205
  140   516    -1.54778030
  141    90    -1.29994531
  141   806    -0.07279975
  141   500    -0.33226969
  141    82    -0.68336563
  142   822     0.12577717
  142   463     1.31976110
  142   713     0.91758804
  142   553    -0.16857797
  143   351     1.12943863
  143   579     1.95456989
  143   169     0.36953767
  143   330     0.32913086
  144   478    -1.25532212
  144   132    -1.70600468
  144   484    -1.13073680
  144   546    -0.35280847
  145   895    -1.71516804
  145   311    -0.37844630
  145   750    -0.29095729
  145   964    -0.03899597
  146   149     0.89407800
  146    13    -0.18040497
  146   878    -0.01597953
  146   105     0.10872810
  147    72    -0.82341041
  147   522     0.19910286
  147     7    -0.11646066
  147   861    -0.05462048
  148   315    -0.34314574
  148    43     0.54446080
  148   723    -1.63012033
  148   947     0.45994781
  149   146     0.89407800
  149   100    -0.20778013
  149   853    -0.32343737
  149   710     0.52986403
  150   152     1.48878419
  150   268    -0.22642718
  150   534    -0.05939887
  150   335    -0.32500011
  151    15    -0.95585331
  151   543     0.15125247
  151   946     0.73562950
  151   697    -0.30782238
  152   150     1.48878419
  152   669     0.18308513
  152   681    -0.58580797
  152   579    -0.57919415
  153   866     0.29544260
  153   484     0.37327309
  153   806    -1.76990990
  153    33    -0.22294957
  154   173     0.24367250
  154   843    -0.06356326
  154   392     0.96225358
  154   653    -1.27838064
  155   398     0.79932009
  155   172     1.28248073
  155   768     1.14292722
  155   742    -1.46923032
  156   327    -0.21191201
  156   413     0.40797614
  156   103    -0.76547924
  156   385     1.17173166
  157   648     1.38836042
  157   162    -0.83415419
  157   617     0.37942015
  157   195     0.77777205
  158   103    -0.13622894
  158   396    -0.66894660
  158   899     0.28337897
  158   320     0.67173875
  159   436     0.87698526
  159   576     0.53988127
  159   485     0.23532015
  159   625    -1.45449470
  160   717     0.91248026
  160   978     0.52949242
  160    33    -1.29392386
  160   655    -1.93567971
  161   291    -1.12193043
  161   359    -0.43308893
  161   325    -0.93047075
  161   162    -0.38467282
  162   264    -0.07177042
  162   923    -0.28426859
  162   157    -0.83415419
  162   161    -0.38467282
  163   598    -0.23218734
  163   278     0.55594580
  163   456     1.51470356
  163   190     1.71174506
  164   751    -0.38720836
  164   845     0.18098727
  164   768    -0.52614685
  164   437    -0.84099603
  165   575    -0.75293193
  165   592     1.03672346
  165    42    -0.49484996
  165   312    -0.56969653
  166   112    -0.85159437
  166    52    -0.41768739
  166   821     1.30806661
  166   426    -0.13175571
  167   620     1.45617044
  167   596     0.52576903
  167   772    -0.22184886
  167   262    -1.46904474
  168   879     0.87611979
  168   209    -0.06543246
  168   252     0.77947133
  168   737    -1.45003528
  169   764    -1.09850220
  169   834     3.23992590
  169   143     0.36953767
  169   232     0.10868561
  170   528     1.47340727
  170     1    -1.48389352
  170   283    -1.78833079
  170   313    -0.26463963
  171   784     2.30209112
  171   412    -0.42354107
  171   700     0.51073432
  171   415     1.15746516
  172   155     1.28248073
  172   867    -1.08464963
  172   323    -1.65786768
  172   999    -0.31950270
  173   154     0.24367250
  173   279     1.24300329
  173    79    -1.35858457
  173    91    -0.11669647
  174   329    -0.84277299
  174   233     0.28025759
  174    56    -0.55108167
  174   787    -0.95646848
  175   187     0.55930539
  175   565    -0.70363649
  175   591    -1.27951637
  175    39     1.61457072
  176   981    -1.37959103
  176   389     0.47873408
  176   903    -0.37571241
  176    19     0.68750839
  177   874    -0.31304149
  177   726    -0.94989408
  177   817     0.13285144
  177   292     0.42111178
  178   771     0.28623579
  178   637     0.49638774
  178   858     0.11885938
  178   316     1.38253509
  179   989    -0.94099115
  179   685    -1.34439479
  179    35     1.24783897
  179   537    -0.49623556
  180   376     0.68388081
  180   531    -0.10407069
  180   198    -0.78934709
  180   781    -0.55677657
  181   138     0.24527907
  181   214    -0.38171596
  181   545    -0.89624747
  181   663    -0.83047519
  182    25    -0.91200230
  182   531    -0.19588335
  182   551    -0.55943889
  182   926    -1.22547144
  183   920     0.75134637
  183    97     0.52640440
  183   556    -1.41169779
  183    48    -0.17091393
  184   823    -0.17383694
  184   856    -1.17085377
  184   196     1.42802780
  184   662    -0.25846079
  185   250    -0.01373294
  185   124    -0.11012366
  185   982     0.98648511
  185   889    -0.30266519
  186   492     1.47656947
  186   416     0.79864942
  186    22    -0.90234134
  186   997    -0.70430703
  187   799    -1.67444479
  187   175     0.55930539
  187   216    -0.18125702
  187   284     0.79506147
  188   713    -0.13461444
  188   517    -0.10254416
  188   328    -0.28249129
  188   747    -0.68602288
  189    58    -1.30565783
  189   285     0.89160669
  189   435     0.42894471
  189   641     0.52847321
  190   960    -1.41864744
  190   651     0.42866479
  190   806     0.81943990
  190   163     1.71174506
  191   244    -2.42953183
  191   317     0.22129023
  191     4    -1.92681358
  191   793    -0.37914696
  192   268     0.05849212
  192   411    -0.02038470
  192   833    -0.46213915
  192   773    -0.44804337
  193   999     0.15176099
  193    59     1.79456943
  193   129     0.55249564
  193    69    -1.08701779
  194   941    -0.49886072
  194    10     0.73094074
  194    96    -1.50184266
  194   599     1.36037141
  195   291     0.01946844
  195   779     0.27044936
  195   157     0.77777205
  195   649     0.25995545
  196   755     2.37926719
  196   500     1.23896569
  196   184     1.42802780
  196   876     0.38677118
  197   983    -0.90259819
  197   294     0.42186291
  197   592    -0.57341872
  197   297    -0.16210353
  198   352    -0.33201890
  198   667    -1.21324306
  198   495    -0.61063922
  198   180    -0.78934709
  199   358    -1.01301696
  199   962     0.51174610
  199   693    -2.05761498
  199   976     0.95588268
  200   865    -0.12127425
  200   703     0.30129659
  200   662    -0.52610335
  200   913    -0.63116770
  201   531     1.59198259
  201   914     0.06978302
  201    89     0.70439620
  201   214     0.65469785
  202   475    -1.05476807
  202   372     0.95661274
  202   809     0.57708809
  202   657     1.61242709
  203   538    -0.72683415
  203   729     0.71042786
  203   867     0.57629837
  203   395    -2.20431014
  204    36    -0.20049945
  204   984     0.61370087
  204   870    -0.97704442
  204   875     0.01707605
  205   420    -1.54654962
  205   903     0.11265555
  205   230    -0.01818768
  205   681    -0.15689285
  206   283     0.68950725
  206    74    -0.31372108
  206    83     0.71795471
  206   328    -1.09598749
  207   269    -0.02619834
  207   924     1.90025134
  207    91    -0.33503387
  207   851     0.12676913
  208   737     1.16756132
  208   134    -1.21305042
  208   845    -1.06781166
  208   606     1.67179733
  209   168    -0.06543246
  209   854    -0.07126112
  209   242     0.76652462
  209   379    -0.31351965
  210   434    -0.26916100
  210   951     0.32930974
  210   810     0.71565783
  210   266     0.25105459
  211   311    -0.70004288
  211   563    -0.62657834
  211   342     0.02297890
  211   440     0.17690515
  212   106     1.93270661
  212   963    -0.02516508
  212   743    -0.15717396
  212   478     2.25565579
  213   468     2.56530347
  213   306     0.40543359
  213   558    -0.63075145
  213   439     0.95109424
  214   137    -0.96834313
  214   181    -0.38171596
  214   119    -0.75748110
  214   201     0.65469785
  215   238     0.10113225
  215   907     1.25476354
  215   487    -1.74073634
  215   576    -0.31497397
  216    86    -0.53671540
  216   964    -0.86341582
  216   187    -0.18125702
  216   382    -1.93871600
  217   589     0.21676634
  217   796    -0.87708637
  217   520     0.58082428
  217   479    -0.07218766
  218   893    -0.68552179
  218   912    -1.60960151
  218   397     0.02020348
  218   354     0.16368983
  219   645     0.60973431
  219    24     1.26463558
  219   332    -1.39905757
  219   496     0.68366020
  220   795    -0.58316426
  220   593    -0.81715319
  220   756     1.45295811
  220   411    -0.26618372
  221   573     0.39648117
  221   533     0.66947634
  221   384     0.18150826
  221   109     0.75663097
  222   390    -0.63032140
  222   321     0.14839491
  222   120    -0.62073976
  222   488    -1.21126947
  223    94     1.23177093
  223   948     0.78705989
  223   899     1.76807110
  223   407     0.07157882
  224   418    -0.99731017
  224    31     0.26446495
  224   102     1.19182391
  224   258    -0.41961905
  225   907    -0.03753384
  225   896     1.19635795
  225   564    -0.55228994
  225    32    -0.52307945
  226   480    -0.36619483
  226   447     1.24064662
  226   420     0.19185634
  226   260    -2.42561071
  227   682    -0.79847255
  227   367    -0.24921199
  227   399     1.54485664
  227   738    -2.12174544
  228   997     0.84340305
  228   924    -0.10526575
  228   388     0.51413375
  228   585     1.37660020
  229   982     1.59649825
  229    65    -0.79959924
  229    16    -0.11384064
  229   265    -0.61196997
  230   624     1.53214756
  230   441     0.50971633
  230   421     1.01737731
  230   205    -0.01818768
  231   392    -1.13906524
  231   864    -0.35797564
  231   758    -1.91300276
  231    30    -2.40609336
  232   649    -0.69679944
  232   841     0.02448111
  232   668     0.26618038
  232   169     0.10868561
  233   174     0.28025759
  233   368     1.48789861
  233   877    -0.41609817
  233   117     0.43966048
  234    75    -2.22522338
  234   520     0.13758573
  234   410    -0.56152062
  234   684     1.80353704
  235   445     0.99368275
  235   854    -0.68582397
  235   987     0.05472025
  235   761     0.66088825
  236   553     1.23106463
  236    38     0.35122442
  236   508    -0.87413663
  236   568    -1.76474788
  237   664    -0.38820749
  237   971     1.49350208
  237    73     0.39407634
  237   260     0.44153992
  238   215     0.10113225
  238   862     0.66772346
  238   596    -0.09733740
  238    52    -1.88388940
  239   140     1.37931549
  239   711     0.24951367
  239   640    -1.10060963
  239   499     1.46055532
  240   934    -0.85552255
  240   495    -0.37727284
  240   248    -0.75861262
  240    86     1.16114655
  241   906    -0.36899721
  241   920     1.61442361
  241   510     0.77657607
  241   320     0.30786910
  242   865    -0.35492719
  242   852    -0.76475772
  242   791     0.44744953
  242   209     0.76652462
  243   890    -0.40698547
  243   762     0.01791096
  243   451    -1.24653067
  243   588    -0.32691967
  244   191    -2.42953183
  244   433    -2.12654733
  244   857    -1.02803170
  244    75     0.15217079
  245   846    -1.44132909
  245   615    -0.28457248
  245   789     0.20933624
  245   535    -0.08455411
  246   401     0.04032338
  246   862     0.47004856
  246   335    -0.73039044
  246   689     1.32873408
  247   490    -1.18388395
  247    17    -0.69146522
  247   818    -1.23930791
  247   261    -1.36375261
  248   313     0.42795545
  248   589    -0.27862106
  248   334     0.68884507
  248   240    -0.75861262
  249   959    -0.46166139
  249   871    -1.30015661
  249    58     0.15739140
  249   925     1.06910754
  250   318     1.22096922
  250   796     0.64474239
  250   185    -0.01373294
  250   626     2.76310150
  251   428    -1.12460413
  251   492    -0.18050950
  251   701    -0.10512832
  251   940     0.82297014
  252   918     0.69766808
  252   638     2.62379165
  252   168     0.77947133
  252   406    -0.93258383
  253   353    -0.13414918
  253   310    -0.74998510
  253   980    -0.29888270
  253   483    -1.79301077
  254   363    -0.16283910
  254    81    -0.61414459
  254   505    -0.06884992
  254   930     0.89969910
  255    94    -1.86968022
  255   988     0.10026196
  255   691    -0.89159912
  255   882     0.67828357
  256    50    -1.40111218
  256   102    -1.02294351
  256   280    -0.00297022
  256   600    -0.23544510
  257   814    -2.33879419
  257   674    -0.89913981
  257   884    -1.26859102
  257   292     0.17756696
  258   665    -0.37920709
  258   752    -0.30531810
  258   224    -0.41961905
  258   739    -0.09321410
  259   819     1.35102755
  259   323     1.02057667
  259   429     1.15345113
  259   111     0.14364094
  260    67    -1.10052139
  260   315    -0.80700017
  260   226    -2.42561071
  260   237     0.44153992
  261   358     0.37062947
  261   630    -0.54666038
  261   576     0.42657353
  261   247    -1.36375261
  262   295    -0.35128411
  262   167    -1.46904474
  262   903    -0.55798567
  262   465     0.83891150
  263   813    -0.12738433
  263   485     0.69533615
  263   943    -1.43597696
  263   950     0.15944240
  264   504    -0.68508419
  264   162    -0.07177042
  264   479     1.42083749
  264   922     0.15287181
  265   229    -0.61196997
  265   613     2.10917455
  265   555     0.27686493
  265   985     0.39570892
  266   746     1.25589028
  266   688     1.70657522
  266   112     0.55693133
  266   210     0.25105459
  267   298    -1.16105777
  267   504    -0.21022417
  267   109     0.50515702
  267   336    -1.42454383
  268   192     0.05849212
  268   150    -0.22642718
  268   683     0.10890046
  268     7    -0.50473495
  269   511    -0.09260335
  269   207    -0.02619834
  269   405    -0.84180855
  269   540    -0.29559212
  270   790     0.91666082
  270   616     0.21840155
  270   497    -1.34511752
  270   517     0.51409692
  271   356    -1.20382476
  271   417    -0.38773899
  271   932     1.10923635
  271   276     1.42734879
  272   135     0.63609649
  272   538     0.81576275
  272   442    -0.60274275
  272   531    -0.10649312
  273   399     1.70346004
  273    81     0.96000312
  273   733     0.12788026
  273   477    -0.80023996
  274    86     1.46384374
  274    38     0.14330108
  274   813     0.01075906
  274   364    -0.99876774
  275   651    -1.32686812
  275   700     0.22646843
  275   351    -0.51111395
  275   410     0.94941100
  276   660    -0.95444012
  276   825     0.84761794
  276   574    -0.13592571
  276   271     1.42734879
  277   898     0.29737650
  277   877     0.15959190
  277   952     1.13350521
  277   612    -1.02680933
  278   163     0.55594580
  278    29     1.70919945
  278   844     0.13625172
  278   307     0.91055085
  279   173     1.24300329
  279   663     1.73919269
  279   858     0.32349232
  279   336     1.30639547
  280   483     0.31670713
  280   256    -0.00297022
  280   855     2.00612863
  280   401    -1.91490890
  281   816    -0.67337935
  281   570    -0.76900747
  281   837     0.89377136
  281   740    -0.37866031
  282   290    -1.13764885
  282    44    -0.09985464
  282   730    -0.19954285
  282   849    -0.87438825
  283   206     0.68950725
  283   285    -0.51782656
  283   469     0.82312476
  283   170    -1.78833079
  284   187     0.79506147
  284   605    -0.24468970
  284   742     0.43158318
  284    95    -1.40703130
  285   550     0.21208323
  285   283    -0.51782656
  285   350    -0.20746827
  285   189     0.89160669
  286    98     0.64499519
  286   742    -0.36157705
  286   427     0.33659998
  286   786     2.16255227
  287   913     0.11557632
  287   364    -1.11823250
  287   923     0.98762008
  287   514     0.18195330
  288   449    -0.22453957
  288   511     0.10630668
  288   811    -1.93935449
  288   546    -0.64763439
  289   317    -0.99114715
  289   876     0.40701634
  289   360    -0.40327574
  289   775     0.35837077
  290   917    -0.23832172
  290   282    -1.13764885
  290   340     0.91387448
  290   989     0.82087469
  291   161    -1.12193043
  291   195     0.01946844
  291   799    -2.25208947
  291   835    -1.03691357
  292   929     1.06957069
  292   257     0.17756696
  292   177     0.42111178
  292   728    -0.74039471
  293   632    -0.73445186
  293   380     0.35763053
  293   642    -1.42129320
  293     9    -0.83776396
  294   197     0.42186291
  294     5     1.12092960
  294   946     0.28541883
  294   409     0.19747957
  295   262    -0.35128411
  295   922     0.41245012
  295   832     0.24656521
  295   609     0.48437869
  296   653    -0.23662362
  296   771    -0.16396523
  296   828     0.92708700
  296   546     0.01112627
  297   473    -0.39009790
  297   491    -0.42028633
  297   197    -0.16210353
  297   868    -0.18981972
  298    37    -0.86312046
  298   819     2.54248299
  298   792    -0.55922523
  298   267    -1.16105777
  299   138     0.83424284
  299   916    -0.06657050
  299    49     0.22057702
  299   340     0.86617454
  300   951     0.22678562
  300   658    -0.91611331
  300   753     0.75455795
  300   907    -0.39801657
  301   937     0.75703085
  301   326    -0.77387180
  301   628    -1.07344725
  301   551    -0.12452735
  302   733    -0.33212398
  302   455    -1.56686529
  302   852     0.91787356
  302   670    -0.55946647
  303   116     2.20470644
  303   467     0.13127591
  303   366     0.56983852
  303   849     0.85028463
  304   914    -0.82350329
  304   701     2.68733524
  304   671    -0.40224214
  304   823    -1.11615719
  305   808    -0.03657508
  305     0     1.54951451
  305   728    -1.02378498
  305   439     0.51189697
  306   375    -0.77618766
  306   330    -1.42238794
  306   213     0.40543359
  306    34     1.08999725
  307    91    -0.86083670
  307    16    -0.63902373
  307   278     0.91055085
  307   956     0.09814574
  308   778     1.58809923
  308   803     0.52955737
  308   825     1.64055005
  308   927     1.16405097
  309   480     0.67545629
  309   833    -1.20297580
  309   870    -0.23134136
  309   321    -0.88398970
  310   440    -1.02572621
  310   374    -0.42691106
  310   253    -0.74998510
  310   828    -0.20861362
  311   145    -0.37844630
  311   211    -0.70004288
  311   493     0.93045202
  311   406     0.17652100
  312   664    -0.14837127
  312   165    -0.56969653
  312   778    -0.82011663
  312    22     0.82181330
  313   248     0.42795545
  313   118    -0.07272335
  313     4    -0.40035655
  313   170    -0.26463963
  314   644     1.56678679
  314   514     0.71628134
  314   686     1.09466109
  314   957     1.25237824
  315   148    -0.34314574
  315   631     0.39518487
  315   260    -0.80700017
  315   829     0.39230503
  316   100     0.95237222
  316   414     0.42363041
  316   178     1.38253509
  316   461     0.17769363
  317   191     0.22129023
  317   944     0.15410455
  317   655     1.26379244
  317   289    -0.99114715
  318   250     1.22096922
  318   706    -0.56802820
  318   787    -0.64048785
  318   702     0.66334038
  319   442    -0.18489980
  319   368     0.44445087
  319   394     0.55492659
  319   577    -0.18713454
  320     9    -1.40695329
  320   241     0.30786910
  320   723     0.34134192
  320   158     0.67173875
  321   222     0.14839491
  321   937     2.27984129
  321   851    -0.32868784
  321   309    -0.88398970
  322   832    -1.50847240
  322    60    -0.75602371
  322   978     1.03874231
  322   462     0.84708329
  323   259     1.02057667
  323   622     0.97801505
  323   772    -0.19604077
  323   172    -1.65786768
  324   406    -0.42980711
  324   492    -0.77159415
  324   826     0.13478722
  324   805    -0.44624002
  325   648    -0.26481572
  325   506     1.49516965
  325   972    -1.17783941
  325   161    -0.93047075
  326   301    -0.77387180
  326   708    -0.23418569
  326   982     0.59208471
  326    12    -0.72389806
  327   500     1.67286560
  327   156    -0.21191201
  327   359     0.84146242
  327   475    -1.23017381
  328   430     0.64627459
  328    63     1.11851071
  328   206    -1.09598749
  328   188    -0.28249129
  329   174    -0.84277299
  329   534    -0.49254414
  329   837     0.64860520
  329   616     0.42915480
  330   358    -0.64755695
  330   482    -1.27428264
  330   306    -1.42238794
  330   143     0.32913086
  331    95     1.50554175
  331   802    -0.53475902
  331   668     0.61647136
  331    68     0.23124603
  332   930     0.58055742
  332   891     0.16995102
  332   953     0.99870464
  332   219    -1.39905757
  333    87    -1.66167118
  333   481     0.17683153
  333   694    -0.54234779
  333   803     0.32636548
  334   248     0.68884507
  334   730     1.45278379
  334   859     0.34973901
  334   883     1.12949295
  335   512     0.50492911
  335   150    -0.32500011
  335   908     0.98549918
  335   246    -0.73039044
  336   433     0.73394916
  336   945    -0.13433509
  336   267    -1.42454383
  336   279     1.30639547
  337    76    -0.94630392
  337    90    -0.30411731
  337   356    -1.34974309
  337   342     0.77168216
  338   861     1.18199566
  338    20     0.35590382
  338   727    -1.91563634
  338    85    -0.33181705
  339   365     0.55292869
  339   654     0.08318139
  339     2     0.77222419
  339   810    -0.32436464
  340   641     2.25132432
  340    24    -0.12842550
  340   290     0.91387448
  340   299     0.86617454
  341   544     0.46919391
  341   896    -2.03753346
  341     0    -0.24236235
  341   679    -0.12420655
  342   123     0.80115080
  342   528     2.77267809
  342   211     0.02297890
  342   337     0.77168216
  343   464    -1.31646128
  343   620    -0.53124805
  343   629     1.61924292
  343   850    -0.86397014
  344   716    -0.71094280
  344   561     0.09972748
  344   782     0.24927211
  344   469    -0.82853538
  345    71     0.18257396
  345   482    -0.56353522
  345   991    -0.64596852
  345   823     0.32029525
  346   545    -0.68554685
  346   895     0.04715077
  346    26    -2.15581754
  346    84     0.22479075
  347   590    -0.36950762
  347    48    -0.32700213
  347   662    -0.64279934
  347   566    -0.03371687
  348   521     0.32191650
  348   693    -0.31184880
  348   470     1.24339573
  348    46    -1.25642224
  349   894     1.69542031
  349   132     0.53078105
  349   557     0.69057621
  349   417     1.26332453
  350   126    -0.24420912
  350   835     0.67327856
  350   285    -0.20746827
  350   429    -0.10969866
  351   143     1.12943863
  351   275    -0.51111395
  351   114     0.21844312
  351   540     0.05954226
  352   453    -1.32298337
  352   198    -0.33201890
  352   450     0.82225917
  352   473     1.30941849
  353   253    -0.13414918
  353   530     0.21461182
  353   803     0.87038408
  353   653    -1.84447203
  354   607     0.30412069
  354    62    -1.32416009
  354   218     0.16368983
  354   465     0.08575322
  355   961    -1.15688631
  355   929     0.28766371
  355   112     0.04018164
  355    17     0.70843031
  356    65     0.27386150
  356   271    -1.20382476
  356   337    -1.34974309
  356    66     0.01735267
  357   655     0.41734338
  357   602    -1.85302550
  357   582     1.10486774
  357   618    -1.58948844
  358   330    -0.64755695
  358   199    -1.01301696
  358   261     0.37062947
  358   672    -0.21564015
  359   161    -0.43308893
  359   550    -0.13228556
  359   327     0.84146242
  359   451    -1.64369110
  360   942     0.94321491
  360   979     1.53446967
  360   289    -0.40327574
  360   900    -0.04303700
  361   487     0.38808871
  361   769    -0.29326655
  361   524     0.89503774
  361   990     1.16483783
  362   999     0.98310936
  362   873    -1.56596114
  362   915    -0.03366242
  362   788     0.28652879
  363   540    -0.47788018
  363   254    -0.16283910
  363   798     1.37901808
  363   555    -0.56955240
  364    73     1.54761126
  364   274    -0.99876774
  364    49    -2.41619810
  364   287    -1.11823250
  365   339     0.55292869
  365   934     0.87956422
  365   949    -0.74355566
  365   591    -1.31145064
  366   516    -2.83610591
  366   404    -0.84755226
  366   303     0.56983852
  366   765    -0.43469856
  367   698     0.12092415
  367   227    -0.24921199
  367    70    -1.54172621
  367   542     0.14115616
  368    24    -0.00505701
  368   319     0.44445087
  368   233     1.48789861
  368   774    -0.43173349
  369   438    -0.38622190
  369   525     0.71827447
