#Random regular graph with connectivity C = 4
#Vertices:	Bonds:
#	1000		2000
    0   927     0.59982850
    0   845     0.33275266
    0   411    -1.58788087
    0   273     0.66677270
    1   202     0.42214171
    1   516     1.55720977
    1   523    -0.46030926
    1   459    -1.85590175
    2   844     0.35893842
    2   526    -1.03756322
    2    54    -0.27219472
    2   417    -0.67283658
    3   209    -0.05853930
    3   671    -1.02972364
    3   992     0.60257864
    3   119    -0.37097858
    4   448     1.55920586
    4   927     0.25960790
    4   192     0.45331483
    4   306     1.91858903
    5   258    -1.02153446
    5   403     0.16716882
    5   196    -1.14599017
    5   910    -1.59946039
    6   982     1.28453766
    6   992     2.30101385
    6   289    -1.38351233
    6   678     0.19763252
    7   846    -0.42283488
    7   796    -0.92321023
    7   235    -0.42758563
    7   317    -0.50240797
    8   298     0.69987541
    8   873    -0.12974085
    8   529    -0.85460747
    8    42     0.49443789
    9   646     0.36620482
    9   659     1.50936965
    9   437    -1.00663459
    9   428    -0.22206356
   10   991    -0.27148091
   10   406    -0.40732778
   10   972     0.07407987
   10   380     0.01496508
   11   646     0.22259550
   11   539    -0.27829457
   11   836     1.29771608
   11   452     0.81499306
   12   775    -1.22579973
   12   687     1.52303299
   12   101     0.55148036
   12   706    -0.15533067
   13   319    -0.89699845
   13   544     2.18616269
   13   214     1.69123609
   13    47    -0.23890125
   14   295     2.17144855
   14   533    -0.48771294
   14   817    -0.71798970
   14   624     1.62677651
   15    75    -1.43098209
   15   148    -1.56860274
   15    86     0.89925437
   15   856     0.91007613
   16   181     0.46192512
   16   921     0.62799486
   16   645     1.18121493
   16   674    -0.21164245
   17   712     0.91248259
   17   150    -1.83746156
   17    76     0.06345692
   17   342     0.27989323
   18   645     0.85758571
   18   715     0.11563978
   18    80     0.50129353
   18   879     1.05528708
   19    98    -2.04762371
   19   664    -1.13317215
   19   949     0.18514909
   19   450     0.51866096
   20    85     0.23419204
   20   410    -0.58378725
   20   281    -0.67566199
   20   679    -0.25437710
   21   311     0.73598296
   21   204     0.07934769
   21   451     0.19142551
   21   367    -1.00601905
   22   137     0.52450842
   22   527     0.23721481
   22   451     0.20428315
   22   284     1.61325428
   23   449     1.08188880
   23   640    -0.15246744
   23   676    -0.33016899
   23    51     0.57512799
   24   315     0.38875243
   24   663    -1.19614221
   24   314    -0.29290591
   24   989    -0.86439245
   25   241    -0.64550800
   25   494     1.50660773
   25   117    -1.24572278
   25    55    -0.22926212
   26   789    -0.08505825
   26   382    -1.51854275
   26   765     0.03447725
   26   348    -0.15718194
   27   124     0.59620577
   27   688    -0.88802161
   27   594    -0.58020850
   27   120    -0.90723962
   28   743    -0.23372153
   28   120     0.56893726
   28   184    -0.45927255
   28   618     0.15447330
   29    67     1.09604467
   29    49     1.68275790
   29   724     0.25763315
   29   746     1.12529246
   30   647     0.81725104
   30   776    -0.50848616
   30   567    -0.15805415
   30   696     1.03288804
   31   227     0.35782334
   31   327     0.30488618
   31    80     0.33576666
   31   956     1.35264833
   32   638     2.00196198
   32   516     0.91814636
   32   458    -1.23118994
   32   843     0.67776861
   33   562    -0.29554138
   33   458    -0.17766856
   33   673     2.33515333
   33   347    -0.10757558
   34   940    -0.64941060
   34   972     0.54953920
   34   765    -0.87854226
   34   832     0.80852317
   35   265    -0.58090911
   35   661     0.24312923
   35   114    -0.64053173
   35    91    -1.15044688
   36   660    -0.60806174
   36    89    -0.08996263
   36   274     0.30376395
   36   285     0.72961036
   37   881     0.49198388
   37   901    -0.35555805
   37   289     0.03597405
   37   926    -0.39359716
   38   243     1.34481233
   38   729     0.08612174
   38   667     0.62032353
   38   868     0.52894339
   39   583     0.27465177
   39   851     0.70793206
   39   908    -0.08245885
   39   240    -0.17499375
   40   576     0.34121220
   40   133    -0.68153824
   40   407    -0.29384826
   40   861    -1.14693533
   41   605     0.15731298
   41    94     0.71490875
   41   550    -0.79708808
   41   475    -0.08753070
   42    91    -0.33954174
   42   870    -0.05793115
   42     8     0.49443789
   42   874     0.63030935
   43   115    -0.63291463
   43   705    -1.40030146
   43   860     0.99465838
   43   648    -0.11631629
   44   621     0.82754637
   44   585    -0.50762581
   44   431    -0.49644381
   44   983     0.97637778
   45   902    -2.41386004
   45   324    -0.52906741
   45   806     1.19862219
   45   679     1.74437549
   46   813     1.35201843
   46   438     0.15862504
   46    49    -0.70846338
   46   357     1.08819734
   47   524    -1.83433171
   47   522     0.47057218
   47   184     0.68342899
   47    13    -0.23890125
   48   747    -0.08766084
   48   925    -0.58952613
   48   320    -0.16754667
   48   240     1.24408830
   49    29     1.68275790
   49   363    -0.06941873
   49    46    -0.70846338
   49    91    -1.43252279
   50   470     0.76952944
   50   459    -0.21236174
   50   342    -0.38742205
   50   773    -0.69572008
   51   921     1.88231392
   51    23     0.57512799
   51   766    -0.03076598
   51   297    -1.44905919
   52   434     0.15516772
   52   648     0.84053476
   52   268     1.37250452
   52   303    -0.03085993
   53   458    -0.63639940
   53   700    -0.24213816
   53    70     0.80992053
   53   190    -0.71138676
   54   109    -0.17369602
   54     2    -0.27219472
   54   417    -0.45145088
   54   271    -0.46440610
   55   126    -0.00732606
   55   545     0.35245387
   55   299     0.77061151
   55    25    -0.22926212
   56   141     0.64199873
   56   133     0.68173707
   56   920     0.30678109
   56    97     0.09945033
   57   443     0.55256812
   57   240    -1.50248961
   57   826    -0.45349090
   57   219     0.03194516
   58   728     0.08993624
   58   929    -0.36996743
   58   495     0.43857538
   58   624     1.36511851
   59   354    -0.58527799
   59   745    -0.26765379
   59   107    -0.22957403
   59   511    -0.06609242
   60   497    -0.24723069
   60   505     0.31062035
   60   658     0.05444568
   60   621    -2.27525080
   61   229    -1.18616525
   61   145    -0.00168464
   61   404     1.26010437
   61   237     1.76945403
   62   224     1.26289575
   62   415     0.10079476
   62   959     2.00371334
   62   688    -1.15427871
   63   690     0.78510566
   63    84    -0.09098249
   63   844    -1.32722184
   63   555     0.00642209
   64   673    -1.21360223
   64   734     0.73605969
   64   935     0.73483385
   64   491    -0.25294238
   65   602    -1.69743691
   65   263    -0.37350488
   65   970     1.16187917
   65   379     1.40131020
   66   975    -2.49874438
   66   683     0.31565659
   66   162    -2.04154357
   66   269     0.94011525
   67   812     0.53734706
   67    29     1.09604467
   67   820     0.02751379
   67   543    -0.71506076
   68   297    -0.72300104
   68   472     1.55767978
   68   451     0.19075158
   68   228     0.17868011
   69    92    -1.87027330
   69   255    -1.20098280
   69   187    -0.54021598
   69   191     1.41767140
   70   803     1.74821093
   70   879    -0.09882800
   70    53     0.80992053
   70   781     0.08656851
   71   360     0.48302929
   71   667    -0.39256488
   71   517    -0.95449527
   71   998     1.40130290
   72   200    -1.07479237
   72   703    -0.45265970
   72   342    -0.20166580
   72    85    -0.00987972
   73   908    -0.25488205
   73   992     0.76490582
   73   817     0.49788869
   73   517    -1.19567740
   74   377     0.35455600
   74   666     0.32252038
   74   848    -0.20304956
   74   879    -0.07355489
   75    15    -1.43098209
   75   711     0.90560715
   75   500     1.53902160
   75   215     1.28061721
   76    17     0.06345692
   76   503    -0.60453516
   76   711    -0.80788601
   76   365     0.74313806
   77   159     0.92346258
   77   933     0.36519390
   77   599     0.24363121
   77   675     0.39557956
   78   466     0.78265090
   78   806    -0.14073256
   78   617    -1.21665688
   78   901     0.36182722
   79   804    -0.21440289
   79   412    -0.92371813
   79   529     0.22355714
   79   490     0.34195927
   80   172    -0.37555286
   80    18     0.50129353
   80    31     0.33576666
   80   321     2.35078946
   81   358    -0.99068773
   81   489     0.39697113
   81   580    -0.17185665
   81   280    -0.07770406
   82   898     1.69646328
   82   436    -0.89539407
   82   394     1.41531919
   82   946     0.33253007
   83   647    -1.69454270
   83   271    -1.86674771
   83   899     0.07374881
   83   453     0.95443772
   84    63    -0.09098249
   84   605    -1.87554932
   84   769    -1.69386131
   84   941     0.22611726
   85    20     0.23419204
   85   543    -0.73242526
   85   234     0.47363053
   85    72    -0.00987972
   86   196    -0.30622924
   86   380     0.52169154
   86    15     0.89925437
   86   317     0.78448380
   87   768    -0.59212925
   87   266    -0.07508863
   87   423    -0.27837174
   87   928    -0.84920708
   88   875    -0.93619185
   88   149    -0.84071630
   88   627     1.18748524
   88   723    -0.47548091
   89   528    -0.89960748
   89   687     1.00718937
   89    36    -0.08996263
   89   629    -0.00276966
   90   337    -1.94236617
   90   159     1.02627383
   90   962     0.74505744
   90   373     0.87978106
   91    42    -0.33954174
   91    35    -1.15044688
   91   612     2.23551775
   91    49    -1.43252279
   92    69    -1.87027330
   92   140     0.24479944
   92   299    -2.23506146
   92   391    -0.51034197
   93   618    -0.44639295
   93   309     2.05177281
   93   176    -0.99025990
   93   555     2.07143909
   94   220     0.81211008
   94    41     0.71490875
   94   552    -0.49321220
   94   894     1.22143969
   95   257     1.81869268
   95   658     1.14117640
   95   387     0.41027576
   95   521     1.35249157
   96   199    -0.93136475
   96   864    -0.71669445
   96   142     0.92350725
   96   837     1.04985086
   97   357     0.13717898
   97   901     0.36109067
   97    56     0.09945033
   97   507     1.18248484
   98   539    -0.42566605
   98   571    -0.33229133
   98   211    -0.87638358
   98    19    -2.04762371
   99   937    -0.56332338
   99   903     0.60113193
   99   714    -0.03809268
   99   175     0.01370074
  100   386     0.50505432
  100   487    -0.08634537
  100   858     0.10646030
  100   253     0.24957868
  101   201    -1.28926227
  101   854     0.46109932
  101    12     0.55148036
  101   360     1.61161788
  102   807     0.98922137
  102   804     0.76405025
  102   648    -0.41778803
  102   897     0.42037779
  103   624    -1.68682063
  103   320     0.76736714
  103   395    -0.19266616
  103   663     0.67146156
  104   264     0.08964483
  104   553     0.20427371
  104   188     1.54477990
  104   974    -0.46450951
  105   191    -0.06999050
  105   349    -1.40720423
  105   559     0.21330755
  105   980    -1.50507503
  106   238    -0.77809868
  106   404    -1.23766922
  106   777     0.40924368
  106   367    -2.95977678
  107    59    -0.22957403
  107   943     1.18704906
  107   111    -0.84126037
  107   872    -1.15907868
  108   463    -0.20684751
  108   881    -0.79382620
  108   597     2.05972966
  108   635    -0.49329442
  109   235    -0.41353029
  109    54    -0.17369602
  109   874    -0.02093998
  109   899    -0.09592085
  110   316    -0.66254642
  110   999    -1.50018293
  110   233     0.85386390
  110   184    -0.28299346
  111   113     0.52106647
  111   945    -0.65723996
  111   275     0.05387723
  111   107    -0.84126037
  112   992     0.24657302
  112   343    -1.47101426
  112   133     1.49354370
  112   360    -1.24336388
  113   111     0.52106647
  113   297     0.05596812
  113   870     0.90111461
  113   461     0.74594908
  114   615     0.02489188
  114   292    -0.32482440
  114   569     0.51353687
  114    35    -0.64053173
  115   436    -0.81333012
  115    43    -0.63291463
  115   726    -1.30159494
  115   314    -1.04625318
  116   176    -0.13779751
  116   409     0.00653478
  116   550    -0.31434935
  116   330     0.61701342
  117   695    -0.45604312
  117   703     2.24763102
  117    25    -1.24572278
  117   864    -0.38601831
  118   782     1.22091423
  118   225    -0.52907008
  118   292     1.59916448
  118   347     0.12753443
  119   189     0.55840018
  119     3    -0.37097858
  119   956     0.38346842
  119   372     0.08704287
  120    28     0.56893726
  120   924    -0.33523920
  120   517     0.90590100
  120    27    -0.90723962
  121   971     0.35846297
  121   291     0.51033719
  121   789    -0.29022973
  121   957     0.95682633
  122   798    -0.09271621
  122   251     0.85847881
  122   792     0.71347862
  122   486    -1.10480369
  123   148     1.95413363
  123   415    -0.21432012
  123   399    -0.90200850
  123   504    -1.43621193
  124    27     0.59620577
  124   626    -0.63270393
  124   397     0.17652588
  124   183    -0.33750892
  125   438    -0.63289771
  125   868    -0.43272863
  125   742     0.72385545
  125   313     1.78627548
  126   368     0.27983460
  126    55    -0.00732606
  126   948    -0.49411813
  126   296    -0.28591238
  127   603     0.93460447
  127   235    -2.12351352
  127   932    -1.34732986
  127   539     0.66060056
  128   609     0.46735583
  128   728    -0.89270707
  128   547    -0.17926649
  128   460    -0.74987877
  129   541    -0.40525241
  129   885     1.52103815
  129   392    -0.73485886
  129   558     0.03691171
  130   947    -1.11599736
  130   783     0.47187832
  130   435     0.94644365
  130   755     0.61286135
  131   612    -0.82619257
  131   179     0.65130308
  131   666     0.36270878
  131   984     0.35436223
  132   303     0.58210258
  132   323    -0.13219483
  132   736    -1.50943498
  132   546     0.55261696
  133    56     0.68173707
  133   372    -0.13456117
  133    40    -0.68153824
  133   112     1.49354370
  134   251     0.73019629
  134   658     0.24485424
  134   219     0.45296825
  134   765     0.08381678
  135   455     1.85438928
  135   142    -1.24734302
  135   670     0.38146335
  135   243    -0.68029263
  136   215    -0.57308548
  136   350    -0.23613999
  136   777    -0.76681842
  136   757     0.44401461
  137   446     0.07315194
  137    22     0.52450842
  137   382    -0.76582528
  137   896     0.77330986
  138   282    -0.93217925
  138   701     0.40903138
  138   800    -0.75319898
  138   849    -1.45748171
  139   650    -0.40496745
  139   395    -0.22506116
  139   727     0.98259849
  139   346    -0.50177176
  140    92     0.24479944
  140   318     1.45525235
  140   811     0.03130088
  140   566     1.31679075
  141    56     0.64199873
  141   605    -0.88255679
  141   717     2.23495896
  141   910    -0.49016653
  142   212    -1.31733136
  142    96     0.92350725
  142   135    -1.24734302
  142   891    -0.90000796
  143   948    -0.53253562
  143   422     0.36152861
  143   706    -0.68892540
  143   286    -1.52802755
  144   827     1.08209350
  144   988     1.00678181
  144   622     1.12918524
  144   546    -1.00749673
  145    61    -0.00168464
  145   266     0.16108431
  145   893    -1.97747212
  145   200     1.10344340
  146   335     0.91473390
  146   371    -1.61886680
  146   250     1.12615711
  146   975    -0.47318311
  147   303    -0.30942367
  147   721     0.26536541
  147   565     0.30922997
  147   429     1.81977442
  148   123     1.95413363
  148    15    -1.56860274
  148   961     1.20762859
  148   335    -0.14732217
  149   847    -0.03911990
  149   547    -0.30190957
  149    88    -0.84071630
  149   230    -1.64385090
  150   851     0.87606765
  150    17    -1.83746156
  150   923     0.11353736
  150   487    -0.36353813
  151   277     1.81647114
  151   268     0.56432527
  151   226     0.30269211
  151   966    -0.01534641
  152   671     1.46963790
  152   305     2.01648880
  152   336     0.86926660
  152   760     2.02467188
  153   629     0.43494891
  153   871    -1.39086563
  153   232    -0.91154438
  153   737     0.15534072
  154   812    -2.41635391
  154   697    -0.06449637
  154   374     0.52054739
  154   766     1.09696693
  155   323    -0.15124902
  155   800     1.50524705
  155   420    -0.18162519
  155   829     0.18745783
  156   383    -0.42428672
  156   279     0.30111050
  156   574    -1.12512931
  156   848    -1.40342596
  157   414    -0.03209335
  157   939    -0.82144884
  157   490     0.90486797
  157   928    -2.67650129
  158   715    -0.61426866
  158   896    -0.38347600
  158   452    -0.50293428
  158   441     0.50339918
  159    77     0.92346258
  159   346    -1.00702207
  159   839     0.29944935
  159    90     1.02627383
  160   336    -1.01406461
  160   732     0.68670931
  160   597     1.26013167
  160   221     0.75326841
  161   352    -0.29224587
  161   562     0.90025884
  161   614     2.33870947
  161   828    -1.73944007
  162   751     1.67891031
  162   392    -0.26157804
  162   214    -0.25432742
  162    66    -2.04154357
  163   620     0.64053930
  163   594     0.11593062
  163   630     1.37517262
  163   665    -0.98064851
  164   169     1.32283292
  164   501    -0.68014699
  164   883    -1.28520284
  164   454     1.57465448
  165   275     0.20355102
  165   934     0.55221860
  165   717    -0.31698386
  165   551    -1.26352030
  166   692     1.35012228
  166   780    -1.42790088
  166   562     0.01900936
  166   354     1.42789076
  167   411    -0.81760197
  167   182    -0.55379078
  167   862    -0.25780140
  167   402     0.62915574
  168   507    -1.22943706
  168   591    -1.25134579
  168   312     0.68988987
  168   350     0.09796167
  169   164     1.32283292
  169   814    -1.16925764
  169   915    -0.02871029
  169   512    -0.49201675
  170   560    -1.55556002
  170   523    -0.45698423
  170   425    -0.80434298
  170   200    -1.25621194
  171   759    -0.23249386
  171   833    -0.99358276
  171   248    -0.39217447
  171   903     0.55094859
  172   196    -0.48082723
  172    80    -0.37555286
  172   388    -0.15213781
  172   643     0.05754144
  173   496    -1.52401469
  173   801     0.04936745
  173   796    -1.76595012
  173   731    -0.40600755
  174   713     0.92445170
  174   930     0.23098639
  174   750     0.07244306
  174   993     1.80789797
  175   505    -1.15698897
  175   732    -1.08421100
  175   194    -1.97158814
  175    99     0.01370074
  176   418    -0.58978261
  176   116    -0.13779751
  176   269     1.11890843
  176    93    -0.99025990
  177   602     1.39467325
  177   922    -0.40959614
  177   247     1.35775558
  177   823    -0.01666452
  178   812     0.62379480
  178   841     1.50551931
  178   678     0.26678832
  178   295    -1.08330175
  179   131     0.65130308
  179   873     1.55387034
  179   361    -1.03311835
  179   637     1.64688707
  180   586    -0.97078217
  180   396     1.43630052
  180   260    -1.51234954
  180   759    -0.71914801
  181    16     0.46192512
  181   577     0.69701019
  181   548     1.71639629
  181   261     0.33581948
  182   379     1.06463298
  182   167    -0.55379078
  182   969     0.31180976
  182   522    -0.29756068
  183   347    -0.81852295
  183   745    -0.98829186
  183   676    -1.23474300
  183   124    -0.33750892
  184    28    -0.45927255
  184   587    -1.24060201
  184    47     0.68342899
  184   110    -0.28299346
  185   499     0.94606805
  185   394     1.12420554
  185   459    -0.29951822
  185   797    -0.20187463
  186   473    -1.39702065
  186   842    -1.00476101
  186   882    -0.63224262
  186   293     1.33457627
  187   449     1.51707253
  187   961    -0.22193978
  187   398     0.79962723
  187    69    -0.54021598
  188   761    -0.96781454
  188   513     0.49933241
  188   104     1.54477990
  188   216    -1.30137230
  189   598     0.50776399
  189   119     0.55840018
  189   851    -0.53588792
  189   308    -0.59222280
  190   998    -1.15206304
  190   528     0.20357906
  190    53    -0.71138676
  190   575    -0.81799497
  191   464    -0.96148931
  191   105    -0.06999050
  191   255    -1.61840351
  191    69     1.41767140
  192   546     0.57773095
  192   780    -1.69524874
  192     4     0.45331483
  192   960     0.75780537
  193   244     0.27102807
  193   205    -0.99590899
  193   572     1.18257499
  193   495     0.43900203
  194   175    -1.97158814
  194   737    -0.48268932
  194   349    -0.80133025
  194   972    -0.54807555
  195   698     0.60637253
  195   927    -0.76865910
  195   394    -0.88727703
  195   604    -0.33218722
  196    86    -0.30622924
  196   172    -0.48082723
  196   451    -0.70397391
  196     5    -1.14599017
  197   443    -0.01190269
  197   239    -0.27364116
  197   396     1.09314299
  197   228    -1.56859073
  198   400     0.46393243
  198   246    -1.54177937
  198   748     1.26738690
  198   605    -1.03423983
  199   784    -0.00558166
  199   953    -0.60041141
  199    96    -0.93136475
  199   304     2.15889113
  200    72    -1.07479237
  200   573    -0.18586081
  200   170    -1.25621194
  200   145     1.10344340
  201   529     0.25088571
  201   918    -0.65813273
  201   101    -1.28926227
  201   955     0.77956332
  202   204     1.18591416
  202   819     1.58607998
  202   672    -1.01597954
  202     1     0.42214171
  203   434    -0.64876919
  203   273    -0.10964249
  203   368     0.82943692
  203   220    -0.27989514
  204   202     1.18591416
  204    21     0.07934769
  204   494    -2.05003664
  204   521     0.71442630
  205   193    -0.99590899
  205   564    -2.30688000
  205   325    -0.56704822
  205   283    -0.71642881
  206   217     0.99330339
  206   335     1.57156286
  206   570    -1.26790047
  206   492     0.73704329
  207   359    -0.75102067
  207   638    -0.41267643
  207   450    -1.62902119
  207   238    -1.22322858
  208   243     1.03793230
  208   994    -0.53708297
  208   758    -1.21491991
  208   787     0.67257367
  209     3    -0.05853930
  209   381    -0.09646291
  209   987    -0.53605633
  209   902     0.69533845
  210   229    -0.48774282
  210   323    -0.54719100
  210   995     1.37818470
  210   911     0.01300397
  211   642     0.35582393
  211    98    -0.87638358
  211   544    -0.82524890
  211   873    -0.24704609
  212   142    -1.31733136
  212   589     0.98720628
  212   637     0.95758254
  212   663     0.96238518
  213   848     2.10531114
  213   445    -1.52494029
  213   586     0.64748902
  213   976     2.56346927
  214   997     0.06425179
  214    13     1.69123609
  214   471     0.13783280
  214   162    -0.25432742
  215   136    -0.57308548
  215   935     0.91717104
  215    75     1.28061721
  215   223    -0.58125445
  216   388    -0.14417698
  216   599    -0.68482943
  216   572    -0.14647980
  216   188    -1.30137230
  217   249    -0.38559165
  217   206     0.99330339
  217   565     1.60375896
  217   839     1.51870620
  218   905    -1.00832971
  218   618    -1.84314080
  218   353    -0.21065569
  218   932     0.30319868
  219   396     0.59702930
  219   782    -0.88340626
  219   134     0.45296825
  219    57     0.03194516
  220   968     0.35834500
  220    94     0.81211008
  220   203    -0.27989514
  220   334    -0.72725961
  221   799    -0.94067509
  221   930    -1.77461779
  221   984     1.99139517
  221   160     0.75326841
  222   331     0.78833531
  222   884     0.67274402
  222   859    -0.62369267
  222   538    -0.74815170
  223   575    -0.79498893
  223   287    -0.60514977
  223   709    -2.09496734
  223   215    -0.58125445
  224   836    -0.08231405
  224    62     1.26289575
  224   737     0.61151707
  224   479     1.29975369
  225   686     0.42282871
  225   311     1.63868325
  225   118    -0.52907008
  225   332     0.98083594
  226   491     0.89401197
  226   310    -0.06279333
  226   913    -0.80691671
  226   151     0.30269211
  227   603    -0.09803555
  227   989    -0.42345427
  227   440    -1.44353454
  227    31     0.35782334
  228    68     0.17868011
  228   571     1.55607912
  228   197    -1.56859073
  228   611    -0.06619186
  229   210    -0.48774282
  229    61    -1.18616525
  229   442    -1.20392855
  229   264    -0.69812625
  230   316     0.81056855
  230   650    -0.78761175
  230   725    -0.16852549
  230   149    -1.64385090
  231   824     0.27803542
  231   426     0.71964241
  231   592     0.02184909
  231   487     0.17100825
  232   428     0.58719774
  232   153    -0.91154438
  232   906     0.77041661
  232   300     0.47163044
  233   728    -0.59765421
  233   371    -0.27283913
  233   110     0.85386390
  233   551     1.07388349
  234   917     0.49789144
  234    85     0.47363053
  234   600     1.00787194
  234   333    -0.61536896
  235   127    -2.12351352
  235   109    -0.41353029
  235   892     0.23069910
  235     7    -0.42758563
  236   324     1.08040694
  236   833     1.29978310
  236   266    -0.57824082
  236   427     0.31927296
  237   837    -1.00951041
  237   695    -1.09036926
  237   587    -0.20220735
  237    61     1.76945403
  238   106    -0.77809868
  238   989    -0.34853012
  238   847    -1.96215264
  238   207    -1.22322858
  239   197    -0.27364116
  239   444     1.41918824
  239   294     0.41328687
  239   248     0.36571912
  240   250     0.30873768
  240    57    -1.50248961
  240    48     1.24408830
  240    39    -0.17499375
  241   278     2.57335927
  241    25    -0.64550800
  241   736     0.68172374
  241   911    -0.51576029
  242   820    -0.75735642
  242   781     0.43526026
  242   802    -0.01674371
  242   925     0.55536573
  243   453    -0.24388481
  243   208     1.03793230
  243    38     1.34481233
  243   135    -0.68029263
  244   404    -1.32535030
  244   271     0.82945666
  244   193     0.27102807
  244   997     0.05824515
  245   328    -0.16470564
  245   914     2.36826047
  245   488     1.65196142
  245   468    -0.71298882
  246   198    -1.54177937
  246   305     2.25967439
  246   867     0.29069153
  246   987    -0.86461556
  247   603    -0.94815786
  247   564    -0.20423039
  247   177     1.35775558
  247   929    -1.52144177
  248   942     0.02991959
  248   171    -0.39217447
  248   239     0.36571912
  248   750     0.59947381
  249   308    -0.06769043
  249   217    -0.38559165
  249   722     0.87033652
  249   684     1.29622313
  250   240     0.30873768
  250   401     1.24091516
  250   252     0.42705834
  250   146     1.12615711
  251   122     0.85847881
  251   134     0.73019629
  251   273    -0.51314888
  251   694     0.09850796
  252   802    -0.15140718
  252   250     0.42705834
  252   534    -1.43348176
  252   988     0.92000681
  253   721     0.58900728
  253   981    -0.18969285
  253   544    -0.11191877
  253   100     0.24957868
  254   452    -0.67065396
  254   482    -0.47203947
  254   721    -0.48181858
  254   405    -0.11680603
  255   809    -1.09326699
  255   191    -1.61840351
  255    69    -1.20098280
  255   272     0.33489220
  256   649     0.46190584
  256   906    -0.02188022
  256   725     0.95398235
  256   414    -0.03915160
  257    95     1.81869268
  257   652     1.45379782
  257   628    -0.35765025
  257   379     0.41966985
  258   308     0.78047346
  258   607    -1.21227235
  258     5    -1.02153446
  258   794    -0.58026572
  259   968    -0.16913671
  259   607    -0.89644425
  259   401    -0.24069490
  259   798     1.09410201
  260   180    -1.51234954
  260   510    -0.00415687
  260   529    -0.79979367
  260   699     0.51427962
  261   807     1.03346581
  261   506     0.04590820
  261   809    -1.14214853
  261   181     0.33581948
  262   872     0.01664311
  262   702     0.10633902
  262   413    -2.44539752
  262   515     1.08285483
  263    65    -0.37350488
  263   307     0.68141596
  263   943    -0.01843400
  263   948     1.62219521
  264   104     0.08964483
  264   429    -0.99084282
  264   465     0.68161644
  264   229    -0.69812625
  265   596    -0.27294087
  265   609     1.53080133
  265    35    -0.58090911
  265   876    -0.57423892
  266   236    -0.57824082
  266   553     2.19690951
  266   145     0.16108431
  266    87    -0.07508863
  267   545     1.95329975
  267   372     0.67205492
  267   888    -0.94443619
  267   907    -0.86442144
  268   151     0.56432527
  268   985    -1.06920689
  268    52     1.37250452
  268   641     0.67640445
  269   696    -1.05609247
  269   599     0.32863407
  269   176     1.11890843
  269    66     0.94011525
  270   680     0.17062921
  270   483    -0.87681221
  270   469    -0.44806916
  270   793    -0.38044967
  271   244     0.82945666
  271    83    -1.86674771
  271   745     0.88870222
  271    54    -0.46440610
  272   985    -1.84556011
  272   885    -1.48294778
  272   540     1.87483656
  272   255     0.33489220
  273   203    -0.10964249
  273   251    -0.51314888
  273   393     0.08870668
  273     0     0.66677270
  274    36     0.30376395
  274   626    -0.88465268
  274   836    -2.67655542
  274   673     1.29447192
  275   762    -0.97026989
  275   165     0.20355102
  275   111     0.05387723
  275   915    -0.08165483
  276   898     0.08753927
  276   356     1.54457100
  276   735     1.44590438
  276   563    -0.93094235
  277   151     1.81647114
  277   524    -0.22067652
  277   689     0.57162338
  277   289    -1.08570820
  278   954     0.37268311
  278   241     2.57335927
  278   676    -0.99072140
  278   865     0.25309603
  279   495     0.61085769
  279   514    -1.53707868
  279   780     0.59374851
  279   156     0.30111050
  280   958    -0.13521349
  280   490     1.18973044
  280   718    -0.40703937
  280    81    -0.07770406
  281   286    -0.61442557
  281    20    -0.67566199
  281   558     0.20204701
  281   844    -1.32049365
  282   316    -1.83099404
  282   138    -0.93217925
  282   825     1.01958423
  282   831    -0.74935033
  283   893    -0.23493377
  283   602    -1.75513809
  283   636    -0.88252673
  283   205    -0.71642881
  284   792    -0.13945285
  284   449    -0.37751621
  284    22     1.61325428
  284   811     0.49672728
  285   847    -0.82566825
  285   322     0.48217687
  285   319    -0.81993175
  285    36     0.72961036
  286   281    -0.61442557
  286   778     0.17866529
  286   834     0.96203029
  286   143    -1.52802755
  287   613    -0.96756585
  287   862    -0.82527888
  287   223    -0.60514977
  287   719    -0.30776996
  288   640     0.41752871
  288   853     0.42080604
  288   748    -1.43006207
  288   370     0.76112047
  289   277    -1.08570820
  289     6    -1.38351233
  289   476    -0.04864713
  289    37     0.03597405
  290   709     1.79656456
  290   884    -0.04738907
  290   479     0.60320688
  290   480     0.45707037
  291   426    -0.59590551
  291   121     0.51033719
  291   639    -0.11080584
  291   331    -0.14538764
  292   114    -0.32482440
  292   306     0.49401330
  292   118     1.59916448
  292   359    -0.07845455
  293   748     0.81725570
  293   611    -1.02100881
  293   923     1.13402196
  293   186     1.33457627
  294   301    -1.34639032
  294   239     0.41328687
  294   644     0.14726136
  294   851    -0.96166352
  295    14     2.17144855
  295   693    -0.45295882
  295   178    -1.08330175
  295   568     0.91622332
  296   620     1.59795024
  296   575    -0.34636976
  296   389    -0.78823576
  296   126    -0.28591238
  297    68    -0.72300104
  297   113     0.05596812
  297   779     0.11643636
  297    51    -1.44905919
  298   980     2.71692796
  298     8     0.69987541
  298   698    -0.02402939
  298   373    -2.81386625
  299    92    -2.23506146
  299   933    -0.29191664
  299   756     1.25757468
  299    55     0.77061151
  300   944     0.02012165
  300   232     0.47163044
  300   695    -1.88595293
  300   616     0.44679101
  301   294    -1.34639032
  301   305     1.87954368
  301   454     1.04413002
  301   803    -0.02798458
  302   803    -0.12856312
  302   952     1.49484728
  302   410     1.08066674
  302   620    -1.07282577
  303   132     0.58210258
  303   626     0.59838006
  303   147    -0.30942367
  303    52    -0.03085993
  304   741    -0.25167615
  304   717    -0.39259907
  304   969     0.73941495
  304   199     2.15889113
  305   301     1.87954368
  305   246     2.25967439
  305   834     0.28063123
  305   152     2.01648880
  306   292     0.49401330
  306   718    -0.90352416
  306     4     1.91858903
  306   952     0.13719193
  307   462     0.65147721
  307   378    -0.48814908
  307   263     0.68141596
  307   915     2.42149820
  308   258     0.78047346
  308   249    -0.06769043
  308   351     0.31730274
  308   189    -0.59222280
  309   768    -0.66446560
  309   961     0.45285922
  309   580     0.71627448
  309    93     2.05177281
  310   558    -2.23120338
  310   428     0.26761922
  310   226    -0.06279333
  310   550    -1.79573586
  311   536     0.06168983
  311    21     0.73598296
  311   225     1.63868325
  311   699    -0.45466471
  312   983    -0.51778647
  312   949    -0.32389266
  312   168     0.68988987
  312   918     0.53461700
  313   462    -0.65673560
  313   661    -0.28746703
  313   664     1.30013897
  313   125     1.78627548
  314   680     0.51138282
  314   321    -0.79017573
  314    24    -0.29290591
  314   115    -1.04625318
  315   390     0.93888903
  315    24     0.38875243
  315   681     0.89240706
  315   913    -0.12110300
  316   230     0.81056855
  316   514    -1.61207384
  316   282    -1.83099404
  316   110    -0.66254642
  317   850    -0.67459979
  317    86     0.78448380
  317     7    -0.50240797
  317   689    -0.47583672
  318   996    -0.33089236
  318   472    -1.74272356
  318   140     1.45525235
  318   423     0.47621015
  319    13    -0.89699845
  319   285    -0.81993175
  319   583    -0.17926002
  319   733    -1.08444948
  320   737    -1.87280736
  320   321    -1.57413344
  320    48    -0.16754667
  320   103     0.76736714
  321   314    -0.79017573
  321   320    -1.57413344
  321   842    -0.03422565
  321    80     2.35078946
  322   285     0.48217687
  322   914    -0.95184094
  322   880    -0.71275925
  322   762    -0.30864408
  323   210    -0.54719100
  323   155    -0.15124902
  323   132    -0.13219483
  323   713    -0.25164407
  324   236     1.08040694
  324   521     0.41000219
  324   502     0.53325484
  324    45    -0.52906741
  325   965     1.21525959
  325   701    -0.69102000
  325   205    -0.56704822
  325   375     0.40570057
  326   840     0.25947346
  326   712     1.39633132
  326   608     0.35630529
  326   569    -1.01768490
  327   467    -1.38361943
  327   937     0.42979770
  327   784     0.23156633
  327    31     0.30488618
  328   353     0.91923227
  328   245    -0.16470564
  328   514     0.39393876
  328   940    -1.33468705
  329   890    -0.29841442
  329   448    -0.73162101
  329   779     0.79383097
  329   406    -3.07397395
  330   582    -2.04733409
  330   799    -1.19606169
  330   740    -0.23709732
  330   116     0.61701342
  331   222     0.78833531
  331   794    -0.12146321
  331   291    -0.14538764
  331   572    -0.12847057
  332   840     1.77726410
  332   503    -0.27210450
  332   918    -0.42126730
  332   225     0.98083594
  333   755    -1.42663592
  333   982     1.08512936
  333   361     1.00170079
  333   234    -0.61536896
  334   403     0.91940774
  334   460     0.36118108
  334   981    -0.75697591
  334   220    -0.72725961
  335   146     0.91473390
  335   705    -1.46980341
  335   206     1.57156286
  335   148    -0.14732217
  336   160    -1.01406461
  336   471     0.19386198
  336   152     0.86926660
  336   812    -0.16265430
  337   798    -0.66249086
  337   984     1.49577389
  337    90    -1.94236617
  337   466    -0.35234623
  338   708     1.06753936
  338   912     1.33027679
  338   343    -0.52933950
  338   525    -0.07498874
  339   566    -2.29758878
  339   620    -0.60796646
  339   550    -1.36972123
  339   397     0.70571683
  340   769     0.81646286
  340   377    -1.07498087
  340   675    -1.12494671
  340   689    -0.64496067
  341   687    -0.10999533
  341   705     1.41301652
  341   814     1.05634708
  341   476    -1.49961729
  342   703    -2.00298398
  342    72    -0.20166580
  342    17     0.27989323
  342    50    -0.38742205
  343   338    -0.52933950
  343   112    -1.47101426
  343   449    -0.62645027
  343   934    -0.77409110
  344   780     0.53023160
  344   531     1.57376218
  344   929     0.66768320
  344   460     2.53122131
  345   790    -1.71771862
  345   657     0.01727093
  345   920     0.27825267
  345   776    -2.33772187
  346   159    -1.00702207
  346   670    -1.22541247
  346   843    -0.38203970
  346   139    -0.50177176
  347   183    -0.81852295
  347    33    -0.10757558
  347   363    -1.15851322
  347   118     0.12753443
  348   808     2.10665174
  348   496     0.03867033
  348    26    -0.15718194
  348   866    -1.56487559
  349   194    -0.80133025
  349   957     0.30213206
  349   105    -1.40720423
  349   710     0.88826459
  350   136    -0.23613999
  350   462    -1.65039443
  350   862     0.82881414
  350   168     0.09796167
  351   634    -0.69533807
  351   308     0.31730274
  351   478    -0.68465550
  351   520     0.07920253
  352   616    -0.12088857
  352   161    -0.29224587
  352   832    -1.85613854
  352   401    -0.42578618
  353   328     0.91923227
  353   218    -0.21065569
  353   990     0.69199859
  353   950    -0.00236768
  354    59    -0.58527799
  354   475    -1.06925834
  354   166     1.42789076
  354   986    -0.57042368
  355   475    -1.05057707
  355   654     0.55545278
  355   628     0.64578019
  355   455     0.36429166
  356   740    -0.31837806
  356   276     1.54457100
  356   693    -1.57088014
  356   861     1.47249124
  357   610    -0.74020843
  357    97     0.13717898
  357   797     1.24867439
  357    46     1.08819734
  358   830    -0.47315984
  358   458    -0.51809477
  358    81    -0.99068773
  358   822    -0.79917348
  359   816     0.87271715
  359   207    -0.75102067
  359   363    -1.72800145
  359   292    -0.07845455
  360    71     0.48302929
  360   112    -1.24336388
  360   921    -1.50234750
  360   101     1.61161788
  361   821     0.87119657
  361   179    -1.03311835
  361   333     1.00170079
  361   576     0.66914671
  362   538     0.37568834
  362   633     0.77764464
  362   996     0.43481324
  362   444    -0.23960379
  363    49    -0.06941873
  363   359    -1.72800145
  363   347    -1.15851322
  363   902    -0.34132844
  364   764     0.32884034
  364   702     0.67969312
  364   967     1.84530236
  364   413    -0.12827293
  365   761     0.17041194
  365   787    -1.46102813
  365   887    -0.04381745
  365    76     0.74313806
  366   778    -1.05501159
  366   668    -0.37108467
  366   636     1.57832497
  366   471    -1.23297522
  367   632     0.17886531
  367   824    -0.04994073
  367   106    -2.95977678
  367    21    -1.00601905
  368   126     0.27983460
  368   203     0.82943692
  368   651     2.17784554
  368   522     0.07157021
  369   793    -1.15370591
  369   743    -2.82322288
