#Random lattice graph with connectivity C = 6
#Vertices:	Bonds:
#	1000		3000
    0     1     0.84320615
    0     9    -0.87704847
    0    10    -0.34061229
    0    90     1.15672705
    0   100     0.13249828
    0   900    -0.82676204
    1     0     0.84320615
    1     2    -0.85998698
    1    11     0.68150490
    1    91     1.42943333
    1   101    -1.63723857
    1   901    -1.15572383
    2     1    -0.85998698
    2     3    -0.21497649
    2    12     0.25223585
    2    92     1.19383667
    2   102     0.21304778
    2   902     0.92456022
    3     2    -0.21497649
    3     4    -1.21906875
    3    13     0.00234477
    3    93    -1.15589437
    3   103     1.78254518
    3   903     1.35215861
    4     3    -1.21906875
    4     5     0.03955732
    4    14     0.42106350
    4    94     0.34171443
    4   104    -0.04109089
    4   904     0.01264306
    5     4     0.03955732
    5     6    -0.40619250
    5    15     1.78508864
    5    95    -1.36505237
    5   105     1.74123735
    5   905     1.44010233
    6     5    -0.40619250
    6     7    -1.38680769
    6    16     1.68957983
    6    96    -0.28046977
    6   106    -1.09030683
    6   906     0.26597977
    7     6    -1.38680769
    7     8     1.06289185
    7    17    -0.07664748
    7    97    -0.71739188
    7   107    -0.71641894
    7   907    -0.09486701
    8     7     1.06289185
    8     9    -0.28216358
    8    18     1.43296301
    8    98    -0.56233083
    8   108     0.64972684
    8   908     1.39463781
    9     0    -0.87704847
    9     8    -0.28216358
    9    19    -0.66841672
    9    99     0.07114721
    9   109     1.19811817
    9   909     0.32475528
   10     0    -0.34061229
   10    11    -0.60868403
   10    19    -1.96676841
   10    20     0.75089371
   10   110     0.04494027
   10   910    -0.12506313
   11     1     0.68150490
   11    10    -0.60868403
   11    12     0.18995706
   11    21    -0.44798198
   11   111    -2.27177522
   11   911     0.25722419
   12     2     0.25223585
   12    11     0.18995706
   12    13     2.44159853
   12    22     0.39658962
   12   112     0.97106761
   12   912     0.02262522
   13     3     0.00234477
   13    12     2.44159853
   13    14    -0.62111137
   13    23    -0.83870136
   13   113    -0.90093380
   13   913     1.50531876
   14     4     0.42106350
   14    13    -0.62111137
   14    15     0.87556781
   14    24     0.33331672
   14   114     0.12883537
   14   914     2.02213056
   15     5     1.78508864
   15    14     0.87556781
   15    16     2.43865833
   15    25    -2.89768556
   15   115     1.13881818
   15   915     0.02503791
   16     6     1.68957983
   16    15     2.43865833
   16    17    -1.28943179
   16    26     0.11453165
   16   116    -0.90996427
   16   916    -0.48683436
   17     7    -0.07664748
   17    16    -1.28943179
   17    18    -0.16450518
   17    27     0.05361694
   17   117    -1.12910330
   17   917    -0.64167443
   18     8     1.43296301
   18    17    -0.16450518
   18    19    -0.29848780
   18    28     0.28261156
   18   118    -2.12286713
   18   918     0.99598836
   19     9    -0.66841672
   19    10    -1.96676841
   19    18    -0.29848780
   19    29    -0.42047162
   19   119     0.18693885
   19   919    -1.27685397
   20    10     0.75089371
   20    21     0.50814770
   20    29    -1.58620192
   20    30    -1.84801462
   20   120     0.75134700
   20   920     1.41911465
   21    11    -0.44798198
   21    20     0.50814770
   21    22    -0.50048742
   21    31    -0.58476177
   21   121    -1.40477805
   21   921     1.09860672
   22    12     0.39658962
   22    21    -0.50048742
   22    23     0.97396843
   22    32    -0.09746264
   22   122     1.37116155
   22   922    -1.42239913
   23    13    -0.83870136
   23    22     0.97396843
   23    24     1.25632610
   23    33     0.20089514
   23   123     1.39881456
   23   923     0.68044339
   24    14     0.33331672
   24    23     1.25632610
   24    25    -0.88179461
   24    34    -0.53821900
   24   124     1.24258110
   24   924     0.05931610
   25    15    -2.89768556
   25    24    -0.88179461
   25    26     0.49598789
   25    35     0.28754631
   25   125    -0.43703931
   25   925    -0.50478369
   26    16     0.11453165
   26    25     0.49598789
   26    27     0.57538610
   26    36     1.61576501
   26   126    -0.61612019
   26   926    -0.90834454
   27    17     0.05361694
   27    26     0.57538610
   27    28    -2.02602314
   27    37    -1.97299077
   27   127     1.22806332
   27   927     0.58813866
   28    18     0.28261156
   28    27    -2.02602314
   28    29    -0.85843731
   28    38     0.57365614
   28   128    -0.50491173
   28   928     1.68945364
   29    19    -0.42047162
   29    20    -1.58620192
   29    28    -0.85843731
   29    39    -0.37954860
   29   129     0.61403803
   29   929    -1.28140427
   30    20    -1.84801462
   30    31    -1.54301517
   30    39     0.35280933
   30    40     1.24110218
   30   130    -1.94314283
   30   930     1.62546195
   31    21    -0.58476177
   31    30    -1.54301517
   31    32    -0.84260359
   31    41     0.13844311
   31   131    -0.57204976
   31   931    -0.65749062
   32    22    -0.09746264
   32    31    -0.84260359
   32    33     0.57397866
   32    42     0.24680183
   32   132     1.47897243
   32   932     0.61219660
   33    23     0.20089514
   33    32     0.57397866
   33    34     0.68001385
   33    43     0.81491542
   33   133     1.14446804
   33   933    -1.03213530
   34    24    -0.53821900
   34    33     0.68001385
   34    35     0.66845312
   34    44    -0.89743258
   34   134    -0.11499523
   34   934     0.56666328
   35    25     0.28754631
   35    34     0.66845312
   35    36     1.40672243
   35    45     0.23025756
   35   135    -0.26695972
   35   935     0.62153199
   36    26     1.61576501
   36    35     1.40672243
   36    37     0.84913879
   36    46     1.52321141
   36   136     0.61127038
   36   936     0.93522466
   37    27    -1.97299077
   37    36     0.84913879
   37    38     0.19633538
   37    47     0.33390276
   37   137    -0.46776973
   37   937    -1.58865415
   38    28     0.57365614
   38    37     0.19633538
   38    39     0.33955379
   38    48    -0.74954705
   38   138     0.11853120
   38   938    -0.71620873
   39    29    -0.37954860
   39    30     0.35280933
   39    38     0.33955379
   39    49     0.86410762
   39   139    -1.48034608
   39   939    -0.48586038
   40    30     1.24110218
   40    41     0.89767860
   40    49     0.96835052
   40    50     1.22019879
   40   140    -0.38164832
   40   940     0.75722601
   41    31     0.13844311
   41    40     0.89767860
   41    42    -0.12077217
   41    51     0.60578603
   41   141     0.85688015
   41   941     0.38064438
   42    32     0.24680183
   42    41    -0.12077217
   42    43     0.92861660
   42    52     1.01972917
   42   142    -0.55660676
   42   942     0.71606973
   43    33     0.81491542
   43    42     0.92861660
   43    44     1.03207290
   43    53     0.98575631
   43   143     0.53267871
   43   943    -0.84451422
   44    34    -0.89743258
   44    43     1.03207290
   44    45    -0.65484952
   44    54    -0.04133339
   44   144    -1.30826652
   44   944    -0.91980265
   45    35     0.23025756
   45    44    -0.65484952
   45    46     0.47357876
   45    55    -0.10134063
   45   145    -1.98818162
   45   945    -0.96089058
   46    36     1.52321141
   46    45     0.47357876
   46    47     0.92070533
   46    56    -0.06197600
   46   146    -0.70644556
   46   946     0.22893414
   47    37     0.33390276
   47    46     0.92070533
   47    48     0.28334479
   47    57     0.76533421
   47   147     1.16319535
   47   947     0.37400049
   48    38    -0.74954705
   48    47     0.28334479
   48    49    -0.08474272
   48    58    -0.37312126
   48   148     1.33357148
   48   948    -0.12096097
   49    39     0.86410762
   49    40     0.96835052
   49    48    -0.08474272
   49    59     1.33436826
   49   149     0.01445856
   49   949     0.50036297
   50    40     1.22019879
   50    51    -0.30846206
   50    59    -0.83854721
   50    60     1.05021518
   50   150    -0.46292934
   50   950    -0.79192147
   51    41     0.60578603
   51    50    -0.30846206
   51    52     2.30726099
   51    61    -0.13360602
   51   151     0.10294518
   51   951    -0.11469997
   52    42     1.01972917
   52    51     2.30726099
   52    53     0.32236260
   52    62     1.45128275
   52   152     0.39997501
   52   952     1.58160864
   53    43     0.98575631
   53    52     0.32236260
   53    54    -0.29793189
   53    63     0.22488148
   53   153     1.10358501
   53   953    -0.24398409
   54    44    -0.04133339
   54    53    -0.29793189
   54    55     1.34840038
   54    64     0.73887338
   54   154     0.46578378
   54   954     0.66140874
   55    45    -0.10134063
   55    54     1.34840038
   55    56     0.38355313
   55    65    -0.71303575
   55   155    -0.00949626
   55   955     1.01361874
   56    46    -0.06197600
   56    55     0.38355313
   56    57     0.75200232
   56    66     0.92773768
   56   156     2.13648414
   56   956     0.16789803
   57    47     0.76533421
   57    56     0.75200232
   57    58    -1.31166284
   57    67    -1.75523327
   57   157    -1.85059804
   57   957    -2.04938343
   58    48    -0.37312126
   58    57    -1.31166284
   58    59    -3.08848986
   58    68    -1.11194713
   58   158    -0.07631017
   58   958     0.12218032
   59    49     1.33436826
   59    50    -0.83854721
   59    58    -3.08848986
   59    69     1.03252504
   59   159     0.47950000
   59   959     0.00121296
   60    50     1.05021518
   60    61    -0.59694214
   60    69     1.87710410
   60    70    -2.45448593
   60   160    -0.22636570
   60   960     2.17252010
   61    51    -0.13360602
   61    60    -0.59694214
   61    62     0.59045108
   61    71    -0.57208062
   61   161    -1.37604264
   61   961    -0.50264326
   62    52     1.45128275
   62    61     0.59045108
   62    63     0.48984173
   62    72    -1.42136983
   62   162     0.32271445
   62   962     1.10769903
   63    53     0.22488148
   63    62     0.48984173
   63    64    -0.06051730
   63    73    -1.64310286
   63   163    -0.84016024
   63   963     0.32852271
   64    54     0.73887338
   64    63    -0.06051730
   64    65    -1.62011847
   64    74     1.38625747
   64   164     1.40682596
   64   964     1.61419732
   65    55    -0.71303575
   65    64    -1.62011847
   65    66    -0.57984814
   65    75     0.81267121
   65   165    -1.39538277
   65   965     0.69802841
   66    56     0.92773768
   66    65    -0.57984814
   66    67    -0.58442007
   66    76     0.38314214
   66   166     0.82412667
   66   966    -1.16417417
   67    57    -1.75523327
   67    66    -0.58442007
   67    68    -0.29956652
   67    77    -0.94321972
   67   167     1.13576473
   67   967     1.30753457
   68    58    -1.11194713
   68    67    -0.29956652
   68    69    -0.83781083
   68    78     0.55895938
   68   168     0.40867880
   68   968     0.00481180
   69    59     1.03252504
   69    60     1.87710410
   69    68    -0.83781083
   69    79     1.29740337
   69   169    -0.94473025
   69   969    -0.25390960
   70    60    -2.45448593
   70    71    -1.05188632
   70    79     0.47940527
   70    80    -0.86755143
   70   170     0.40371322
   70   970    -0.93156080
   71    61    -0.57208062
   71    70    -1.05188632
   71    72     0.35115056
   71    81    -1.01477824
   71   171    -0.20857339
   71   971     0.28317750
   72    62    -1.42136983
   72    71     0.35115056
   72    73     1.55964700
   72    82    -0.64814296
   72   172    -0.44452131
   72   972    -1.03273385
   73    63    -1.64310286
   73    72     1.55964700
   73    74     1.29595566
   73    83     1.15840684
   73   173    -0.51373645
   73   973     0.75574682
   74    64     1.38625747
   74    73     1.29595566
   74    75    -0.62377518
   74    84     1.89560838
   74   174    -1.16829042
   74   974    -0.30304103
   75    65     0.81267121
   75    74    -0.62377518
   75    76     1.23668030
   75    85    -0.31955910
   75   175     0.20458278
   75   975    -0.40311633
   76    66     0.38314214
   76    75     1.23668030
   76    77    -1.14707712
   76    86     0.47737588
   76   176     1.70848164
   76   976     0.62605702
   77    67    -0.94321972
   77    76    -1.14707712
   77    78     1.88912143
   77    87    -0.47098403
   77   177    -0.65992474
   77   977    -0.71737121
   78    68     0.55895938
   78    77     1.88912143
   78    79    -0.09137304
   78    88    -0.55302441
   78   178     0.42679483
   78   978    -1.05331282
   79    69     1.29740337
   79    70     0.47940527
   79    78    -0.09137304
   79    89     2.19403326
   79   179     2.82014300
   79   979     0.01627835
   80    70    -0.86755143
   80    81    -3.04203265
   80    89    -0.19747609
   80    90    -1.81269138
   80   180     1.13251160
   80   980     0.04345941
   81    71    -1.01477824
   81    80    -3.04203265
   81    82     0.13304466
   81    91    -0.01995508
   81   181     2.73731596
   81   981     0.41372433
   82    72    -0.64814296
   82    81     0.13304466
   82    83     0.36047411
   82    92    -0.06503530
   82   182    -0.56122961
   82   982     0.05911982
   83    73     1.15840684
   83    82     0.36047411
   83    84     1.34936380
   83    93     0.45537704
   83   183     0.26709548
   83   983     0.71662751
   84    74     1.89560838
   84    83     1.34936380
   84    85    -2.07549647
   84    94     1.02239368
   84   184    -1.96963924
   84   984     0.01866954
   85    75    -0.31955910
   85    84    -2.07549647
   85    86     1.01719028
   85    95    -0.45583602
   85   185    -0.38370747
   85   985     0.81608089
   86    76     0.47737588
   86    85     1.01719028
   86    87    -0.37161715
   86    96    -1.22611550
   86   186     1.23687082
   86   986     1.09293314
   87    77    -0.47098403
   87    86    -0.37161715
   87    88    -0.31932954
   87    97     0.84171673
   87   187    -0.52504861
   87   987    -2.54294887
   88    78    -0.55302441
   88    87    -0.31932954
   88    89     0.23359499
   88    98     0.51150971
   88   188    -0.80459810
   88   988     0.34692353
   89    79     2.19403326
   89    80    -0.19747609
   89    88     0.23359499
   89    99    -0.04029561
   89   189    -1.56409270
   89   989     0.18136346
   90     0     1.15672705
   90    80    -1.81269138
   90    91     0.09982571
   90    99     0.43389699
   90   190     0.57972531
   90   990    -0.49141570
   91     1     1.42943333
   91    81    -0.01995508
   91    90     0.09982571
   91    92     0.68829681
   91   191    -1.14958558
   91   991     0.74033074
   92     2     1.19383667
   92    82    -0.06503530
   92    91     0.68829681
   92    93     0.77990534
   92   192    -0.21343021
   92   992     1.13622201
   93     3    -1.15589437
   93    83     0.45537704
   93    92     0.77990534
   93    94    -1.10788155
   93   193     0.69763132
   93   993     1.75632437
   94     4     0.34171443
   94    84     1.02239368
   94    93    -1.10788155
   94    95    -0.18481024
   94   194    -0.23364646
   94   994    -1.84464248
   95     5    -1.36505237
   95    85    -0.45583602
   95    94    -0.18481024
   95    96     0.19727642
   95   195     0.66525668
   95   995     0.27682146
   96     6    -0.28046977
   96    86    -1.22611550
   96    95     0.19727642
   96    97    -1.42832340
   96   196     0.74815782
   96   996     0.35309083
   97     7    -0.71739188
   97    87     0.84171673
   97    96    -1.42832340
   97    98    -0.39129536
   97   197    -1.12332614
   97   997     0.67268749
   98     8    -0.56233083
   98    88     0.51150971
   98    97    -0.39129536
   98    99    -0.21130947
   98   198    -0.19569346
   98   998     0.57836269
   99     9     0.07114721
   99    89    -0.04029561
   99    90     0.43389699
   99    98    -0.21130947
   99   199     0.36242778
   99   999     1.01871512
  100     0     0.13249828
  100   101    -0.67593164
  100   109    -0.57542108
  100   110    -2.35666462
  100   190    -1.86464044
  100   200     1.29186673
  101     1    -1.63723857
  101   100    -0.67593164
  101   102    -0.84952210
  101   111    -0.21560887
  101   191    -1.34725073
  101   201    -0.50778331
  102     2     0.21304778
  102   101    -0.84952210
  102   103    -0.69629397
  102   112     0.40074044
  102   192     0.21324122
  102   202    -0.35247051
  103     3     1.78254518
  103   102    -0.69629397
  103   104     1.30553275
  103   113     1.13109560
  103   193     2.42634331
  103   203    -0.92570493
  104     4    -0.04109089
  104   103     1.30553275
  104   105    -0.25545241
  104   114     0.57820915
  104   194     0.20836037
  104   204    -0.92126804
  105     5     1.74123735
  105   104    -0.25545241
  105   106     0.12840028
  105   115     0.08497225
  105   195     0.53858476
  105   205    -0.97629221
  106     6    -1.09030683
  106   105     0.12840028
  106   107    -0.37588048
  106   116    -0.76325205
  106   196     0.39699198
  106   206    -1.12583715
  107     7    -0.71641894
  107   106    -0.37588048
  107   108     0.88023025
  107   117    -1.18833997
  107   197    -1.33034945
  107   207    -0.65955668
  108     8     0.64972684
  108   107     0.88023025
  108   109    -0.57753937
  108   118     2.17975382
  108   198    -0.07703379
  108   208     0.02599063
  109     9     1.19811817
  109   100    -0.57542108
  109   108    -0.57753937
  109   119     0.48592199
  109   199    -1.14872243
  109   209    -1.08128637
  110    10     0.04494027
  110   100    -2.35666462
  110   111    -1.29403214
  110   119    -0.26529548
  110   120     0.99666154
  110   210    -0.49603875
  111    11    -2.27177522
  111   101    -0.21560887
  111   110    -1.29403214
  111   112    -0.48726607
  111   121     0.19528359
  111   211    -0.34083748
  112    12     0.97106761
  112   102     0.40074044
  112   111    -0.48726607
  112   113    -1.00885793
  112   122     1.00924263
  112   212    -2.40412744
  113    13    -0.90093380
  113   103     1.13109560
  113   112    -1.00885793
  113   114     0.32933663
  113   123     1.03585164
  113   213    -1.76347712
  114    14     0.12883537
  114   104     0.57820915
  114   113     0.32933663
  114   115    -0.32750461
  114   124    -0.70937141
  114   214     0.01889925
  115    15     1.13881818
  115   105     0.08497225
  115   114    -0.32750461
  115   116    -0.71752166
  115   125     0.28586475
  115   215     1.18760418
  116    16    -0.90996427
  116   106    -0.76325205
  116   115    -0.71752166
  116   117    -0.55785238
  116   126    -0.78217179
  116   216     0.52671675
  117    17    -1.12910330
  117   107    -1.18833997
  117   116    -0.55785238
  117   118     1.46485433
  117   127     0.85913707
  117   217    -0.93243996
  118    18    -2.12286713
  118   108     2.17975382
  118   117     1.46485433
  118   119    -1.54126584
  118   128    -0.70902863
  118   218     0.28429368
  119    19     0.18693885
  119   109     0.48592199
  119   110    -0.26529548
  119   118    -1.54126584
  119   129     1.50682859
  119   219    -0.86686799
  120    20     0.75134700
  120   110     0.99666154
  120   121    -0.28146730
  120   129     0.46054901
  120   130    -1.17413487
  120   220     0.40066561
  121    21    -1.40477805
  121   111     0.19528359
  121   120    -0.28146730
  121   122    -0.42943065
  121   131     0.52120246
  121   221     0.84272842
  122    22     1.37116155
  122   112     1.00924263
  122   121    -0.42943065
  122   123    -1.08678152
  122   132    -0.29367441
  122   222     0.56905119
  123    23     1.39881456
  123   113     1.03585164
  123   122    -1.08678152
  123   124    -1.16192960
  123   133    -0.30004182
  123   223     1.38069455
  124    24     1.24258110
  124   114    -0.70937141
  124   123    -1.16192960
  124   125    -1.48163235
  124   134     0.80207946
  124   224     0.96163466
  125    25    -0.43703931
  125   115     0.28586475
  125   124    -1.48163235
  125   126     0.06059006
  125   135     2.22485923
  125   225    -0.63020561
  126    26    -0.61612019
  126   116    -0.78217179
  126   125     0.06059006
  126   127     0.88475853
  126   136     0.43107939
  126   226    -1.02177648
  127    27     1.22806332
  127   117     0.85913707
  127   126     0.88475853
  127   128     2.59636745
  127   137     0.67239941
  127   227    -1.59263801
  128    28    -0.50491173
  128   118    -0.70902863
  128   127     2.59636745
  128   129    -0.96843299
  128   138    -1.29068075
  128   228    -0.99943292
  129    29     0.61403803
  129   119     1.50682859
  129   120     0.46054901
  129   128    -0.96843299
  129   139    -1.00828232
  129   229     0.95901733
  130    30    -1.94314283
  130   120    -1.17413487
  130   131     0.97156578
  130   139     0.92533569
  130   140    -2.13042621
  130   230    -0.93825018
  131    31    -0.57204976
  131   121     0.52120246
  131   130     0.97156578
  131   132     2.52273518
  131   141     0.72023624
  131   231    -1.49579191
  132    32     1.47897243
  132   122    -0.29367441
  132   131     2.52273518
  132   133    -1.41714235
  132   142    -1.82933626
  132   232    -1.57511150
  133    33     1.14446804
  133   123    -0.30004182
  133   132    -1.41714235
  133   134    -0.15912603
  133   143    -0.92578644
  133   233    -0.71434701
  134    34    -0.11499523
  134   124     0.80207946
  134   133    -0.15912603
  134   135    -0.65337457
  134   144     0.29828218
  134   234     1.52827743
  135    35    -0.26695972
  135   125     2.22485923
  135   134    -0.65337457
  135   136     0.32913205
  135   145    -1.78755247
  135   235     1.26625908
  136    36     0.61127038
  136   126     0.43107939
  136   135     0.32913205
  136   137    -1.31811670
  136   146    -1.23507657
  136   236    -0.79875960
  137    37    -0.46776973
  137   127     0.67239941
  137   136    -1.31811670
  137   138     0.22109679
  137   147     1.23400655
  137   237     0.15901651
  138    38     0.11853120
  138   128    -1.29068075
  138   137     0.22109679
  138   139    -0.49886002
  138   148    -0.30928221
  138   238     1.58815788
  139    39    -1.48034608
  139   129    -1.00828232
  139   130     0.92533569
  139   138    -0.49886002
  139   149     1.01729183
  139   239    -0.39968785
  140    40    -0.38164832
  140   130    -2.13042621
  140   141     0.53994181
  140   149    -0.26131930
  140   150     0.97661412
  140   240     1.05359163
  141    41     0.85688015
  141   131     0.72023624
  141   140     0.53994181
  141   142    -0.30269416
  141   151    -0.04903763
  141   241    -0.08878323
  142    42    -0.55660676
  142   132    -1.82933626
  142   141    -0.30269416
  142   143    -0.67074857
  142   152     0.50784478
  142   242    -1.78444268
  143    43     0.53267871
  143   133    -0.92578644
  143   142    -0.67074857
  143   144    -1.87613261
  143   153    -1.48900127
  143   243     1.31845737
  144    44    -1.30826652
  144   134     0.29828218
  144   143    -1.87613261
  144   145    -0.27128292
  144   154    -1.56019473
  144   244     0.92242836
  145    45    -1.98818162
  145   135    -1.78755247
  145   144    -0.27128292
  145   146     1.71189547
  145   155     0.92562803
  145   245    -1.02352170
  146    46    -0.70644556
  146   136    -1.23507657
  146   145     1.71189547
  146   147     0.23310569
  146   156     1.23961693
  146   246    -0.78187989
  147    47     1.16319535
  147   137     1.23400655
  147   146     0.23310569
  147   148    -0.71416450
  147   157     1.10257756
  147   247     0.76413850
  148    48     1.33357148
  148   138    -0.30928221
  148   147    -0.71416450
  148   149     1.59864783
  148   158     0.65466297
  148   248     1.18909836
  149    49     0.01445856
  149   139     1.01729183
  149   140    -0.26131930
  149   148     1.59864783
  149   159    -0.61928662
  149   249     0.63333557
  150    50    -0.46292934
  150   140     0.97661412
  150   151     0.69075741
  150   159     0.11372773
  150   160    -2.28008436
  150   250    -0.77295168
  151    51     0.10294518
  151   141    -0.04903763
  151   150     0.69075741
  151   152     1.10319581
  151   161    -0.66558655
  151   251    -0.30726529
  152    52     0.39997501
  152   142     0.50784478
  152   151     1.10319581
  152   153     1.96692614
  152   162    -0.99295733
  152   252     0.10213521
  153    53     1.10358501
  153   143    -1.48900127
  153   152     1.96692614
  153   154    -0.85265999
  153   163    -1.18562898
  153   253    -1.50109846
  154    54     0.46578378
  154   144    -1.56019473
  154   153    -0.85265999
  154   155    -0.05827700
  154   164    -1.02088087
  154   254     1.40928393
  155    55    -0.00949626
  155   145     0.92562803
  155   154    -0.05827700
  155   156    -0.93091651
  155   165     1.32030090
  155   255     1.10338391
  156    56     2.13648414
  156   146     1.23961693
  156   155    -0.93091651
  156   157    -1.05626206
  156   166     0.99309344
  156   256     0.89929224
  157    57    -1.85059804
  157   147     1.10257756
  157   156    -1.05626206
  157   158    -0.91298644
  157   167     0.73339246
  157   257     0.62669257
  158    58    -0.07631017
  158   148     0.65466297
  158   157    -0.91298644
  158   159     0.12497981
  158   168     0.79529591
  158   258     0.43026950
  159    59     0.47950000
  159   149    -0.61928662
  159   150     0.11372773
  159   158     0.12497981
  159   169     0.83874794
  159   259    -1.14432717
  160    60    -0.22636570
  160   150    -2.28008436
  160   161     0.12395204
  160   169     1.08422451
  160   170    -1.75001114
  160   260     0.49934873
  161    61    -1.37604264
  161   151    -0.66558655
  161   160     0.12395204
  161   162    -1.10782651
  161   171    -1.58470730
  161   261    -1.07536734
  162    62     0.32271445
  162   152    -0.99295733
  162   161    -1.10782651
  162   163    -0.10783798
  162   172     0.35481266
  162   262    -0.95273259
  163    63    -0.84016024
  163   153    -1.18562898
  163   162    -0.10783798
  163   164     0.52228887
  163   173     1.73288883
  163   263    -0.47189985
  164    64     1.40682596
  164   154    -1.02088087
  164   163     0.52228887
  164   165    -1.25222800
  164   174    -1.07861329
  164   264     1.36268119
  165    65    -1.39538277
  165   155     1.32030090
  165   164    -1.25222800
  165   166     0.57618191
  165   175    -0.36910509
  165   265    -0.83426789
  166    66     0.82412667
  166   156     0.99309344
  166   165     0.57618191
  166   167     0.72439251
  166   176     0.11243784
  166   266    -0.75769442
  167    67     1.13576473
  167   157     0.73339246
  167   166     0.72439251
  167   168     0.22587473
  167   177    -1.44863893
  167   267     1.21634390
  168    68     0.40867880
  168   158     0.79529591
  168   167     0.22587473
  168   169     0.20325528
  168   178    -2.49887274
  168   268     0.48493683
  169    69    -0.94473025
  169   159     0.83874794
  169   160     1.08422451
  169   168     0.20325528
  169   179     0.57484152
  169   269     0.69281305
  170    70     0.40371322
  170   160    -1.75001114
  170   171    -0.34561643
  170   179    -0.46682936
  170   180     1.46733155
  170   270     0.83041853
  171    71    -0.20857339
  171   161    -1.58470730
  171   170    -0.34561643
  171   172     1.09917698
  171   181     0.66268982
  171   271     0.13911500
  172    72    -0.44452131
  172   162     0.35481266
  172   171     1.09917698
  172   173    -1.01541576
  172   182     0.31138162
  172   272     1.22031008
  173    73    -0.51373645
  173   163     1.73288883
  173   172    -1.01541576
  173   174     0.82035544
  173   183     1.56318854
  173   273    -1.64331472
  174    74    -1.16829042
  174   164    -1.07861329
  174   173     0.82035544
  174   175     0.43782067
  174   184    -0.08312477
  174   274     0.36672399
  175    75     0.20458278
  175   165    -0.36910509
  175   174     0.43782067
  175   176     0.41382700
  175   185    -2.06514030
  175   275    -1.45893662
  176    76     1.70848164
  176   166     0.11243784
  176   175     0.41382700
  176   177     0.94031869
  176   186     1.10269796
  176   276     0.91631522
  177    77    -0.65992474
  177   167    -1.44863893
  177   176     0.94031869
  177   178    -1.65216627
  177   187    -1.05084878
  177   277     1.61623350
  178    78     0.42679483
  178   168    -2.49887274
  178   177    -1.65216627
  178   179    -1.40792484
  178   188    -0.80778528
  178   278    -0.43599181
  179    79     2.82014300
  179   169     0.57484152
  179   170    -0.46682936
  179   178    -1.40792484
  179   189    -1.47949076
  179   279     1.60278785
  180    80     1.13251160
  180   170     1.46733155
  180   181    -0.55680933
  180   189    -0.42768752
  180   190     0.55233059
  180   280     0.96166056
  181    81     2.73731596
  181   171     0.66268982
  181   180    -0.55680933
  181   182    -0.41260981
  181   191    -0.36532197
  181   281    -1.35663062
  182    82    -0.56122961
  182   172     0.31138162
  182   181    -0.41260981
  182   183    -0.25926533
  182   192    -0.76044962
  182   282     1.97015096
  183    83     0.26709548
  183   173     1.56318854
  183   182    -0.25926533
  183   184    -2.34008475
  183   193    -0.79538668
  183   283    -0.36933471
  184    84    -1.96963924
  184   174    -0.08312477
  184   183    -2.34008475
  184   185     0.83800813
  184   194     1.65076491
  184   284    -0.92898840
  185    85    -0.38370747
  185   175    -2.06514030
  185   184     0.83800813
  185   186     1.01192230
  185   195    -0.81842391
  185   285    -0.57958220
  186    86     1.23687082
  186   176     1.10269796
  186   185     1.01192230
  186   187     1.43862620
  186   196    -0.91647183
  186   286    -0.23055029
  187    87    -0.52504861
  187   177    -1.05084878
  187   186     1.43862620
  187   188    -1.82806182
  187   197    -1.92809088
  187   287     0.46596511
  188    88    -0.80459810
  188   178    -0.80778528
  188   187    -1.82806182
  188   189     0.33642598
  188   198     1.53474901
  188   288    -0.67418567
  189    89    -1.56409270
  189   179    -1.47949076
  189   180    -0.42768752
  189   188     0.33642598
  189   199    -0.05035996
  189   289    -0.24631561
  190    90     0.57972531
  190   100    -1.86464044
  190   180     0.55233059
  190   191    -0.51913755
  190   199     0.16457847
  190   290    -0.39010161
  191    91    -1.14958558
  191   101    -1.34725073
  191   181    -0.36532197
  191   190    -0.51913755
  191   192    -0.65076110
  191   291     0.20460803
  192    92    -0.21343021
  192   102     0.21324122
  192   182    -0.76044962
  192   191    -0.65076110
  192   193     0.14032525
  192   292     0.66221116
  193    93     0.69763132
  193   103     2.42634331
  193   183    -0.79538668
  193   192     0.14032525
  193   194     1.90861284
  193   293     0.59696328
  194    94    -0.23364646
  194   104     0.20836037
  194   184     1.65076491
  194   193     1.90861284
  194   195     0.33054813
  194   294    -0.51070255
  195    95     0.66525668
  195   105     0.53858476
  195   185    -0.81842391
  195   194     0.33054813
  195   196     1.46308314
  195   295     1.55713443
  196    96     0.74815782
  196   106     0.39699198
  196   186    -0.91647183
  196   195     1.46308314
  196   197     0.11207102
  196   296     0.40807110
  197    97    -1.12332614
  197   107    -1.33034945
  197   187    -1.92809088
  197   196     0.11207102
  197   198     0.98220944
  197   297     0.47205377
  198    98    -0.19569346
  198   108    -0.07703379
  198   188     1.53474901
  198   197     0.98220944
  198   199    -0.21627198
  198   298    -0.12658380
  199    99     0.36242778
  199   109    -1.14872243
  199   189    -0.05035996
  199   190     0.16457847
  199   198    -0.21627198
  199   299     0.52753813
  200   100     1.29186673
  200   201     0.37130818
  200   209    -1.57356614
  200   210     0.07390707
  200   290    -0.59303236
  200   300    -0.09799408
  201   101    -0.50778331
  201   200     0.37130818
  201   202    -1.40471826
  201   211    -0.79732104
  201   291     0.37350964
  201   301    -0.44622724
  202   102    -0.35247051
  202   201    -1.40471826
  202   203     0.65973256
  202   212     1.03599847
  202   292     0.22079496
  202   302     0.93941398
  203   103    -0.92570493
  203   202     0.65973256
  203   204    -0.77845546
  203   213    -0.70142553
  203   293    -1.33577805
  203   303    -2.89703520
  204   104    -0.92126804
  204   203    -0.77845546
  204   205    -0.33452891
  204   214     0.97614671
  204   294     1.17237132
  204   304     0.30713174
  205   105    -0.97629221
  205   204    -0.33452891
  205   206     0.67563465
  205   215    -1.63614229
  205   295    -1.10457683
  205   305    -0.58244992
  206   106    -1.12583715
  206   205     0.67563465
  206   207     0.06993357
  206   216    -0.71130555
  206   296    -0.38252845
  206   306    -0.08887657
  207   107    -0.65955668
  207   206     0.06993357
  207   208     0.63363569
  207   217    -0.63163506
  207   297    -0.13925017
  207   307    -0.20774646
  208   108     0.02599063
  208   207     0.63363569
  208   209     0.50194890
  208   218    -0.56730031
  208   298     0.55717424
  208   308     0.74405701
  209   109    -1.08128637
  209   200    -1.57356614
  209   208     0.50194890
  209   219     0.64136044
  209   299     0.11082598
  209   309     0.63451759
  210   110    -0.49603875
  210   200     0.07390707
  210   211     0.58582581
  210   219    -0.28640880
  210   220    -1.34005387
  210   310     0.82800524
  211   111    -0.34083748
  211   201    -0.79732104
  211   210     0.58582581
  211   212    -0.64990841
  211   221    -0.18243185
  211   311    -0.87161385
  212   112    -2.40412744
  212   202     1.03599847
  212   211    -0.64990841
  212   213     2.85563271
  212   222     1.26366912
  212   312     0.42766090
  213   113    -1.76347712
  213   203    -0.70142553
  213   212     2.85563271
  213   214    -2.41251362
  213   223    -0.09838880
  213   313     1.82955742
  214   114     0.01889925
  214   204     0.97614671
  214   213    -2.41251362
  214   215    -0.88171945
  214   224    -0.06722951
  214   314    -2.06785993
  215   115     1.18760418
  215   205    -1.63614229
  215   214    -0.88171945
  215   216    -0.26835001
  215   225     0.46455087
  215   315    -1.12500656
  216   116     0.52671675
  216   206    -0.71130555
  216   215    -0.26835001
  216   217     0.58524005
  216   226     0.29170032
  216   316    -1.20120251
  217   117    -0.93243996
  217   207    -0.63163506
  217   216     0.58524005
  217   218     0.88988636
  217   227    -0.51265792
  217   317     0.70817742
  218   118     0.28429368
  218   208    -0.56730031
  218   217     0.88988636
  218   219    -2.84085101
  218   228    -0.84510425
  218   318    -1.42677407
  219   119    -0.86686799
  219   209     0.64136044
  219   210    -0.28640880
  219   218    -2.84085101
  219   229    -0.11969111
  219   319    -1.06549005
  220   120     0.40066561
  220   210    -1.34005387
  220   221     2.06248531
  220   229     1.91803594
  220   230     1.72108977
  220   320    -0.40319865
  221   121     0.84272842
  221   211    -0.18243185
  221   220     2.06248531
  221   222     0.06752183
  221   231     1.87678801
  221   321     0.14099567
  222   122     0.56905119
  222   212     1.26366912
  222   221     0.06752183
  222   223     0.55601753
  222   232     1.92482793
  222   322     0.77518995
  223   123     1.38069455
  223   213    -0.09838880
  223   222     0.55601753
  223   224    -0.05873868
  223   233     0.00760749
  223   323     2.23959751
  224   124     0.96163466
  224   214    -0.06722951
  224   223    -0.05873868
  224   225     1.61510372
  224   234     0.28582892
  224   324     0.83052960
  225   125    -0.63020561
  225   215     0.46455087
  225   224     1.61510372
  225   226    -0.22874729
  225   235    -0.43542109
  225   325    -0.34254266
  226   126    -1.02177648
  226   216     0.29170032
  226   225    -0.22874729
  226   227     0.24106806
  226   236     0.81388610
  226   326    -0.08907931
  227   127    -1.59263801
  227   217    -0.51265792
  227   226     0.24106806
  227   228    -1.19977126
  227   237    -0.83457777
  227   327     2.41787888
  228   128    -0.99943292
  228   218    -0.84510425
  228   227    -1.19977126
  228   229     1.13926754
  228   238    -0.63491710
  228   328     0.21708361
  229   129     0.95901733
  229   219    -0.11969111
  229   220     1.91803594
  229   228     1.13926754
  229   239     0.25480758
  229   329     0.96313380
  230   130    -0.93825018
  230   220     1.72108977
  230   231     0.78151037
  230   239    -0.60888303
  230   240    -0.76339873
  230   330    -0.45770261
  231   131    -1.49579191
  231   221     1.87678801
  231   230     0.78151037
  231   232     0.17265543
  231   241    -1.14649415
  231   331     0.91220729
  232   132    -1.57511150
  232   222     1.92482793
  232   231     0.17265543
  232   233    -1.28789987
  232   242    -0.79273667
  232   332     0.09284370
  233   133    -0.71434701
  233   223     0.00760749
  233   232    -1.28789987
  233   234    -2.15154778
  233   243    -0.11813513
  233   333    -0.66276593
  234   134     1.52827743
  234   224     0.28582892
  234   233    -2.15154778
  234   235    -2.73553891
  234   244    -1.16978865
  234   334     1.95571815
  235   135     1.26625908
  235   225    -0.43542109
  235   234    -2.73553891
  235   236    -1.10918687
  235   245     1.02259540
  235   335    -0.14457211
  236   136    -0.79875960
  236   226     0.81388610
  236   235    -1.10918687
  236   237     0.71320187
  236   246    -0.28565009
  236   336     0.01611780
  237   137     0.15901651
  237   227    -0.83457777
  237   236     0.71320187
  237   238    -1.26361366
  237   247    -0.17983650
  237   337     0.76247468
  238   138     1.58815788
  238   228    -0.63491710
  238   237    -1.26361366
  238   239    -0.93945694
  238   248     0.93994114
  238   338     0.13742435
  239   139    -0.39968785
  239   229     0.25480758
  239   230    -0.60888303
  239   238    -0.93945694
  239   249     0.17156379
  239   339    -1.22795021
  240   140     1.05359163
  240   230    -0.76339873
  240   241    -0.10308231
  240   249    -0.14543308
  240   250    -1.12622379
  240   340     0.22835070
  241   141    -0.08878323
  241   231    -1.14649415
  241   240    -0.10308231
  241   242     0.02541257
  241   251     0.17044369
  241   341    -1.06432104
  242   142    -1.78444268
  242   232    -0.79273667
  242   241     0.02541257
  242   243    -2.72344892
  242   252     1.74804119
  242   342    -0.47203614
  243   143     1.31845737
  243   233    -0.11813513
  243   242    -2.72344892
  243   244    -0.18021236
  243   253    -0.89628475
  243   343     1.97813780
  244   144     0.92242836
  244   234    -1.16978865
  244   243    -0.18021236
  244   245    -1.53330228
  244   254     1.38959040
  244   344    -0.09131859
  245   145    -1.02352170
  245   235     1.02259540
  245   244    -1.53330228
  245   246    -0.80652363
  245   255     1.25144052
  245   345     0.32458362
  246   146    -0.78187989
  246   236    -0.28565009
