#Random lattice graph with connectivity C = 4
#Vertices:	Bonds:
#	1024		2048
    0     1     0.47575069
    0    31     0.39185455
    0    32     0.39394435
    0   992     0.76895593
    1     0     0.47575069
    1     2    -0.29320425
    1    33    -2.03134405
    1   993     0.10662397
    2     1    -0.29320425
    2     3    -0.47147947
    2    34     1.51076787
    2   994    -0.11686323
    3     2    -0.47147947
    3     4    -1.13033860
    3    35    -0.31072121
    3   995    -0.45253139
    4     3    -1.13033860
    4     5     2.09397057
    4    36    -0.45954184
    4   996     0.22323198
    5     4     2.09397057
    5     6    -0.92544445
    5    37     0.44204251
    5   997     0.51450417
    6     5    -0.92544445
    6     7     0.67968381
    6    38    -0.00858617
    6   998     0.17710543
    7     6     0.67968381
    7     8    -0.27759272
    7    39     0.24901376
    7   999    -0.48770206
    8     7    -0.27759272
    8     9    -0.50712553
    8    40    -0.91832707
    8  1000     1.30849295
    9     8    -0.50712553
    9    10     0.21886383
    9    41     0.37688235
    9  1001     0.36982289
   10     9     0.21886383
   10    11     0.64902009
   10    42     0.11460922
   10  1002    -2.58308893
   11    10     0.64902009
   11    12     0.34834577
   11    43     1.38308110
   11  1003     0.31162831
   12    11     0.34834577
   12    13    -0.78200105
   12    44    -1.29906449
   12  1004    -0.70329536
   13    12    -0.78200105
   13    14     0.43868818
   13    45    -0.32757377
   13  1005    -0.61040443
   14    13     0.43868818
   14    15    -0.47756111
   14    46    -1.17690954
   14  1006     1.05879239
   15    14    -0.47756111
   15    16    -1.62897275
   15    47     0.54123626
   15  1007     1.80168457
   16    15    -1.62897275
   16    17    -0.65942304
   16    48    -0.14345501
   16  1008    -0.33324205
   17    16    -0.65942304
   17    18    -0.26972804
   17    49    -0.74664126
   17  1009     1.09237694
   18    17    -0.26972804
   18    19    -0.23981663
   18    50     0.63884290
   18  1010     1.33798676
   19    18    -0.23981663
   19    20    -1.04896024
   19    51    -1.62296552
   19  1011     1.48441629
   20    19    -1.04896024
   20    21     1.16411975
   20    52    -1.45304604
   20  1012    -0.00946855
   21    20     1.16411975
   21    22    -0.83388189
   21    53    -0.81747528
   21  1013     0.23266050
   22    21    -0.83388189
   22    23    -0.00752815
   22    54    -1.50323392
   22  1014    -0.96849907
   23    22    -0.00752815
   23    24     0.36310335
   23    55     0.69672420
   23  1015    -0.84866999
   24    23     0.36310335
   24    25    -0.57832680
   24    56    -1.67568263
   24  1016     0.88782619
   25    24    -0.57832680
   25    26    -0.11061146
   25    57     0.45455511
   25  1017     1.33655823
   26    25    -0.11061146
   26    27     0.88377160
   26    58    -0.15779499
   26  1018    -0.35133526
   27    26     0.88377160
   27    28     0.97274893
   27    59    -0.65946975
   27  1019    -0.99870222
   28    27     0.97274893
   28    29    -1.37690580
   28    60    -0.13507909
   28  1020     0.72667725
   29    28    -1.37690580
   29    30    -1.52099754
   29    61     0.35153875
   29  1021     0.12165390
   30    29    -1.52099754
   30    31     0.88195982
   30    62    -1.18253613
   30  1022    -0.96661857
   31     0     0.39185455
   31    30     0.88195982
   31    63    -0.64937836
   31  1023    -1.25571452
   32     0     0.39394435
   32    33    -0.39215655
   32    63     0.22734188
   32    64     0.90803865
   33     1    -2.03134405
   33    32    -0.39215655
   33    34     0.38627740
   33    65    -0.95193686
   34     2     1.51076787
   34    33     0.38627740
   34    35     0.87639964
   34    66     0.40651567
   35     3    -0.31072121
   35    34     0.87639964
   35    36    -0.37540863
   35    67    -2.55059674
   36     4    -0.45954184
   36    35    -0.37540863
   36    37     1.21741098
   36    68     0.46164833
   37     5     0.44204251
   37    36     1.21741098
   37    38     0.94303492
   37    69    -0.26090624
   38     6    -0.00858617
   38    37     0.94303492
   38    39    -1.30046340
   38    70     1.26979705
   39     7     0.24901376
   39    38    -1.30046340
   39    40    -0.36731401
   39    71     0.72991767
   40     8    -0.91832707
   40    39    -0.36731401
   40    41    -0.14725442
   40    72     0.62076388
   41     9     0.37688235
   41    40    -0.14725442
   41    42    -0.13074658
   41    73    -0.57780437
   42    10     0.11460922
   42    41    -0.13074658
   42    43     0.16707316
   42    74     0.78829290
   43    11     1.38308110
   43    42     0.16707316
   43    44     2.46247889
   43    75    -0.94277326
   44    12    -1.29906449
   44    43     2.46247889
   44    45     0.34015827
   44    76    -0.55814975
   45    13    -0.32757377
   45    44     0.34015827
   45    46    -0.84375136
   45    77     1.26858246
   46    14    -1.17690954
   46    45    -0.84375136
   46    47    -0.92132380
   46    78     0.63264408
   47    15     0.54123626
   47    46    -0.92132380
   47    48     0.70342562
   47    79     0.52156544
   48    16    -0.14345501
   48    47     0.70342562
   48    49     0.41367821
   48    80     1.88955876
   49    17    -0.74664126
   49    48     0.41367821
   49    50    -1.45253419
   49    81     0.56989481
   50    18     0.63884290
   50    49    -1.45253419
   50    51    -0.81194686
   50    82     1.66222946
   51    19    -1.62296552
   51    50    -0.81194686
   51    52    -0.12069204
   51    83     0.72926537
   52    20    -1.45304604
   52    51    -0.12069204
   52    53    -0.95089319
   52    84    -0.27847007
   53    21    -0.81747528
   53    52    -0.95089319
   53    54    -0.17000000
   53    85     0.02470610
   54    22    -1.50323392
   54    53    -0.17000000
   54    55     0.59300829
   54    86    -0.08162404
   55    23     0.69672420
   55    54     0.59300829
   55    56     0.97041232
   55    87    -0.07744148
   56    24    -1.67568263
   56    55     0.97041232
   56    57    -0.98377529
   56    88     1.74561812
   57    25     0.45455511
   57    56    -0.98377529
   57    58     0.57584943
   57    89     0.78427692
   58    26    -0.15779499
   58    57     0.57584943
   58    59     1.96173706
   58    90    -0.12375971
   59    27    -0.65946975
   59    58     1.96173706
   59    60     0.04639549
   59    91     1.14347202
   60    28    -0.13507909
   60    59     0.04639549
   60    61     0.23420262
   60    92     0.04344316
   61    29     0.35153875
   61    60     0.23420262
   61    62     0.88114301
   61    93     1.36389180
   62    30    -1.18253613
   62    61     0.88114301
   62    63     0.60387908
   62    94    -1.19260504
   63    31    -0.64937836
   63    32     0.22734188
   63    62     0.60387908
   63    95    -0.76534108
   64    32     0.90803865
   64    65     0.54779544
   64    95     0.03403848
   64    96    -0.57377545
   65    33    -0.95193686
   65    64     0.54779544
   65    66     0.47325730
   65    97     0.24268866
   66    34     0.40651567
   66    65     0.47325730
   66    67    -2.93206966
   66    98    -0.71145595
   67    35    -2.55059674
   67    66    -2.93206966
   67    68    -1.93479335
   67    99     1.72168054
   68    36     0.46164833
   68    67    -1.93479335
   68    69     1.69790960
   68   100    -0.01484143
   69    37    -0.26090624
   69    68     1.69790960
   69    70    -1.54906540
   69   101     0.40136983
   70    38     1.26979705
   70    69    -1.54906540
   70    71     0.06402396
   70   102     0.84451131
   71    39     0.72991767
   71    70     0.06402396
   71    72    -1.02743233
   71   103     0.54877479
   72    40     0.62076388
   72    71    -1.02743233
   72    73     0.47095080
   72   104    -0.01488067
   73    41    -0.57780437
   73    72     0.47095080
   73    74    -0.85617879
   73   105     0.16801903
   74    42     0.78829290
   74    73    -0.85617879
   74    75     0.14950818
   74   106    -0.01230507
   75    43    -0.94277326
   75    74     0.14950818
   75    76     0.27423211
   75   107     0.42691285
   76    44    -0.55814975
   76    75     0.27423211
   76    77     0.37515428
   76   108     0.69883567
   77    45     1.26858246
   77    76     0.37515428
   77    78     1.23295778
   77   109     0.21423163
   78    46     0.63264408
   78    77     1.23295778
   78    79    -0.14243538
   78   110    -0.53926766
   79    47     0.52156544
   79    78    -0.14243538
   79    80    -0.89414073
   79   111     0.34140775
   80    48     1.88955876
   80    79    -0.89414073
   80    81     0.19978818
   80   112    -1.21148888
   81    49     0.56989481
   81    80     0.19978818
   81    82     0.88013446
   81   113     0.73328538
   82    50     1.66222946
   82    81     0.88013446
   82    83     0.22172738
   82   114    -1.14436203
   83    51     0.72926537
   83    82     0.22172738
   83    84    -0.34118717
   83   115     0.76129455
   84    52    -0.27847007
   84    83    -0.34118717
   84    85    -0.89226255
   84   116    -0.15470343
   85    53     0.02470610
   85    84    -0.89226255
   85    86     1.37897544
   85   117    -0.06680323
   86    54    -0.08162404
   86    85     1.37897544
   86    87    -0.37300282
   86   118    -0.52185207
   87    55    -0.07744148
   87    86    -0.37300282
   87    88    -0.71127484
   87   119     1.80450733
   88    56     1.74561812
   88    87    -0.71127484
   88    89     0.17042393
   88   120    -1.08562715
   89    57     0.78427692
   89    88     0.17042393
   89    90    -0.24626176
   89   121    -0.59835742
   90    58    -0.12375971
   90    89    -0.24626176
   90    91    -3.37226898
   90   122    -0.58593041
   91    59     1.14347202
   91    90    -3.37226898
   91    92    -0.46519797
   91   123     0.83373150
   92    60     0.04344316
   92    91    -0.46519797
   92    93    -0.12657110
   92   124    -0.65686252
   93    61     1.36389180
   93    92    -0.12657110
   93    94     1.01565763
   93   125     0.40669777
   94    62    -1.19260504
   94    93     1.01565763
   94    95     0.54490721
   94   126    -1.62088914
   95    63    -0.76534108
   95    64     0.03403848
   95    94     0.54490721
   95   127    -0.44160522
   96    64    -0.57377545
   96    97     2.36008092
   96   127     0.51213460
   96   128     0.29080077
   97    65     0.24268866
   97    96     2.36008092
   97    98    -0.66958551
   97   129    -0.07618991
   98    66    -0.71145595
   98    97    -0.66958551
   98    99    -0.64924959
   98   130    -0.40310089
   99    67     1.72168054
   99    98    -0.64924959
   99   100    -0.70064421
   99   131    -0.36574225
  100    68    -0.01484143
  100    99    -0.70064421
  100   101     0.16527402
  100   132     1.37700977
  101    69     0.40136983
  101   100     0.16527402
  101   102    -0.68895439
  101   133     1.01180563
  102    70     0.84451131
  102   101    -0.68895439
  102   103     2.18106741
  102   134     0.86473177
  103    71     0.54877479
  103   102     2.18106741
  103   104     0.41738714
  103   135     0.74137089
  104    72    -0.01488067
  104   103     0.41738714
  104   105     0.60882959
  104   136    -1.59503612
  105    73     0.16801903
  105   104     0.60882959
  105   106    -1.06108569
  105   137     1.13401084
  106    74    -0.01230507
  106   105    -1.06108569
  106   107    -0.50499732
  106   138     0.80148988
  107    75     0.42691285
  107   106    -0.50499732
  107   108    -0.86162150
  107   139    -0.98863055
  108    76     0.69883567
  108   107    -0.86162150
  108   109     1.72271034
  108   140     0.19620422
  109    77     0.21423163
  109   108     1.72271034
  109   110    -1.42274371
  109   141     0.82121969
  110    78    -0.53926766
  110   109    -1.42274371
  110   111    -0.11966389
  110   142     0.10507671
  111    79     0.34140775
  111   110    -0.11966389
  111   112     0.09294703
  111   143    -0.12679054
  112    80    -1.21148888
  112   111     0.09294703
  112   113    -0.21823610
  112   144    -2.04068339
  113    81     0.73328538
  113   112    -0.21823610
  113   114     1.58316860
  113   145    -0.68297753
  114    82    -1.14436203
  114   113     1.58316860
  114   115     0.22973811
  114   146    -0.75566921
  115    83     0.76129455
  115   114     0.22973811
  115   116    -1.15157304
  115   147    -2.05095090
  116    84    -0.15470343
  116   115    -1.15157304
  116   117     2.42144573
  116   148     0.16423428
  117    85    -0.06680323
  117   116     2.42144573
  117   118     0.20672467
  117   149     1.02653014
  118    86    -0.52185207
  118   117     0.20672467
  118   119     0.34938981
  118   150    -0.15650969
  119    87     1.80450733
  119   118     0.34938981
  119   120    -0.41744010
  119   151     0.77332743
  120    88    -1.08562715
  120   119    -0.41744010
  120   121     2.16823538
  120   152     2.48911821
  121    89    -0.59835742
  121   120     2.16823538
  121   122     1.20090980
  121   153     1.91320889
  122    90    -0.58593041
  122   121     1.20090980
  122   123     0.14363899
  122   154     0.47012604
  123    91     0.83373150
  123   122     0.14363899
  123   124     0.46412761
  123   155    -0.24414729
  124    92    -0.65686252
  124   123     0.46412761
  124   125     0.44587143
  124   156     0.20411972
  125    93     0.40669777
  125   124     0.44587143
  125   126     1.73334522
  125   157     0.78624376
  126    94    -1.62088914
  126   125     1.73334522
  126   127     0.47736294
  126   158     0.83484708
  127    95    -0.44160522
  127    96     0.51213460
  127   126     0.47736294
  127   159    -0.74267459
  128    96     0.29080077
  128   129     0.02099149
  128   159    -1.01394873
  128   160     0.18376146
  129    97    -0.07618991
  129   128     0.02099149
  129   130    -0.42493447
  129   161    -0.95061038
  130    98    -0.40310089
  130   129    -0.42493447
  130   131     0.22228294
  130   162    -0.48897562
  131    99    -0.36574225
  131   130     0.22228294
  131   132    -0.95241809
  131   163    -0.08149672
  132   100     1.37700977
  132   131    -0.95241809
  132   133     0.35553172
  132   164     1.14620897
  133   101     1.01180563
  133   132     0.35553172
  133   134    -0.23892197
  133   165    -0.88208784
  134   102     0.86473177
  134   133    -0.23892197
  134   135     0.81326629
  134   166    -1.00776145
  135   103     0.74137089
  135   134     0.81326629
  135   136    -1.18274026
  135   167     0.63693542
  136   104    -1.59503612
  136   135    -1.18274026
  136   137    -0.18652297
  136   168     1.26356074
  137   105     1.13401084
  137   136    -0.18652297
  137   138     0.14538713
  137   169    -0.59804217
  138   106     0.80148988
  138   137     0.14538713
  138   139     0.40528611
  138   170    -0.73766259
  139   107    -0.98863055
  139   138     0.40528611
  139   140     1.70681667
  139   171    -1.44920586
  140   108     0.19620422
  140   139     1.70681667
  140   141    -1.20351049
  140   172     1.56644001
  141   109     0.82121969
  141   140    -1.20351049
  141   142    -0.15010399
  141   173    -1.77886150
  142   110     0.10507671
  142   141    -0.15010399
  142   143    -1.13086371
  142   174     0.92781804
  143   111    -0.12679054
  143   142    -1.13086371
  143   144     1.21666516
  143   175    -0.32201525
  144   112    -2.04068339
  144   143     1.21666516
  144   145     0.93761170
  144   176    -0.26637667
  145   113    -0.68297753
  145   144     0.93761170
  145   146    -0.15473506
  145   177     0.36940746
  146   114    -0.75566921
  146   145    -0.15473506
  146   147    -1.00344267
  146   178    -0.08306479
  147   115    -2.05095090
  147   146    -1.00344267
  147   148     0.23796390
  147   179    -0.73169671
  148   116     0.16423428
  148   147     0.23796390
  148   149    -0.61992777
  148   180    -0.56607026
  149   117     1.02653014
  149   148    -0.61992777
  149   150    -0.46672177
  149   181    -0.05357582
  150   118    -0.15650969
  150   149    -0.46672177
  150   151     0.80778280
  150   182     2.46865684
  151   119     0.77332743
  151   150     0.80778280
  151   152     0.00585526
  151   183     0.60171113
  152   120     2.48911821
  152   151     0.00585526
  152   153     1.90182556
  152   184    -0.55620180
  153   121     1.91320889
  153   152     1.90182556
  153   154     0.44213418
  153   185     0.53000077
  154   122     0.47012604
  154   153     0.44213418
  154   155     0.30879137
  154   186    -0.32670380
  155   123    -0.24414729
  155   154     0.30879137
  155   156    -0.66633712
  155   187    -0.12795770
  156   124     0.20411972
  156   155    -0.66633712
  156   157    -0.80011008
  156   188     1.52032607
  157   125     0.78624376
  157   156    -0.80011008
  157   158    -0.58464036
  157   189     0.77038056
  158   126     0.83484708
  158   157    -0.58464036
  158   159     0.88095896
  158   190     0.55276229
  159   127    -0.74267459
  159   128    -1.01394873
  159   158     0.88095896
  159   191     0.14031475
  160   128     0.18376146
  160   161    -0.76489180
  160   191    -0.61962131
  160   192    -0.59041826
  161   129    -0.95061038
  161   160    -0.76489180
  161   162    -0.37691458
  161   193    -2.10385200
  162   130    -0.48897562
  162   161    -0.37691458
  162   163    -0.12214807
  162   194    -0.05418157
  163   131    -0.08149672
  163   162    -0.12214807
  163   164     2.14201983
  163   195    -0.91942438
  164   132     1.14620897
  164   163     2.14201983
  164   165    -0.04065511
  164   196     1.60194054
  165   133    -0.88208784
  165   164    -0.04065511
  165   166    -0.54620432
  165   197     0.09769575
  166   134    -1.00776145
  166   165    -0.54620432
  166   167     1.09707804
  166   198     1.82182199
  167   135     0.63693542
  167   166     1.09707804
  167   168    -0.44318439
  167   199     0.30419331
  168   136     1.26356074
  168   167    -0.44318439
  168   169     0.95768272
  168   200     0.28402631
  169   137    -0.59804217
  169   168     0.95768272
  169   170     0.87438854
  169   201     0.32588540
  170   138    -0.73766259
  170   169     0.87438854
  170   171     0.45889052
  170   202    -1.95613713
  171   139    -1.44920586
  171   170     0.45889052
  171   172    -0.18962989
  171   203    -1.32198403
  172   140     1.56644001
  172   171    -0.18962989
  172   173     0.22505244
  172   204     0.18552563
  173   141    -1.77886150
  173   172     0.22505244
  173   174     0.65846520
  173   205    -0.12150108
  174   142     0.92781804
  174   173     0.65846520
  174   175    -1.26822875
  174   206     1.31368932
  175   143    -0.32201525
  175   174    -1.26822875
  175   176    -0.71105207
  175   207    -2.05710105
  176   144    -0.26637667
  176   175    -0.71105207
  176   177    -0.89608994
  176   208     0.05441341
  177   145     0.36940746
  177   176    -0.89608994
  177   178    -0.50193646
  177   209    -0.28189263
  178   146    -0.08306479
  178   177    -0.50193646
  178   179    -0.12878051
  178   210     1.55442682
  179   147    -0.73169671
  179   178    -0.12878051
  179   180    -0.56064732
  179   211    -0.74011584
  180   148    -0.56607026
  180   179    -0.56064732
  180   181    -1.43460025
  180   212     1.42850487
  181   149    -0.05357582
  181   180    -1.43460025
  181   182     1.55614691
  181   213    -1.10314206
  182   150     2.46865684
  182   181     1.55614691
  182   183    -0.52817535
  182   214     0.16460312
  183   151     0.60171113
  183   182    -0.52817535
  183   184    -0.77935454
  183   215     1.32995307
  184   152    -0.55620180
  184   183    -0.77935454
  184   185     1.02937287
  184   216     0.99920502
  185   153     0.53000077
  185   184     1.02937287
  185   186     0.22885054
  185   217    -0.99961508
  186   154    -0.32670380
  186   185     0.22885054
  186   187     0.78384645
  186   218    -0.44103448
  187   155    -0.12795770
  187   186     0.78384645
  187   188     0.75592723
  187   219     1.24071515
  188   156     1.52032607
  188   187     0.75592723
  188   189    -1.03030962
  188   220     0.38351119
  189   157     0.77038056
  189   188    -1.03030962
  189   190    -0.46103720
  189   221    -1.44404645
  190   158     0.55276229
  190   189    -0.46103720
  190   191     1.14681182
  190   222     0.95495712
  191   159     0.14031475
  191   160    -0.61962131
  191   190     1.14681182
  191   223     1.73695835
  192   160    -0.59041826
  192   193    -0.61368337
  192   223    -2.06879256
  192   224    -0.19161224
  193   161    -2.10385200
  193   192    -0.61368337
  193   194    -0.74576958
  193   225     0.07403132
  194   162    -0.05418157
  194   193    -0.74576958
  194   195    -0.22634286
  194   226     1.11766239
  195   163    -0.91942438
  195   194    -0.22634286
  195   196    -1.20062084
  195   227     2.76815869
  196   164     1.60194054
  196   195    -1.20062084
  196   197    -0.83460461
  196   228     0.84731794
  197   165     0.09769575
  197   196    -0.83460461
  197   198    -0.68249847
  197   229     2.42062761
  198   166     1.82182199
  198   197    -0.68249847
  198   199     0.19255618
  198   230     0.57180610
  199   167     0.30419331
  199   198     0.19255618
  199   200     0.51705690
  199   231    -0.68364666
  200   168     0.28402631
  200   199     0.51705690
  200   201     2.26257600
  200   232     1.41647427
  201   169     0.32588540
  201   200     2.26257600
  201   202     0.98803479
  201   233     1.55144038
  202   170    -1.95613713
  202   201     0.98803479
  202   203    -0.04756100
  202   234     0.55786893
  203   171    -1.32198403
  203   202    -0.04756100
  203   204    -0.30817008
  203   235    -1.21821576
  204   172     0.18552563
  204   203    -0.30817008
  204   205    -0.06496480
  204   236     0.70166248
  205   173    -0.12150108
  205   204    -0.06496480
  205   206     1.46491261
  205   237     0.82588555
  206   174     1.31368932
  206   205     1.46491261
  206   207    -0.84940267
  206   238     0.51223300
  207   175    -2.05710105
  207   206    -0.84940267
  207   208    -0.39082491
  207   239    -2.26749991
  208   176     0.05441341
  208   207    -0.39082491
  208   209     0.77129965
  208   240     1.83548506
  209   177    -0.28189263
  209   208     0.77129965
  209   210    -0.42478940
  209   241     0.18805648
  210   178     1.55442682
  210   209    -0.42478940
  210   211     0.18203869
  210   242     0.34717073
  211   179    -0.74011584
  211   210     0.18203869
  211   212    -1.01707825
  211   243    -0.37530194
  212   180     1.42850487
  212   211    -1.01707825
  212   213    -0.58802591
  212   244     0.80854224
  213   181    -1.10314206
  213   212    -0.58802591
  213   214     0.58847684
  213   245     1.60421661
  214   182     0.16460312
  214   213     0.58847684
  214   215     1.08709308
  214   246    -1.73561409
  215   183     1.32995307
  215   214     1.08709308
  215   216    -0.86356480
  215   247    -0.53956241
  216   184     0.99920502
  216   215    -0.86356480
  216   217    -1.54560534
  216   248    -0.68400095
  217   185    -0.99961508
  217   216    -1.54560534
  217   218     0.44782004
  217   249    -0.99319397
  218   186    -0.44103448
  218   217     0.44782004
  218   219     1.76062965
  218   250     0.69655972
  219   187     1.24071515
  219   218     1.76062965
  219   220     0.09852058
  219   251     0.59838062
  220   188     0.38351119
  220   219     0.09852058
  220   221    -1.46815019
  220   252    -0.99242063
  221   189    -1.44404645
  221   220    -1.46815019
  221   222    -0.23943020
  221   253     0.00974648
  222   190     0.95495712
  222   221    -0.23943020
  222   223    -0.46804601
  222   254     1.41058622
  223   191     1.73695835
  223   192    -2.06879256
  223   222    -0.46804601
  223   255     0.31045699
  224   192    -0.19161224
  224   225     0.29478035
  224   255    -0.34297154
  224   256    -1.44757557
  225   193     0.07403132
  225   224     0.29478035
  225   226    -0.23711622
  225   257     1.13799723
  226   194     1.11766239
  226   225    -0.23711622
  226   227     0.99579112
  226   258    -1.49650231
  227   195     2.76815869
  227   226     0.99579112
  227   228     0.34604999
  227   259    -0.50407218
  228   196     0.84731794
  228   227     0.34604999
  228   229     0.55306202
  228   260     0.21183534
  229   197     2.42062761
  229   228     0.55306202
  229   230     0.21699302
  229   261     1.35268831
  230   198     0.57180610
  230   229     0.21699302
  230   231    -1.76745251
  230   262     0.35347156
  231   199    -0.68364666
  231   230    -1.76745251
  231   232     0.37506126
  231   263     0.76671663
  232   200     1.41647427
  232   231     0.37506126
  232   233     1.52566258
  232   264    -0.45214913
  233   201     1.55144038
  233   232     1.52566258
  233   234    -0.70389804
  233   265    -0.35672309
  234   202     0.55786893
  234   233    -0.70389804
  234   235     0.38973383
  234   266     0.16436980
  235   203    -1.21821576
  235   234     0.38973383
  235   236    -0.24738432
  235   267    -0.48356884
  236   204     0.70166248
  236   235    -0.24738432
  236   237    -0.88903273
  236   268     0.29073807
  237   205     0.82588555
  237   236    -0.88903273
  237   238     1.46083549
  237   269     0.78561171
  238   206     0.51223300
  238   237     1.46083549
  238   239     2.31408717
  238   270     1.35642945
  239   207    -2.26749991
  239   238     2.31408717
  239   240     0.27991455
  239   271    -0.64439876
  240   208     1.83548506
  240   239     0.27991455
  240   241     0.11060038
  240   272    -0.52386169
  241   209     0.18805648
  241   240     0.11060038
  241   242    -1.04234749
  241   273    -0.41294890
  242   210     0.34717073
  242   241    -1.04234749
  242   243     1.28543101
  242   274    -0.35272571
  243   211    -0.37530194
  243   242     1.28543101
  243   244     0.07645345
  243   275     1.66303854
  244   212     0.80854224
  244   243     0.07645345
  244   245     0.50371481
  244   276    -0.83978564
  245   213     1.60421661
  245   244     0.50371481
  245   246    -0.08067336
  245   277    -0.94192629
  246   214    -1.73561409
  246   245    -0.08067336
  246   247    -0.19991204
  246   278    -0.61343807
  247   215    -0.53956241
  247   246    -0.19991204
  247   248     1.67681632
  247   279    -0.55865106
  248   216    -0.68400095
  248   247     1.67681632
  248   249    -0.31145971
  248   280     1.26813062
  249   217    -0.99319397
  249   248    -0.31145971
  249   250     0.13658562
  249   281     0.86342345
  250   218     0.69655972
  250   249     0.13658562
  250   251     1.57641853
  250   282    -1.13559797
  251   219     0.59838062
  251   250     1.57641853
  251   252     0.36059960
  251   283    -1.30459063
  252   220    -0.99242063
  252   251     0.36059960
  252   253     0.27379459
  252   284    -1.04274869
  253   221     0.00974648
  253   252     0.27379459
  253   254    -0.97355611
  253   285    -0.66784892
  254   222     1.41058622
  254   253    -0.97355611
  254   255    -0.82155988
  254   286    -0.82370284
  255   223     0.31045699
  255   224    -0.34297154
  255   254    -0.82155988
  255   287    -0.10068340
  256   224    -1.44757557
  256   257    -0.21151750
  256   287     0.18160243
  256   288    -0.55442430
  257   225     1.13799723
  257   256    -0.21151750
  257   258    -0.09690221
  257   289    -0.65217615
  258   226    -1.49650231
  258   257    -0.09690221
  258   259    -0.62682021
  258   290    -1.76540090
  259   227    -0.50407218
  259   258    -0.62682021
  259   260     1.31961377
  259   291    -1.47818934
  260   228     0.21183534
  260   259     1.31961377
  260   261     0.70344762
  260   292     1.71266048
  261   229     1.35268831
  261   260     0.70344762
  261   262    -2.01766570
  261   293     0.54424933
  262   230     0.35347156
  262   261    -2.01766570
  262   263    -0.21409340
  262   294    -0.28536859
  263   231     0.76671663
  263   262    -0.21409340
  263   264    -1.83797889
  263   295     0.90733392
  264   232    -0.45214913
  264   263    -1.83797889
  264   265    -1.55522146
  264   296     0.52424732
  265   233    -0.35672309
  265   264    -1.55522146
  265   266     0.21373048
  265   297    -0.81113369
  266   234     0.16436980
  266   265     0.21373048
  266   267    -2.01096908
  266   298     0.38296686
  267   235    -0.48356884
  267   266    -2.01096908
  267   268    -1.38407668
  267   299     0.19232277
  268   236     0.29073807
  268   267    -1.38407668
  268   269    -1.13894774
  268   300    -0.35443332
  269   237     0.78561171
  269   268    -1.13894774
  269   270     1.20905330
  269   301    -0.61177968
  270   238     1.35642945
  270   269     1.20905330
  270   271     1.10254632
  270   302    -0.47106726
  271   239    -0.64439876
  271   270     1.10254632
  271   272     1.57837842
  271   303    -0.59641691
  272   240    -0.52386169
  272   271     1.57837842
  272   273     0.56267754
  272   304    -0.41885299
  273   241    -0.41294890
  273   272     0.56267754
  273   274     1.10438189
  273   305     1.80651200
  274   242    -0.35272571
  274   273     1.10438189
  274   275    -0.21127411
  274   306     0.30402170
  275   243     1.66303854
  275   274    -0.21127411
  275   276    -0.35263635
  275   307     0.37236219
  276   244    -0.83978564
  276   275    -0.35263635
  276   277    -0.29617670
  276   308     1.07653830
  277   245    -0.94192629
  277   276    -0.29617670
  277   278    -0.40335384
  277   309    -1.43375917
  278   246    -0.61343807
  278   277    -0.40335384
  278   279     0.74762558
  278   310    -0.92386861
  279   247    -0.55865106
  279   278     0.74762558
  279   280    -1.21838776
  279   311    -0.57054860
  280   248     1.26813062
  280   279    -1.21838776
  280   281    -0.45362138
  280   312    -0.42053304
  281   249     0.86342345
  281   280    -0.45362138
  281   282    -1.19218280
  281   313     0.69417042
  282   250    -1.13559797
  282   281    -1.19218280
  282   283     0.15951829
  282   314    -0.91368308
  283   251    -1.30459063
  283   282     0.15951829
  283   284     0.21217744
  283   315    -1.49572664
  284   252    -1.04274869
  284   283     0.21217744
  284   285    -0.98566588
  284   316     1.90434202
  285   253    -0.66784892
  285   284    -0.98566588
  285   286     0.23597913
  285   317     0.90078930
  286   254    -0.82370284
  286   285     0.23597913
  286   287    -1.02117594
  286   318    -1.70752841
  287   255    -0.10068340
  287   256     0.18160243
  287   286    -1.02117594
  287   319     0.64570855
  288   256    -0.55442430
  288   289     0.94895680
  288   319     1.34646370
  288   320     1.39977588
  289   257    -0.65217615
  289   288     0.94895680
  289   290    -0.15641435
  289   321    -0.73375001
  290   258    -1.76540090
  290   289    -0.15641435
  290   291    -0.65949173
  290   322    -0.30497335
  291   259    -1.47818934
  291   290    -0.65949173
  291   292     0.18685313
  291   323     0.37782319
  292   260     1.71266048
  292   291     0.18685313
  292   293     0.67465059
  292   324     0.60499195
  293   261     0.54424933
  293   292     0.67465059
  293   294     0.50866560
  293   325     0.83152467
  294   262    -0.28536859
  294   293     0.50866560
  294   295    -0.70118384
  294   326    -0.58541601
  295   263     0.90733392
  295   294    -0.70118384
  295   296     0.90878849
  295   327     0.07683956
  296   264     0.52424732
  296   295     0.90878849
  296   297     0.53304284
  296   328     0.46029742
  297   265    -0.81113369
  297   296     0.53304284
  297   298    -0.72262606
  297   329    -0.90894556
  298   266     0.38296686
  298   297    -0.72262606
  298   299     0.26776014
  298   330    -0.40313196
  299   267     0.19232277
  299   298     0.26776014
  299   300     1.35227967
  299   331     0.23326388
  300   268    -0.35443332
  300   299     1.35227967
  300   301     0.52753173
  300   332    -0.32789012
  301   269    -0.61177968
  301   300     0.52753173
  301   302     1.34231685
  301   333    -1.19762273
  302   270    -0.47106726
  302   301     1.34231685
  302   303    -0.26338711
  302   334    -1.61985445
  303   271    -0.59641691
  303   302    -0.26338711
  303   304    -1.18358871
  303   335    -0.77739229
  304   272    -0.41885299
  304   303    -1.18358871
  304   305     0.93390638
  304   336    -0.85820060
  305   273     1.80651200
  305   304     0.93390638
  305   306    -0.01505171
  305   337     0.50677812
  306   274     0.30402170
  306   305    -0.01505171
  306   307     1.79473786
  306   338     0.82681768
  307   275     0.37236219
  307   306     1.79473786
  307   308     2.78259553
  307   339    -1.04083005
  308   276     1.07653830
  308   307     2.78259553
  308   309    -0.27506306
  308   340     0.99985244
  309   277    -1.43375917
  309   308    -0.27506306
  309   310    -1.02850325
  309   341    -0.15963057
  310   278    -0.92386861
  310   309    -1.02850325
  310   311     0.13400395
  310   342    -1.68068920
  311   279    -0.57054860
  311   310     0.13400395
  311   312    -0.72729177
  311   343    -0.99517709
  312   280    -0.42053304
  312   311    -0.72729177
  312   313    -0.09679301
  312   344    -1.32629412
  313   281     0.69417042
  313   312    -0.09679301
  313   314     0.28962966
  313   345    -0.02576107
  314   282    -0.91368308
  314   313     0.28962966
  314   315    -0.57351316
  314   346     0.36780091
  315   283    -1.49572664
  315   314    -0.57351316
  315   316    -0.58775697
  315   347    -0.19788955
  316   284     1.90434202
  316   315    -0.58775697
  316   317     0.69453339
  316   348     0.25109016
  317   285     0.90078930
  317   316     0.69453339
  317   318    -0.54638254
  317   349     1.34612786
  318   286    -1.70752841
  318   317    -0.54638254
  318   319    -1.77864020
  318   350    -1.44356469
  319   287     0.64570855
  319   288     1.34646370
  319   318    -1.77864020
  319   351    -0.35385482
  320   288     1.39977588
  320   321    -0.16933492
  320   351    -0.30330360
  320   352    -0.02847235
  321   289    -0.73375001
  321   320    -0.16933492
  321   322     1.32199846
  321   353    -0.10418562
  322   290    -0.30497335
  322   321     1.32199846
  322   323    -0.30176293
  322   354    -0.22572378
  323   291     0.37782319
  323   322    -0.30176293
  323   324    -1.24692807
  323   355     0.52946237
  324   292     0.60499195
  324   323    -1.24692807
  324   325    -0.65708321
  324   356     0.78553488
  325   293     0.83152467
  325   324    -0.65708321
  325   326     0.11347026
  325   357    -0.74195690
  326   294    -0.58541601
  326   325     0.11347026
  326   327     1.57572962
  326   358     1.33455782
  327   295     0.07683956
  327   326     1.57572962
  327   328    -2.22033596
  327   359    -0.19744816
  328   296     0.46029742
  328   327    -2.22033596
  328   329     1.05580999
  328   360     0.15213539
  329   297    -0.90894556
  329   328     1.05580999
  329   330    -0.69936771
  329   361     0.05627753
  330   298    -0.40313196
  330   329    -0.69936771
  330   331    -0.20753320
  330   362    -0.31121944
  331   299     0.23326388
  331   330    -0.20753320
  331   332     2.02362309
  331   363    -2.63203110
  332   300    -0.32789012
  332   331     2.02362309
  332   333    -0.61732142
  332   364    -0.04062772
  333   301    -1.19762273
  333   332    -0.61732142
  333   334    -0.73837127
  333   365    -0.13908715
  334   302    -1.61985445
  334   333    -0.73837127
  334   335     2.21217987
  334   366    -1.27050275
  335   303    -0.77739229
  335   334     2.21217987
  335   336    -0.95282444
  335   367     0.47990444
  336   304    -0.85820060
  336   335    -0.95282444
  336   337    -0.00456809
  336   368    -0.54931513
  337   305     0.50677812
  337   336    -0.00456809
  337   338     0.90977272
  337   369    -0.90033834
  338   306     0.82681768
  338   337     0.90977272
  338   339     0.68119106
  338   370     0.03358272
  339   307    -1.04083005
  339   338     0.68119106
  339   340    -0.78122192
  339   371     0.10125633
  340   308     0.99985244
  340   339    -0.78122192
  340   341    -1.45583628
  340   372    -0.30589335
  341   309    -0.15963057
  341   340    -1.45583628
  341   342     0.38116749
  341   373     0.86655311
  342   310    -1.68068920
  342   341     0.38116749
  342   343     0.57423726
  342   374    -1.01423774
  343   311    -0.99517709
  343   342     0.57423726
  343   344    -0.48402868
  343   375     1.12850492
  344   312    -1.32629412
  344   343    -0.48402868
  344   345     1.86368491
  344   376     0.21375865
  345   313    -0.02576107
  345   344     1.86368491
  345   346     0.58966851
  345   377     0.71823100
  346   314     0.36780091
  346   345     0.58966851
  346   347     0.11468762
  346   378    -1.06889245
  347   315    -0.19788955
  347   346     0.11468762
  347   348    -0.14067981
  347   379    -0.31288563
  348   316     0.25109016
  348   347    -0.14067981
  348   349     0.11476232
  348   380    -0.05172324
  349   317     1.34612786
  349   348     0.11476232
  349   350     2.70507834
  349   381     0.20376376
  350   318    -1.44356469
  350   349     2.70507834
  350   351    -1.28950379
  350   382     0.22153001
  351   319    -0.35385482
  351   320    -0.30330360
  351   350    -1.28950379
  351   383    -0.11306524
  352   320    -0.02847235
  352   353     0.53210167
  352   383    -0.73868901
  352   384    -0.42927127
  353   321    -0.10418562
  353   352     0.53210167
  353   354    -0.03980010
  353   385     1.79785002
  354   322    -0.22572378
  354   353    -0.03980010
  354   355    -0.37431232
  354   386    -1.41356275
  355   323     0.52946237
  355   354    -0.37431232
  355   356    -1.11044513
  355   387     1.38949382
  356   324     0.78553488
  356   355    -1.11044513
  356   357     0.38448728
  356   388    -1.06355706
  357   325    -0.74195690
  357   356     0.38448728
  357   358     0.65803322
  357   389     1.34240558
  358   326     1.33455782
  358   357     0.65803322
  358   359     1.66858895
  358   390    -1.16290984
  359   327    -0.19744816
  359   358     1.66858895
  359   360     0.01086066
  359   391    -0.82819335
  360   328     0.15213539
  360   359     0.01086066
  360   361     0.05695374
  360   392    -0.90567641
  361   329     0.05627753
  361   360     0.05695374
  361   362    -0.26248560
  361   393     0.80210127
  362   330    -0.31121944
  362   361    -0.26248560
  362   363     0.52028495
  362   394    -0.68184700
  363   331    -2.63203110
  363   362     0.52028495
  363   364     0.52682461
  363   395     1.19766934
  364   332    -0.04062772
  364   363     0.52682461
  364   365    -0.46242458
  364   396     1.12361521
  365   333    -0.13908715
  365   364    -0.46242458
  365   366     1.49889051
  365   397     0.92833028
  366   334    -1.27050275
  366   365     1.49889051
  366   367    -1.03410493
  366   398     2.31086437
  367   335     0.47990444
  367   366    -1.03410493
  367   368    -1.09676750
  367   399    -0.36307875
  368   336    -0.54931513
  368   367    -1.09676750
  368   369     2.61191182
  368   400    -0.87122144
  369   337    -0.90033834
  369   368     2.61191182
