#Random lattice graph with connectivity C = 6
#Vertices:	Bonds:
#	1000		3000
    0     1    -1.08850849
    0     9    -0.45384318
    0    10    -0.24882708
    0    90    -0.00477374
    0   100     1.15080505
    0   900     0.77205496
    1     0    -1.08850849
    1     2    -0.13576679
    1    11     0.67712639
    1    91     2.14855807
    1   101    -1.23415263
    1   901    -0.06784528
    2     1    -0.13576679
    2     3     0.93084693
    2    12     0.42629597
    2    92    -0.49124431
    2   102     0.08866645
    2   902    -0.33013589
    3     2     0.93084693
    3     4     1.46810268
    3    13     1.82730256
    3    93    -0.09505414
    3   103     0.90835188
    3   903     0.91822740
    4     3     1.46810268
    4     5     0.63348890
    4    14     0.96256919
    4    94     1.02661365
    4   104     0.96576389
    4   904     0.19379106
    5     4     0.63348890
    5     6    -0.48661633
    5    15    -1.88178516
    5    95     0.75112648
    5   105    -0.09993990
    5   905    -1.18495316
    6     5    -0.48661633
    6     7    -0.28196187
    6    16    -0.39653909
    6    96     0.79090288
    6   106     1.06228510
    6   906    -0.74069973
    7     6    -0.28196187
    7     8    -0.29601399
    7    17     1.53960732
    7    97     0.15095751
    7   107     0.78122515
    7   907    -0.13000867
    8     7    -0.29601399
    8     9     0.27744847
    8    18     0.17856873
    8    98    -0.54463013
    8   108     0.60024306
    8   908     0.58265840
    9     0    -0.45384318
    9     8     0.27744847
    9    19     1.43939066
    9    99    -0.55175204
    9   109     0.81330270
    9   909    -0.72174105
   10     0    -0.24882708
   10    11    -0.02397200
   10    19     0.26272097
   10    20    -0.08071359
   10   110     0.42655834
   10   910    -1.68756210
   11     1     0.67712639
   11    10    -0.02397200
   11    12    -2.63457367
   11    21     0.06367860
   11   111     1.24165893
   11   911    -0.95619872
   12     2     0.42629597
   12    11    -2.63457367
   12    13    -0.58974427
   12    22    -2.03083420
   12   112    -0.90606802
   12   912    -0.39598613
   13     3     1.82730256
   13    12    -0.58974427
   13    14    -0.29391702
   13    23    -1.14641711
   13   113     0.10480680
   13   913     0.60455145
   14     4     0.96256919
   14    13    -0.29391702
   14    15    -0.16829943
   14    24     0.72890805
   14   114     0.20444808
   14   914     0.01764971
   15     5    -1.88178516
   15    14    -0.16829943
   15    16    -0.04379410
   15    25     1.14662194
   15   115    -1.19867442
   15   915     0.11679080
   16     6    -0.39653909
   16    15    -0.04379410
   16    17     0.23239812
   16    26    -1.13253635
   16   116    -0.12237074
   16   916    -0.49088912
   17     7     1.53960732
   17    16     0.23239812
   17    18     0.23663161
   17    27     0.97833922
   17   117    -0.41081504
   17   917     0.58072292
   18     8     0.17856873
   18    17     0.23663161
   18    19     1.07243722
   18    28    -1.09823535
   18   118    -2.83492375
   18   918     2.64035125
   19     9     1.43939066
   19    10     0.26272097
   19    18     1.07243722
   19    29    -0.59396572
   19   119     0.21962846
   19   919    -1.55094430
   20    10    -0.08071359
   20    21    -0.62445092
   20    29     0.38323251
   20    30     0.04680387
   20   120    -0.29974707
   20   920    -0.56731046
   21    11     0.06367860
   21    20    -0.62445092
   21    22    -1.69623528
   21    31    -1.51569016
   21   121     0.09165723
   21   921     0.61895301
   22    12    -2.03083420
   22    21    -1.69623528
   22    23     0.07208016
   22    32     0.75936375
   22   122     0.70646493
   22   922    -0.37145081
   23    13    -1.14641711
   23    22     0.07208016
   23    24    -2.57218926
   23    33     0.60665924
   23   123    -1.38755077
   23   923    -1.13051074
   24    14     0.72890805
   24    23    -2.57218926
   24    25     0.31907820
   24    34     0.48616369
   24   124     0.26275569
   24   924     0.45551389
   25    15     1.14662194
   25    24     0.31907820
   25    26     1.00240347
   25    35     2.40116349
   25   125     0.47669644
   25   925    -0.72072492
   26    16    -1.13253635
   26    25     1.00240347
   26    27     0.76133943
   26    36     1.98367805
   26   126    -0.71641677
   26   926     0.28420626
   27    17     0.97833922
   27    26     0.76133943
   27    28    -3.10777669
   27    37    -0.07835714
   27   127    -0.59976689
   27   927    -0.78221597
   28    18    -1.09823535
   28    27    -3.10777669
   28    29     0.23478012
   28    38     0.71218441
   28   128    -0.08405249
   28   928    -1.33318290
   29    19    -0.59396572
   29    20     0.38323251
   29    28     0.23478012
   29    39    -0.07110756
   29   129     0.24439324
   29   929     0.56424764
   30    20     0.04680387
   30    31     0.29951816
   30    39    -0.18167158
   30    40    -0.85621721
   30   130    -0.03472986
   30   930     0.62446404
   31    21    -1.51569016
   31    30     0.29951816
   31    32     0.78740216
   31    41     0.79678906
   31   131    -1.88909580
   31   931     0.66955695
   32    22     0.75936375
   32    31     0.78740216
   32    33     2.90263233
   32    42     1.83244054
   32   132    -0.04869577
   32   932    -0.51893327
   33    23     0.60665924
   33    32     2.90263233
   33    34    -0.75609299
   33    43     0.45197274
   33   133    -2.26608502
   33   933    -0.06799569
   34    24     0.48616369
   34    33    -0.75609299
   34    35    -0.68773489
   34    44     2.00530629
   34   134     0.10002977
   34   934    -0.72825238
   35    25     2.40116349
   35    34    -0.68773489
   35    36    -0.56852317
   35    45    -0.58518996
   35   135    -1.23350786
   35   935     1.48140754
   36    26     1.98367805
   36    35    -0.56852317
   36    37     0.86987189
   36    46    -1.10995382
   36   136    -0.46083681
   36   936     0.64144228
   37    27    -0.07835714
   37    36     0.86987189
   37    38    -0.99563661
   37    47    -0.02120130
   37   137     0.65790883
   37   937    -1.28679806
   38    28     0.71218441
   38    37    -0.99563661
   38    39     1.51287965
   38    48    -0.07061490
   38   138     2.31227626
   38   938    -0.19752034
   39    29    -0.07110756
   39    30    -0.18167158
   39    38     1.51287965
   39    49    -0.37051478
   39   139    -0.23278548
   39   939     1.36589110
   40    30    -0.85621721
   40    41     1.54562746
   40    49     0.67913112
   40    50    -1.02833457
   40   140     1.57562930
   40   940     0.66837416
   41    31     0.79678906
   41    40     1.54562746
   41    42    -1.99602863
   41    51    -1.94996148
   41   141     1.51374584
   41   941     0.32310928
   42    32     1.83244054
   42    41    -1.99602863
   42    43    -2.06311019
   42    52     1.03237401
   42   142     0.49990383
   42   942    -1.67946485
   43    33     0.45197274
   43    42    -2.06311019
   43    44    -1.48790345
   43    53    -0.82187635
   43   143    -2.25802274
   43   943     1.41980175
   44    34     2.00530629
   44    43    -1.48790345
   44    45     0.14930547
   44    54     0.33262230
   44   144    -0.35995301
   44   944     0.66050932
   45    35    -0.58518996
   45    44     0.14930547
   45    46    -0.62130578
   45    55     0.78192228
   45   145    -1.71022139
   45   945    -0.24550377
   46    36    -1.10995382
   46    45    -0.62130578
   46    47     0.10627699
   46    56    -1.17828632
   46   146    -0.05833652
   46   946     0.60555330
   47    37    -0.02120130
   47    46     0.10627699
   47    48    -0.02837546
   47    57     0.05777642
   47   147    -0.33208741
   47   947     0.13357197
   48    38    -0.07061490
   48    47    -0.02837546
   48    49     1.34464605
   48    58     0.88776318
   48   148    -0.17457152
   48   948    -0.47037948
   49    39    -0.37051478
   49    40     0.67913112
   49    48     1.34464605
   49    59     0.30907013
   49   149    -0.09488312
   49   949     0.42179664
   50    40    -1.02833457
   50    51    -0.09202799
   50    59     0.02177194
   50    60     1.32973888
   50   150     0.00385289
   50   950    -0.81477774
   51    41    -1.94996148
   51    50    -0.09202799
   51    52     1.24211868
   51    61    -1.27647439
   51   151     0.18586934
   51   951    -0.80822019
   52    42     1.03237401
   52    51     1.24211868
   52    53     1.13835258
   52    62    -0.76325577
   52   152    -0.07152899
   52   952     0.75387698
   53    43    -0.82187635
   53    52     1.13835258
   53    54     0.08201051
   53    63     0.22647375
   53   153    -1.10394317
   53   953    -1.18584527
   54    44     0.33262230
   54    53     0.08201051
   54    55    -0.75271277
   54    64     0.46558662
   54   154    -1.22211847
   54   954    -0.92052517
   55    45     0.78192228
   55    54    -0.75271277
   55    56     1.06133794
   55    65    -0.04422690
   55   155    -1.49313026
   55   955    -0.56954326
   56    46    -1.17828632
   56    55     1.06133794
   56    57     0.27999310
   56    66    -1.84424550
   56   156     1.02123258
   56   956    -1.79774431
   57    47     0.05777642
   57    56     0.27999310
   57    58     0.25356279
   57    67     1.81171166
   57   157     0.38581572
   57   957    -1.20626724
   58    48     0.88776318
   58    57     0.25356279
   58    59    -0.07661955
   58    68    -1.75897271
   58   158     0.66989265
   58   958    -0.53889990
   59    49     0.30907013
   59    50     0.02177194
   59    58    -0.07661955
   59    69     0.28539027
   59   159    -0.59521453
   59   959    -0.13098514
   60    50     1.32973888
   60    61    -1.09169105
   60    69    -0.79744967
   60    70    -1.28681148
   60   160     0.47357165
   60   960    -0.63655114
   61    51    -1.27647439
   61    60    -1.09169105
   61    62     0.75759689
   61    71    -0.27746352
   61   161    -1.48011986
   61   961     0.40717838
   62    52    -0.76325577
   62    61     0.75759689
   62    63     1.64602728
   62    72    -0.34112379
   62   162     0.40577067
   62   962     1.05338527
   63    53     0.22647375
   63    62     1.64602728
   63    64    -0.48046001
   63    73    -0.63503041
   63   163    -0.86927156
   63   963    -0.23417447
   64    54     0.46558662
   64    63    -0.48046001
   64    65    -1.47447870
   64    74     0.54343317
   64   164    -0.26880082
   64   964     0.14569371
   65    55    -0.04422690
   65    64    -1.47447870
   65    66    -0.02777346
   65    75    -0.47677955
   65   165    -0.70661535
   65   965     0.34142100
   66    56    -1.84424550
   66    65    -0.02777346
   66    67    -0.33142876
   66    76    -0.03495512
   66   166    -0.53776685
   66   966    -0.87815689
   67    57     1.81171166
   67    66    -0.33142876
   67    68    -0.33423470
   67    77    -0.50965791
   67   167    -0.14945202
   67   967    -0.93715155
   68    58    -1.75897271
   68    67    -0.33423470
   68    69    -0.97378777
   68    78    -0.21326463
   68   168     1.46633044
   68   968    -0.69020815
   69    59     0.28539027
   69    60    -0.79744967
   69    68    -0.97378777
   69    79     1.38661721
   69   169     0.39084256
   69   969    -0.07208997
   70    60    -1.28681148
   70    71     1.71075746
   70    79    -0.53787898
   70    80    -0.91755151
   70   170     0.63784210
   70   970     0.24071121
   71    61    -0.27746352
   71    70     1.71075746
   71    72     1.74452100
   71    81    -1.83651886
   71   171    -2.34469941
   71   971    -1.19078725
   72    62    -0.34112379
   72    71     1.74452100
   72    73     1.44706034
   72    82    -0.23606764
   72   172    -0.09390888
   72   972     1.49478765
   73    63    -0.63503041
   73    72     1.44706034
   73    74     0.09134351
   73    83    -1.61222085
   73   173    -1.63966746
   73   973    -1.79513526
   74    64     0.54343317
   74    73     0.09134351
   74    75     0.01575261
   74    84    -0.52185602
   74   174     1.05029093
   74   974     0.63119285
   75    65    -0.47677955
   75    74     0.01575261
   75    76     0.02977848
   75    85     0.08421092
   75   175    -0.33880631
   75   975     1.42165811
   76    66    -0.03495512
   76    75     0.02977848
   76    77     1.50275431
   76    86     1.85372304
   76   176    -0.83682055
   76   976     1.39006546
   77    67    -0.50965791
   77    76     1.50275431
   77    78     0.50041226
   77    87    -0.10147985
   77   177     1.64892081
   77   977    -1.30200254
   78    68    -0.21326463
   78    77     0.50041226
   78    79    -1.25301737
   78    88     0.51699493
   78   178     0.61254513
   78   978     0.98439213
   79    69     1.38661721
   79    70    -0.53787898
   79    78    -1.25301737
   79    89    -0.00225606
   79   179     0.09037437
   79   979     0.28644787
   80    70    -0.91755151
   80    81     0.57216717
   80    89     1.80134068
   80    90     0.85996704
   80   180     1.62574050
   80   980     0.20233230
   81    71    -1.83651886
   81    80     0.57216717
   81    82     0.44314136
   81    91    -0.36585876
   81   181    -1.66129167
   81   981     0.31753323
   82    72    -0.23606764
   82    81     0.44314136
   82    83    -0.19405793
   82    92     0.98419830
   82   182     0.61429319
   82   982    -0.82565569
   83    73    -1.61222085
   83    82    -0.19405793
   83    84    -0.94786373
   83    93    -0.42544844
   83   183     0.60482779
   83   983     0.43410446
   84    74    -0.52185602
   84    83    -0.94786373
   84    85    -0.27514232
   84    94    -0.01240045
   84   184    -0.18128007
   84   984     0.66220993
   85    75     0.08421092
   85    84    -0.27514232
   85    86     0.49900267
   85    95     1.00321721
   85   185     0.99704228
   85   985     1.92931604
   86    76     1.85372304
   86    85     0.49900267
   86    87    -0.63326551
   86    96     0.57762882
   86   186     0.05371126
   86   986    -0.99643919
   87    77    -0.10147985
   87    86    -0.63326551
   87    88    -0.24527790
   87    97    -0.86868431
   87   187     0.79644134
   87   987     0.50650438
   88    78     0.51699493
   88    87    -0.24527790
   88    89    -0.59832299
   88    98     0.23151335
   88   188     0.94363626
   88   988    -0.55990572
   89    79    -0.00225606
   89    80     1.80134068
   89    88    -0.59832299
   89    99     0.49118233
   89   189     0.67685414
   89   989    -0.88403323
   90     0    -0.00477374
   90    80     0.85996704
   90    91     2.57214587
   90    99     0.55266867
   90   190     0.53747190
   90   990    -0.04332724
   91     1     2.14855807
   91    81    -0.36585876
   91    90     2.57214587
   91    92     0.35546606
   91   191    -1.60312929
   91   991    -0.59050751
   92     2    -0.49124431
   92    82     0.98419830
   92    91     0.35546606
   92    93     0.55951604
   92   192     0.16145376
   92   992    -0.32656534
   93     3    -0.09505414
   93    83    -0.42544844
   93    92     0.55951604
   93    94     1.09486035
   93   193    -1.39469603
   93   993     2.33897498
   94     4     1.02661365
   94    84    -0.01240045
   94    93     1.09486035
   94    95    -0.23849986
   94   194    -1.14404503
   94   994    -0.07496735
   95     5     0.75112648
   95    85     1.00321721
   95    94    -0.23849986
   95    96     1.47965811
   95   195    -0.17065840
   95   995    -0.16910343
   96     6     0.79090288
   96    86     0.57762882
   96    95     1.47965811
   96    97     0.51690742
   96   196     1.32844953
   96   996    -1.03943753
   97     7     0.15095751
   97    87    -0.86868431
   97    96     0.51690742
   97    98    -0.02565027
   97   197     0.06524127
   97   997     0.06168123
   98     8    -0.54463013
   98    88     0.23151335
   98    97    -0.02565027
   98    99    -2.18401158
   98   198     1.65447027
   98   998     0.49335735
   99     9    -0.55175204
   99    89     0.49118233
   99    90     0.55266867
   99    98    -2.18401158
   99   199    -0.36576403
   99   999    -0.37735203
  100     0     1.15080505
  100   101     1.16253682
  100   109     0.82433343
  100   110     1.43448830
  100   190    -2.48563364
  100   200    -0.61023715
  101     1    -1.23415263
  101   100     1.16253682
  101   102    -0.99937689
  101   111    -0.74842530
  101   191    -0.21883009
  101   201    -1.68083947
  102     2     0.08866645
  102   101    -0.99937689
  102   103     1.10265318
  102   112     1.39140482
  102   192     0.55398401
  102   202     1.01185390
  103     3     0.90835188
  103   102     1.10265318
  103   104    -0.38164906
  103   113     0.52611064
  103   193     0.81084727
  103   203    -0.54781317
  104     4     0.96576389
  104   103    -0.38164906
  104   105    -0.22278603
  104   114     1.48604576
  104   194     0.60245467
  104   204     0.07096233
  105     5    -0.09993990
  105   104    -0.22278603
  105   106     1.06624713
  105   115     0.63001723
  105   195    -1.00655791
  105   205    -0.89596703
  106     6     1.06228510
  106   105     1.06624713
  106   107     0.75153429
  106   116     0.96834028
  106   196     0.30078825
  106   206    -1.81024763
  107     7     0.78122515
  107   106     0.75153429
  107   108    -0.10334119
  107   117    -0.99635297
  107   197    -1.45714563
  107   207     0.02019712
  108     8     0.60024306
  108   107    -0.10334119
  108   109     0.13599357
  108   118     0.26855012
  108   198     1.16309113
  108   208     1.19513311
  109     9     0.81330270
  109   100     0.82433343
  109   108     0.13599357
  109   119    -0.69160430
  109   199    -1.31947510
  109   209     0.40056804
  110    10     0.42655834
  110   100     1.43448830
  110   111    -0.23287060
  110   119    -0.99044240
  110   120     1.37793688
  110   210    -1.40453671
  111    11     1.24165893
  111   101    -0.74842530
  111   110    -0.23287060
  111   112     0.73609149
  111   121     0.92952316
  111   211    -0.73945993
  112    12    -0.90606802
  112   102     1.39140482
  112   111     0.73609149
  112   113     1.99335463
  112   122    -1.34125669
  112   212     0.84556100
  113    13     0.10480680
  113   103     0.52611064
  113   112     1.99335463
  113   114     0.98744954
  113   123    -0.79879693
  113   213    -0.04404250
  114    14     0.20444808
  114   104     1.48604576
  114   113     0.98744954
  114   115     0.27259520
  114   124    -1.83840449
  114   214    -0.45855291
  115    15    -1.19867442
  115   105     0.63001723
  115   114     0.27259520
  115   116    -0.30024290
  115   125    -1.02310815
  115   215     0.22505713
  116    16    -0.12237074
  116   106     0.96834028
  116   115    -0.30024290
  116   117     0.70630858
  116   126    -0.34702509
  116   216     1.21833177
  117    17    -0.41081504
  117   107    -0.99635297
  117   116     0.70630858
  117   118     1.51171043
  117   127    -0.33172513
  117   217    -0.27700745
  118    18    -2.83492375
  118   108     0.26855012
  118   117     1.51171043
  118   119    -0.11075168
  118   128    -0.78075115
  118   218    -0.50956550
  119    19     0.21962846
  119   109    -0.69160430
  119   110    -0.99044240
  119   118    -0.11075168
  119   129    -0.75118383
  119   219    -1.94112293
  120    20    -0.29974707
  120   110     1.37793688
  120   121     0.50417325
  120   129    -1.90702794
  120   130    -1.34175920
  120   220     0.94663137
  121    21     0.09165723
  121   111     0.92952316
  121   120     0.50417325
  121   122    -0.16292434
  121   131     0.04747256
  121   221    -0.67683918
  122    22     0.70646493
  122   112    -1.34125669
  122   121    -0.16292434
  122   123    -0.64890434
  122   132     0.52457677
  122   222     1.77207527
  123    23    -1.38755077
  123   113    -0.79879693
  123   122    -0.64890434
  123   124     0.93377236
  123   133    -1.50663740
  123   223    -1.04855193
  124    24     0.26275569
  124   114    -1.83840449
  124   123     0.93377236
  124   125     0.05716701
  124   134     2.76547880
  124   224     0.95321159
  125    25     0.47669644
  125   115    -1.02310815
  125   124     0.05716701
  125   126     0.27802348
  125   135    -1.45944364
  125   225    -1.36198686
  126    26    -0.71641677
  126   116    -0.34702509
  126   125     0.27802348
  126   127    -0.37806701
  126   136    -0.73105048
  126   226    -0.01417096
  127    27    -0.59976689
  127   117    -0.33172513
  127   126    -0.37806701
  127   128     1.12586142
  127   137    -0.02285784
  127   227    -0.19472880
  128    28    -0.08405249
  128   118    -0.78075115
  128   127     1.12586142
  128   129     0.11551203
  128   138     0.83906434
  128   228     1.21141603
  129    29     0.24439324
  129   119    -0.75118383
  129   120    -1.90702794
  129   128     0.11551203
  129   139    -1.36565170
  129   229     0.54563868
  130    30    -0.03472986
  130   120    -1.34175920
  130   131     0.35336924
  130   139    -0.58714498
  130   140    -1.60615520
  130   230    -1.43647017
  131    31    -1.88909580
  131   121     0.04747256
  131   130     0.35336924
  131   132    -0.82989611
  131   141    -2.56877099
  131   231    -0.80124320
  132    32    -0.04869577
  132   122     0.52457677
  132   131    -0.82989611
  132   133     0.36925444
  132   142    -0.14972982
  132   232     0.65312699
  133    33    -2.26608502
  133   123    -1.50663740
  133   132     0.36925444
  133   134     1.05977629
  133   143     1.09062132
  133   233     1.36350374
  134    34     0.10002977
  134   124     2.76547880
  134   133     1.05977629
  134   135    -1.43345326
  134   144    -0.70767197
  134   234    -0.00371221
  135    35    -1.23350786
  135   125    -1.45944364
  135   134    -1.43345326
  135   136    -1.20922325
  135   145     1.34957088
  135   235    -0.71243869
  136    36    -0.46083681
  136   126    -0.73105048
  136   135    -1.20922325
  136   137    -0.42542378
  136   146     0.11821520
  136   236    -0.99616200
  137    37     0.65790883
  137   127    -0.02285784
  137   136    -0.42542378
  137   138     0.12066343
  137   147    -0.34045020
  137   237    -1.32699663
  138    38     2.31227626
  138   128     0.83906434
  138   137     0.12066343
  138   139    -1.88089138
  138   148    -0.58951917
  138   238    -1.31060614
  139    39    -0.23278548
  139   129    -1.36565170
  139   130    -0.58714498
  139   138    -1.88089138
  139   149     0.46611303
  139   239    -0.21201353
  140    40     1.57562930
  140   130    -1.60615520
  140   141    -0.99269877
  140   149    -0.11638349
  140   150    -0.51910446
  140   240     0.17317536
  141    41     1.51374584
  141   131    -2.56877099
  141   140    -0.99269877
  141   142    -1.50424045
  141   151    -1.03330107
  141   241     2.34293483
  142    42     0.49990383
  142   132    -0.14972982
  142   141    -1.50424045
  142   143    -1.83617268
  142   152     1.13720330
  142   242    -0.28795695
  143    43    -2.25802274
  143   133     1.09062132
  143   142    -1.83617268
  143   144    -0.36344466
  143   153     0.78786832
  143   243    -0.75612618
  144    44    -0.35995301
  144   134    -0.70767197
  144   143    -0.36344466
  144   145    -1.27119288
  144   154    -0.03202205
  144   244    -0.53411849
  145    45    -1.71022139
  145   135     1.34957088
  145   144    -1.27119288
  145   146     0.45351819
  145   155     0.45906266
  145   245     0.43461954
  146    46    -0.05833652
  146   136     0.11821520
  146   145     0.45351819
  146   147     2.18348312
  146   156     2.47560326
  146   246    -0.05969091
  147    47    -0.33208741
  147   137    -0.34045020
  147   146     2.18348312
  147   148    -0.91451975
  147   157     1.93049386
  147   247    -0.65666820
  148    48    -0.17457152
  148   138    -0.58951917
  148   147    -0.91451975
  148   149    -1.47704264
  148   158     0.29094306
  148   248    -0.44993229
  149    49    -0.09488312
  149   139     0.46611303
  149   140    -0.11638349
  149   148    -1.47704264
  149   159     0.17967613
  149   249     0.99237875
  150    50     0.00385289
  150   140    -0.51910446
  150   151    -1.43866705
  150   159     0.74293879
  150   160    -1.08604465
  150   250     1.01075064
  151    51     0.18586934
  151   141    -1.03330107
  151   150    -1.43866705
  151   152    -1.67952539
  151   161     0.73283570
  151   251     0.25150370
  152    52    -0.07152899
  152   142     1.13720330
  152   151    -1.67952539
  152   153    -0.73428797
  152   162     0.32723520
  152   252    -2.73197539
  153    53    -1.10394317
  153   143     0.78786832
  153   152    -0.73428797
  153   154     0.89579376
  153   163     0.45088031
  153   253     1.52615113
  154    54    -1.22211847
  154   144    -0.03202205
  154   153     0.89579376
  154   155     0.64391157
  154   164    -1.32184526
  154   254    -0.28641738
  155    55    -1.49313026
  155   145     0.45906266
  155   154     0.64391157
  155   156    -1.19619667
  155   165    -0.42757109
  155   255    -1.90202837
  156    56     1.02123258
  156   146     2.47560326
  156   155    -1.19619667
  156   157     0.11247507
  156   166    -2.02408303
  156   256    -0.95857477
  157    57     0.38581572
  157   147     1.93049386
  157   156     0.11247507
  157   158    -1.74593293
  157   167    -0.20405792
  157   257    -1.65272460
  158    58     0.66989265
  158   148     0.29094306
  158   157    -1.74593293
  158   159    -0.13491120
  158   168     0.62215953
  158   258    -1.60880954
  159    59    -0.59521453
  159   149     0.17967613
  159   150     0.74293879
  159   158    -0.13491120
  159   169    -1.34523634
  159   259    -0.30340077
  160    60     0.47357165
  160   150    -1.08604465
  160   161     0.51732032
  160   169    -0.30072910
  160   170    -0.08649202
  160   260     0.66717486
  161    61    -1.48011986
  161   151     0.73283570
  161   160     0.51732032
  161   162     1.37613356
  161   171    -0.73458162
  161   261    -0.21021394
  162    62     0.40577067
  162   152     0.32723520
  162   161     1.37613356
  162   163    -1.17366667
  162   172     1.77918893
  162   262    -0.29517328
  163    63    -0.86927156
  163   153     0.45088031
  163   162    -1.17366667
  163   164     0.79456574
  163   173     0.40776250
  163   263     0.73699999
  164    64    -0.26880082
  164   154    -1.32184526
  164   163     0.79456574
  164   165    -1.46271829
  164   174    -0.47680182
  164   264    -1.24509681
  165    65    -0.70661535
  165   155    -0.42757109
  165   164    -1.46271829
  165   166     0.89571011
  165   175     0.83590211
  165   265     0.88886299
  166    66    -0.53776685
  166   156    -2.02408303
  166   165     0.89571011
  166   167    -1.59993527
  166   176    -0.36634257
  166   266     0.89048649
  167    67    -0.14945202
  167   157    -0.20405792
  167   166    -1.59993527
  167   168    -0.30032981
  167   177     1.25746673
  167   267    -1.27921048
  168    68     1.46633044
  168   158     0.62215953
  168   167    -0.30032981
  168   169     1.20786467
  168   178    -0.05091315
  168   268    -0.02274821
  169    69     0.39084256
  169   159    -1.34523634
  169   160    -0.30072910
  169   168     1.20786467
  169   179    -0.10538811
  169   269     0.17209113
  170    70     0.63784210
  170   160    -0.08649202
  170   171    -0.25844828
  170   179     0.50031700
  170   180     1.28300969
  170   270     1.17210237
  171    71    -2.34469941
  171   161    -0.73458162
  171   170    -0.25844828
  171   172     0.76370947
  171   181     0.84838997
  171   271    -0.44875022
  172    72    -0.09390888
  172   162     1.77918893
  172   171     0.76370947
  172   173    -1.02263061
  172   182     0.33794367
  172   272     0.34599285
  173    73    -1.63966746
  173   163     0.40776250
  173   172    -1.02263061
  173   174     0.67918243
  173   183    -0.46079144
  173   273     0.15367838
  174    74     1.05029093
  174   164    -0.47680182
  174   173     0.67918243
  174   175    -1.09596453
  174   184    -0.14668284
  174   274    -0.32828683
  175    75    -0.33880631
  175   165     0.83590211
  175   174    -1.09596453
  175   176     0.70722463
  175   185    -0.15309068
  175   275    -1.27580030
  176    76    -0.83682055
  176   166    -0.36634257
  176   175     0.70722463
  176   177     0.04728716
  176   186    -3.11613236
  176   276     0.47534263
  177    77     1.64892081
  177   167     1.25746673
  177   176     0.04728716
  177   178     0.94344786
  177   187     0.97247582
  177   277    -0.00709505
  178    78     0.61254513
  178   168    -0.05091315
  178   177     0.94344786
  178   179    -0.35503522
  178   188    -1.17900978
  178   278     0.60730657
  179    79     0.09037437
  179   169    -0.10538811
  179   170     0.50031700
  179   178    -0.35503522
  179   189     1.35864806
  179   279    -0.12475222
  180    80     1.62574050
  180   170     1.28300969
  180   181    -3.19911582
  180   189    -0.14862189
  180   190     0.41090221
  180   280     1.32856399
  181    81    -1.66129167
  181   171     0.84838997
  181   180    -3.19911582
  181   182     1.19590870
  181   191     1.47876231
  181   281     0.29032871
  182    82     0.61429319
  182   172     0.33794367
  182   181     1.19590870
  182   183    -0.27156793
  182   192     0.84643133
  182   282    -1.19356201
  183    83     0.60482779
  183   173    -0.46079144
  183   182    -0.27156793
  183   184     0.50439583
  183   193     0.89097232
  183   283     0.47879893
  184    84    -0.18128007
  184   174    -0.14668284
  184   183     0.50439583
  184   185    -0.82606268
  184   194    -0.99557782
  184   284    -0.48309323
  185    85     0.99704228
  185   175    -0.15309068
  185   184    -0.82606268
  185   186     0.80325742
  185   195     0.59456539
  185   285    -0.75815046
  186    86     0.05371126
  186   176    -3.11613236
  186   185     0.80325742
  186   187     0.10300259
  186   196    -2.03767372
  186   286    -0.01095736
  187    87     0.79644134
  187   177     0.97247582
  187   186     0.10300259
  187   188     0.66215588
  187   197    -0.06073132
  187   287     0.69137879
  188    88     0.94363626
  188   178    -1.17900978
  188   187     0.66215588
  188   189     0.07693935
  188   198     0.05643142
  188   288     0.23458023
  189    89     0.67685414
  189   179     1.35864806
  189   180    -0.14862189
  189   188     0.07693935
  189   199    -0.26934142
  189   289     0.40039609
  190    90     0.53747190
  190   100    -2.48563364
  190   180     0.41090221
  190   191     1.31682778
  190   199     1.46238949
  190   290    -1.11558550
  191    91    -1.60312929
  191   101    -0.21883009
  191   181     1.47876231
  191   190     1.31682778
  191   192     1.48112378
  191   291    -0.92726114
  192    92     0.16145376
  192   102     0.55398401
  192   182     0.84643133
  192   191     1.48112378
  192   193    -0.98430162
  192   292     0.97577876
  193    93    -1.39469603
  193   103     0.81084727
  193   183     0.89097232
  193   192    -0.98430162
  193   194    -2.02926557
  193   293    -0.03311888
  194    94    -1.14404503
  194   104     0.60245467
  194   184    -0.99557782
  194   193    -2.02926557
  194   195    -0.47131096
  194   294    -0.12108410
  195    95    -0.17065840
  195   105    -1.00655791
  195   185     0.59456539
  195   194    -0.47131096
  195   196     0.66601672
  195   295     0.16181888
  196    96     1.32844953
  196   106     0.30078825
  196   186    -2.03767372
  196   195     0.66601672
  196   197    -0.74885965
  196   296     1.13414238
  197    97     0.06524127
  197   107    -1.45714563
  197   187    -0.06073132
  197   196    -0.74885965
  197   198     1.95036183
  197   297     1.73144807
  198    98     1.65447027
  198   108     1.16309113
  198   188     0.05643142
  198   197     1.95036183
  198   199    -0.01930607
  198   298    -0.83954438
  199    99    -0.36576403
  199   109    -1.31947510
  199   189    -0.26934142
  199   190     1.46238949
  199   198    -0.01930607
  199   299    -0.74718843
  200   100    -0.61023715
  200   201    -0.14405000
  200   209     0.50133417
  200   210    -1.22412554
  200   290    -0.01784123
  200   300     0.61504860
  201   101    -1.68083947
  201   200    -0.14405000
  201   202     1.38349408
  201   211    -1.17279493
  201   291    -1.38503050
  201   301     0.56763491
  202   102     1.01185390
  202   201     1.38349408
  202   203     1.16926786
  202   212     0.83522069
  202   292     0.20342120
  202   302     1.08118340
  203   103    -0.54781317
  203   202     1.16926786
  203   204    -0.17382975
  203   213     1.08253407
  203   293    -0.97967599
  203   303    -0.36893613
  204   104     0.07096233
  204   203    -0.17382975
  204   205    -0.22086269
  204   214    -1.06670554
  204   294    -0.66412125
  204   304    -1.43738223
  205   105    -0.89596703
  205   204    -0.22086269
  205   206    -1.45573334
  205   215     0.51087561
  205   295    -0.32952518
  205   305    -1.04902977
  206   106    -1.81024763
  206   205    -1.45573334
  206   207    -1.06111210
  206   216    -0.28055495
  206   296     0.64265519
  206   306    -0.54473302
  207   107     0.02019712
  207   206    -1.06111210
  207   208     1.47352561
  207   217     1.01898012
  207   297    -0.72391064
  207   307     0.77786995
  208   108     1.19513311
  208   207     1.47352561
  208   209     0.80080668
  208   218    -0.86178023
  208   298    -0.01868655
  208   308    -0.24683213
  209   109     0.40056804
  209   200     0.50133417
  209   208     0.80080668
  209   219     0.41649360
  209   299    -0.04360707
  209   309     0.57138680
  210   110    -1.40453671
  210   200    -1.22412554
  210   211    -0.34583347
  210   219     1.66522479
  210   220     0.22314159
  210   310     0.85185110
  211   111    -0.73945993
  211   201    -1.17279493
  211   210    -0.34583347
  211   212     0.49266591
  211   221     1.67482268
  211   311     0.33414226
  212   112     0.84556100
  212   202     0.83522069
  212   211     0.49266591
  212   213     1.02523453
  212   222     0.75383802
  212   312     0.44031379
  213   113    -0.04404250
  213   203     1.08253407
  213   212     1.02523453
  213   214    -0.94371075
  213   223    -1.70651448
  213   313    -0.07735366
  214   114    -0.45855291
  214   204    -1.06670554
  214   213    -0.94371075
  214   215    -0.53820880
  214   224     0.66428722
  214   314    -0.29547213
  215   115     0.22505713
  215   205     0.51087561
  215   214    -0.53820880
  215   216     0.95764195
  215   225     0.08068233
  215   315    -1.67627862
  216   116     1.21833177
  216   206    -0.28055495
  216   215     0.95764195
  216   217    -1.13164435
  216   226     2.06694010
  216   316    -0.24907561
  217   117    -0.27700745
  217   207     1.01898012
  217   216    -1.13164435
  217   218    -0.15337193
  217   227    -0.40223981
  217   317     0.22988029
  218   118    -0.50956550
  218   208    -0.86178023
  218   217    -0.15337193
  218   219    -0.51440598
  218   228     1.10950065
  218   318     1.84379001
  219   119    -1.94112293
  219   209     0.41649360
  219   210     1.66522479
  219   218    -0.51440598
  219   229    -0.43995549
  219   319     1.16947570
  220   120     0.94663137
  220   210     0.22314159
  220   221    -1.28261151
  220   229    -0.03565200
  220   230     1.28942936
  220   320    -0.84697568
  221   121    -0.67683918
  221   211     1.67482268
  221   220    -1.28261151
  221   222    -0.05782712
  221   231     0.25392092
  221   321     0.29243887
  222   122     1.77207527
  222   212     0.75383802
  222   221    -0.05782712
  222   223    -0.86584116
  222   232     0.96077624
  222   322     2.37975003
  223   123    -1.04855193
  223   213    -1.70651448
  223   222    -0.86584116
  223   224    -0.34027713
  223   233    -0.16408560
  223   323    -0.36038419
  224   124     0.95321159
  224   214     0.66428722
  224   223    -0.34027713
  224   225    -0.07100544
  224   234    -0.31118737
  224   324     0.12436295
  225   125    -1.36198686
  225   215     0.08068233
  225   224    -0.07100544
  225   226    -2.44913633
  225   235    -0.18895708
  225   325    -0.07551387
  226   126    -0.01417096
  226   216     2.06694010
  226   225    -2.44913633
  226   227     0.76173192
  226   236    -1.77240709
  226   326     0.76994768
  227   127    -0.19472880
  227   217    -0.40223981
  227   226     0.76173192
  227   228    -0.03954325
  227   237     1.11149809
  227   327    -0.67111134
  228   128     1.21141603
  228   218     1.10950065
  228   227    -0.03954325
  228   229    -0.93449237
  228   238    -0.18689179
  228   328    -1.39646305
  229   129     0.54563868
  229   219    -0.43995549
  229   220    -0.03565200
  229   228    -0.93449237
  229   239    -0.45770814
  229   329     0.63761107
  230   130    -1.43647017
  230   220     1.28942936
  230   231     0.72122272
  230   239    -0.53724744
  230   240    -1.75811848
  230   330     2.41218643
  231   131    -0.80124320
  231   221     0.25392092
  231   230     0.72122272
  231   232    -0.35031117
  231   241    -0.38732070
  231   331     1.59763303
  232   132     0.65312699
  232   222     0.96077624
  232   231    -0.35031117
  232   233     1.19923842
  232   242    -0.32264556
  232   332     1.43980259
  233   133     1.36350374
  233   223    -0.16408560
  233   232     1.19923842
  233   234     1.48379799
  233   243     1.10634968
  233   333    -0.97831830
  234   134    -0.00371221
  234   224    -0.31118737
  234   233     1.48379799
  234   235    -0.68032955
  234   244    -0.66321442
  234   334     1.26334671
  235   135    -0.71243869
  235   225    -0.18895708
  235   234    -0.68032955
  235   236     0.49289491
  235   245    -0.81285846
  235   335     0.67182087
  236   136    -0.99616200
  236   226    -1.77240709
  236   235     0.49289491
  236   237     1.27470354
  236   246    -0.77750783
  236   336    -0.55063790
  237   137    -1.32699663
  237   227     1.11149809
  237   236     1.27470354
  237   238    -0.90019161
  237   247    -1.85976109
  237   337     0.31138600
  238   138    -1.31060614
  238   228    -0.18689179
  238   237    -0.90019161
  238   239    -1.14731217
  238   248    -0.14473073
  238   338    -1.64578149
  239   139    -0.21201353
  239   229    -0.45770814
  239   230    -0.53724744
  239   238    -1.14731217
  239   249     1.31359833
  239   339    -0.85201430
  240   140     0.17317536
  240   230    -1.75811848
  240   241    -0.49609520
  240   249     0.57460304
  240   250    -0.27963284
  240   340     1.90121404
  241   141     2.34293483
  241   231    -0.38732070
  241   240    -0.49609520
  241   242    -0.09497378
  241   251    -0.65127742
  241   341    -0.60382125
  242   142    -0.28795695
  242   232    -0.32264556
  242   241    -0.09497378
  242   243     1.71956331
  242   252    -0.65692133
  242   342    -0.61115301
  243   143    -0.75612618
  243   233     1.10634968
  243   242     1.71956331
  243   244    -1.31681907
  243   253    -1.23119737
  243   343    -1.88636368
  244   144    -0.53411849
  244   234    -0.66321442
  244   243    -1.31681907
  244   245    -0.23308052
  244   254    -0.28954812
  244   344     1.33795372
  245   145     0.43461954
  245   235    -0.81285846
  245   244    -0.23308052
  245   246     1.26822348
  245   255    -0.76344981
  245   345     0.53465617
  246   146    -0.05969091
  246   236    -0.77750783
