#Random lattice graph with connectivity C = 6
#Vertices:	Bonds:
#	1000		3000
    0     1     0.04850559
    0     9     1.06563365
    0    10    -0.95864835
    0    90     0.78654809
    0   100     1.05478623
    0   900     0.01704648
    1     0     0.04850559
    1     2    -1.34115229
    1    11     0.99264215
    1    91    -0.88829381
    1   101    -0.61478402
    1   901     2.93845333
    2     1    -1.34115229
    2     3    -2.29334794
    2    12    -0.48281722
    2    92     1.45631041
    2   102    -0.38637775
    2   902     1.24947907
    3     2    -2.29334794
    3     4     0.81970751
    3    13    -2.17271187
    3    93    -0.39822042
    3   103     1.73423418
    3   903    -0.14582413
    4     3     0.81970751
    4     5     1.06560122
    4    14    -1.06354632
    4    94    -1.09442967
    4   104     1.48305711
    4   904     0.55736397
    5     4     1.06560122
    5     6    -0.33972304
    5    15     1.55194409
    5    95     0.83847665
    5   105     0.48687739
    5   905     3.19051881
    6     5    -0.33972304
    6     7     1.98922032
    6    16    -0.40967890
    6    96    -0.00489920
    6   106    -1.07306513
    6   906    -0.83162684
    7     6     1.98922032
    7     8    -0.65352770
    7    17    -1.03202295
    7    97    -0.34614907
    7   107     0.99232053
    7   907     1.63081601
    8     7    -0.65352770
    8     9     0.02161535
    8    18     1.53299015
    8    98     0.88529283
    8   108    -0.21270279
    8   908    -1.55808981
    9     0     1.06563365
    9     8     0.02161535
    9    19    -0.54442884
    9    99    -0.17800377
    9   109     0.08056145
    9   909     0.33219456
   10     0    -0.95864835
   10    11    -0.15694879
   10    19    -1.86382530
   10    20    -1.89192419
   10   110     1.34267289
   10   910    -0.38408501
   11     1     0.99264215
   11    10    -0.15694879
   11    12     0.63540484
   11    21     2.58605980
   11   111    -1.89101686
   11   911     0.42569952
   12     2    -0.48281722
   12    11     0.63540484
   12    13     1.81324940
   12    22    -0.23387410
   12   112     0.74773154
   12   912     1.18395990
   13     3    -2.17271187
   13    12     1.81324940
   13    14     1.28698456
   13    23    -0.63330800
   13   113     1.21269270
   13   913     0.54766215
   14     4    -1.06354632
   14    13     1.28698456
   14    15    -0.31763067
   14    24    -0.54812585
   14   114    -0.48229371
   14   914    -1.34561800
   15     5     1.55194409
   15    14    -0.31763067
   15    16    -0.13809113
   15    25    -1.21653500
   15   115    -1.52258328
   15   915    -2.11375006
   16     6    -0.40967890
   16    15    -0.13809113
   16    17     1.27046132
   16    26    -1.28328548
   16   116    -0.00607566
   16   916    -0.23241763
   17     7    -1.03202295
   17    16     1.27046132
   17    18     1.73586541
   17    27    -1.82685384
   17   117     0.31254807
   17   917    -1.01352392
   18     8     1.53299015
   18    17     1.73586541
   18    19    -0.48972861
   18    28     0.08483821
   18   118    -0.15741370
   18   918    -0.14728477
   19     9    -0.54442884
   19    10    -1.86382530
   19    18    -0.48972861
   19    29     0.50889037
   19   119    -0.32947096
   19   919     1.01462982
   20    10    -1.89192419
   20    21     0.44194123
   20    29     0.56183925
   20    30     1.69000992
   20   120    -0.10703716
   20   920     0.64894786
   21    11     2.58605980
   21    20     0.44194123
   21    22    -0.03352635
   21    31    -1.19079157
   21   121    -0.97856859
   21   921     0.45155147
   22    12    -0.23387410
   22    21    -0.03352635
   22    23    -0.41283948
   22    32    -0.37556388
   22   122     0.47064409
   22   922    -0.70235508
   23    13    -0.63330800
   23    22    -0.41283948
   23    24     0.57092356
   23    33     0.23258724
   23   123     0.08596993
   23   923    -0.23690117
   24    14    -0.54812585
   24    23     0.57092356
   24    25    -0.75649438
   24    34    -2.19962827
   24   124    -1.50505571
   24   924    -0.83831363
   25    15    -1.21653500
   25    24    -0.75649438
   25    26    -0.45969862
   25    35    -0.58960539
   25   125     0.51224724
   25   925     0.20732454
   26    16    -1.28328548
   26    25    -0.45969862
   26    27    -0.56874364
   26    36     1.19235050
   26   126     0.67879868
   26   926     0.74760493
   27    17    -1.82685384
   27    26    -0.56874364
   27    28     0.48234385
   27    37     0.40564366
   27   127     0.94867374
   27   927     2.06867318
   28    18     0.08483821
   28    27     0.48234385
   28    29     0.85708208
   28    38    -0.03550709
   28   128    -0.98949661
   28   928    -1.16132182
   29    19     0.50889037
   29    20     0.56183925
   29    28     0.85708208
   29    39    -0.94390577
   29   129    -0.15743769
   29   929     0.20035915
   30    20     1.69000992
   30    31     1.17053727
   30    39    -0.32082120
   30    40     0.46407109
   30   130    -0.24560405
   30   930    -0.28412121
   31    21    -1.19079157
   31    30     1.17053727
   31    32     0.54861388
   31    41    -0.63730892
   31   131     1.14824989
   31   931    -0.46395004
   32    22    -0.37556388
   32    31     0.54861388
   32    33     1.26276738
   32    42    -0.30197773
   32   132     0.13697593
   32   932     0.00651034
   33    23     0.23258724
   33    32     1.26276738
   33    34     0.37349147
   33    43     0.86358671
   33   133     0.62610952
   33   933     1.46647079
   34    24    -2.19962827
   34    33     0.37349147
   34    35     0.01481340
   34    44     0.47611348
   34   134     0.04831986
   34   934     1.26704392
   35    25    -0.58960539
   35    34     0.01481340
   35    36    -0.58509243
   35    45     0.52948207
   35   135    -0.68146758
   35   935     0.90866448
   36    26     1.19235050
   36    35    -0.58509243
   36    37    -0.07074502
   36    46    -0.24490372
   36   136     0.75556702
   36   936     0.26013017
   37    27     0.40564366
   37    36    -0.07074502
   37    38     1.30493262
   37    47    -0.27319076
   37   137     0.50637871
   37   937    -0.30288522
   38    28    -0.03550709
   38    37     1.30493262
   38    39     0.01962459
   38    48     0.58145252
   38   138     0.32956168
   38   938     0.49939310
   39    29    -0.94390577
   39    30    -0.32082120
   39    38     0.01962459
   39    49    -0.29149015
   39   139     1.00137598
   39   939     0.16015405
   40    30     0.46407109
   40    41    -3.02075054
   40    49    -0.07282791
   40    50     0.15559643
   40   140    -0.24941068
   40   940    -0.16008413
   41    31    -0.63730892
   41    40    -3.02075054
   41    42     0.14870270
   41    51    -0.21649083
   41   141     1.21982587
   41   941     0.75434966
   42    32    -0.30197773
   42    41     0.14870270
   42    43     1.18616681
   42    52    -0.61195067
   42   142    -2.03846730
   42   942     0.15131563
   43    33     0.86358671
   43    42     1.18616681
   43    44     0.39940954
   43    53    -0.05060485
   43   143    -0.80766703
   43   943     0.03779565
   44    34     0.47611348
   44    43     0.39940954
   44    45     0.16897893
   44    54     1.55360428
   44   144    -1.15307047
   44   944     0.75355212
   45    35     0.52948207
   45    44     0.16897893
   45    46    -2.16563773
   45    55    -0.58183733
   45   145    -0.42438673
   45   945     0.88698306
   46    36    -0.24490372
   46    45    -2.16563773
   46    47     0.93256544
   46    56     2.16499550
   46   146     1.39739011
   46   946     0.12390685
   47    37    -0.27319076
   47    46     0.93256544
   47    48    -1.37927686
   47    57    -0.11900820
   47   147     0.43778235
   47   947    -1.09843661
   48    38     0.58145252
   48    47    -1.37927686
   48    49    -0.34362998
   48    58     0.94836939
   48   148    -0.19729504
   48   948    -0.40052768
   49    39    -0.29149015
   49    40    -0.07282791
   49    48    -0.34362998
   49    59     0.42915849
   49   149    -2.41500917
   49   949    -1.08398537
   50    40     0.15559643
   50    51    -0.07450467
   50    59    -1.00443542
   50    60     0.80356670
   50   150     2.63703865
   50   950     0.83681794
   51    41    -0.21649083
   51    50    -0.07450467
   51    52    -0.90402565
   51    61     0.11930783
   51   151     1.28531045
   51   951     0.44897205
   52    42    -0.61195067
   52    51    -0.90402565
   52    53    -1.18953709
   52    62     0.17060374
   52   152    -0.89201155
   52   952     0.50280143
   53    43    -0.05060485
   53    52    -1.18953709
   53    54     0.16917127
   53    63     0.07631125
   53   153    -1.01548817
   53   953    -0.06307682
   54    44     1.55360428
   54    53     0.16917127
   54    55    -0.27243557
   54    64    -0.20839888
   54   154    -0.89403334
   54   954    -2.01666227
   55    45    -0.58183733
   55    54    -0.27243557
   55    56    -0.22153950
   55    65    -0.82369986
   55   155     1.21418434
   55   955     1.08532094
   56    46     2.16499550
   56    55    -0.22153950
   56    57     0.14634567
   56    66     0.24721262
   56   156     0.97745198
   56   956    -1.29788197
   57    47    -0.11900820
   57    56     0.14634567
   57    58    -0.03927679
   57    67    -0.00435339
   57   157     1.49991132
   57   957    -0.15523297
   58    48     0.94836939
   58    57    -0.03927679
   58    59     1.80501626
   58    68     0.42335392
   58   158     0.47972572
   58   958    -0.94975324
   59    49     0.42915849
   59    50    -1.00443542
   59    58     1.80501626
   59    69     0.19565031
   59   159     0.74430720
   59   959    -0.53571341
   60    50     0.80356670
   60    61     0.39602297
   60    69    -0.91471962
   60    70     0.81294976
   60   160    -0.38173981
   60   960     0.03128079
   61    51     0.11930783
   61    60     0.39602297
   61    62     1.13705388
   61    71    -0.37345472
   61   161     1.13837544
   61   961     0.34300935
   62    52     0.17060374
   62    61     1.13705388
   62    63    -1.30133215
   62    72    -0.06938754
   62   162    -1.30753163
   62   962    -0.69234122
   63    53     0.07631125
   63    62    -1.30133215
   63    64    -1.12511776
   63    73     0.72185864
   63   163     0.85242658
   63   963     0.98241615
   64    54    -0.20839888
   64    63    -1.12511776
   64    65    -0.28479596
   64    74     1.17711646
   64   164    -0.39976985
   64   964    -0.21249174
   65    55    -0.82369986
   65    64    -0.28479596
   65    66    -1.51919379
   65    75     0.54484431
   65   165     0.08719173
   65   965    -0.51830597
   66    56     0.24721262
   66    65    -1.51919379
   66    67     0.63531490
   66    76     0.63366422
   66   166     0.72737770
   66   966     0.43272830
   67    57    -0.00435339
   67    66     0.63531490
   67    68     0.76558669
   67    77    -0.23532096
   67   167     0.34153261
   67   967    -0.95863296
   68    58     0.42335392
   68    67     0.76558669
   68    69    -0.29399114
   68    78    -2.80213884
   68   168     0.57907833
   68   968    -0.33851081
   69    59     0.19565031
   69    60    -0.91471962
   69    68    -0.29399114
   69    79     0.10774123
   69   169    -0.19558479
   69   969    -1.52430231
   70    60     0.81294976
   70    71     0.58028310
   70    79    -0.33003620
   70    80     0.35714883
   70   170    -2.42581424
   70   970    -0.25001953
   71    61    -0.37345472
   71    70     0.58028310
   71    72    -0.30324426
   71    81     0.12827536
   71   171    -0.93595697
   71   971    -0.03940962
   72    62    -0.06938754
   72    71    -0.30324426
   72    73    -0.36157815
   72    82    -1.41476881
   72   172     0.74151198
   72   972    -0.69304956
   73    63     0.72185864
   73    72    -0.36157815
   73    74    -0.51208251
   73    83     0.39162680
   73   173    -0.23990870
   73   973    -0.32017954
   74    64     1.17711646
   74    73    -0.51208251
   74    75    -1.87457609
   74    84    -0.69102222
   74   174     0.25621652
   74   974    -0.13507461
   75    65     0.54484431
   75    74    -1.87457609
   75    76    -1.67461315
   75    85     0.99873941
   75   175    -0.93511585
   75   975     1.50780252
   76    66     0.63366422
   76    75    -1.67461315
   76    77     0.05502202
   76    86    -0.55076350
   76   176     1.30254942
   76   976     0.41039516
   77    67    -0.23532096
   77    76     0.05502202
   77    78    -0.20302750
   77    87    -0.38614086
   77   177     0.22225132
   77   977     1.67318951
   78    68    -2.80213884
   78    77    -0.20302750
   78    79    -1.65099009
   78    88     0.16500863
   78   178     1.17181878
   78   978     0.88229450
   79    69     0.10774123
   79    70    -0.33003620
   79    78    -1.65099009
   79    89    -0.91867575
   79   179     0.87133911
   79   979     0.59237310
   80    70     0.35714883
   80    81    -1.24137359
   80    89     0.43061228
   80    90     0.22472491
   80   180     1.63169000
   80   980    -0.82165403
   81    71     0.12827536
   81    80    -1.24137359
   81    82    -0.53065079
   81    91    -0.83660457
   81   181     0.30736103
   81   981    -0.72306287
   82    72    -1.41476881
   82    81    -0.53065079
   82    83    -0.14731240
   82    92    -3.04982604
   82   182     0.26140000
   82   982    -0.05580227
   83    73     0.39162680
   83    82    -0.14731240
   83    84     0.55668043
   83    93    -1.34272702
   83   183    -0.89945701
   83   983    -0.88981926
   84    74    -0.69102222
   84    83     0.55668043
   84    85     1.58077902
   84    94     1.19332007
   84   184    -0.31259082
   84   984     1.39948096
   85    75     0.99873941
   85    84     1.58077902
   85    86    -1.84786627
   85    95     0.17420014
   85   185     1.39705975
   85   985    -0.50750439
   86    76    -0.55076350
   86    85    -1.84786627
   86    87     1.08169491
   86    96     0.62076331
   86   186    -0.43231221
   86   986     0.36346496
   87    77    -0.38614086
   87    86     1.08169491
   87    88    -1.31024659
   87    97     1.10068824
   87   187     2.09881684
   87   987    -0.30600351
   88    78     0.16500863
   88    87    -1.31024659
   88    89    -3.15079033
   88    98    -1.07080808
   88   188    -0.69775373
   88   988     0.80736350
   89    79    -0.91867575
   89    80     0.43061228
   89    88    -3.15079033
   89    99     1.48256991
   89   189     0.42466775
   89   989    -1.17706262
   90     0     0.78654809
   90    80     0.22472491
   90    91     0.04109869
   90    99    -1.25961725
   90   190    -1.95076515
   90   990    -1.36480532
   91     1    -0.88829381
   91    81    -0.83660457
   91    90     0.04109869
   91    92     0.94131199
   91   191     0.86783489
   91   991    -1.32918030
   92     2     1.45631041
   92    82    -3.04982604
   92    91     0.94131199
   92    93    -0.06444128
   92   192    -1.60640640
   92   992    -0.57767631
   93     3    -0.39822042
   93    83    -1.34272702
   93    92    -0.06444128
   93    94    -0.08601251
   93   193     0.49705211
   93   993    -1.14158427
   94     4    -1.09442967
   94    84     1.19332007
   94    93    -0.08601251
   94    95    -0.30939532
   94   194    -0.94203099
   94   994    -0.23697222
   95     5     0.83847665
   95    85     0.17420014
   95    94    -0.30939532
   95    96    -1.11839329
   95   195     1.14597115
   95   995    -1.62501731
   96     6    -0.00489920
   96    86     0.62076331
   96    95    -1.11839329
   96    97     0.21242579
   96   196    -0.18185436
   96   996    -1.11122950
   97     7    -0.34614907
   97    87     1.10068824
   97    96     0.21242579
   97    98    -0.60638934
   97   197    -0.70862708
   97   997    -2.30414052
   98     8     0.88529283
   98    88    -1.07080808
   98    97    -0.60638934
   98    99    -1.06674087
   98   198    -1.17861271
   98   998     0.47128195
   99     9    -0.17800377
   99    89     1.48256991
   99    90    -1.25961725
   99    98    -1.06674087
   99   199    -0.12384278
   99   999     0.50350783
  100     0     1.05478623
  100   101     0.88556476
  100   109     1.33793155
  100   110    -1.10993259
  100   190     0.63002300
  100   200     0.54601024
  101     1    -0.61478402
  101   100     0.88556476
  101   102     0.58085538
  101   111     0.09825246
  101   191    -0.57764966
  101   201    -0.05869275
  102     2    -0.38637775
  102   101     0.58085538
  102   103    -1.38136978
  102   112     0.49265357
  102   192     1.17167393
  102   202    -0.45699656
  103     3     1.73423418
  103   102    -1.38136978
  103   104     0.04632970
  103   113     0.59926496
  103   193     0.31610888
  103   203     0.36417869
  104     4     1.48305711
  104   103     0.04632970
  104   105    -1.27613211
  104   114     0.14411090
  104   194    -1.74747269
  104   204     0.87980334
  105     5     0.48687739
  105   104    -1.27613211
  105   106     1.02457764
  105   115    -0.88542563
  105   195     2.89495571
  105   205    -0.29660665
  106     6    -1.07306513
  106   105     1.02457764
  106   107     0.36821548
  106   116     1.22900886
  106   196    -1.33426311
  106   206     0.52762669
  107     7     0.99232053
  107   106     0.36821548
  107   108    -2.17991279
  107   117    -0.23616137
  107   197     0.06136489
  107   207    -0.71592597
  108     8    -0.21270279
  108   107    -2.17991279
  108   109     0.73718846
  108   118     1.42368064
  108   198     0.05029854
  108   208    -0.61954285
  109     9     0.08056145
  109   100     1.33793155
  109   108     0.73718846
  109   119     1.23291378
  109   199     1.13577671
  109   209     0.58038130
  110    10     1.34267289
  110   100    -1.10993259
  110   111    -0.31799673
  110   119    -0.69484144
  110   120     0.64915939
  110   210     1.79998085
  111    11    -1.89101686
  111   101     0.09825246
  111   110    -0.31799673
  111   112    -0.90152347
  111   121     0.89995751
  111   211    -1.63993811
  112    12     0.74773154
  112   102     0.49265357
  112   111    -0.90152347
  112   113    -1.16110171
  112   122    -0.15965733
  112   212     0.49028244
  113    13     1.21269270
  113   103     0.59926496
  113   112    -1.16110171
  113   114     1.76477490
  113   123     1.38326904
  113   213     2.40333692
  114    14    -0.48229371
  114   104     0.14411090
  114   113     1.76477490
  114   115    -1.46242991
  114   124     1.75471831
  114   214     1.56439590
  115    15    -1.52258328
  115   105    -0.88542563
  115   114    -1.46242991
  115   116     0.54522500
  115   125     0.99529610
  115   215     0.30697102
  116    16    -0.00607566
  116   106     1.22900886
  116   115     0.54522500
  116   117     0.39335292
  116   126    -0.64235673
  116   216    -0.97819590
  117    17     0.31254807
  117   107    -0.23616137
  117   116     0.39335292
  117   118    -1.23620906
  117   127    -1.23527949
  117   217     1.34866056
  118    18    -0.15741370
  118   108     1.42368064
  118   117    -1.23620906
  118   119    -0.41731081
  118   128    -0.00826729
  118   218     0.49010827
  119    19    -0.32947096
  119   109     1.23291378
  119   110    -0.69484144
  119   118    -0.41731081
  119   129     0.74775600
  119   219    -0.10197792
  120    20    -0.10703716
  120   110     0.64915939
  120   121     1.61527392
  120   129     0.20556333
  120   130     0.41567309
  120   220    -0.45752428
  121    21    -0.97856859
  121   111     0.89995751
  121   120     1.61527392
  121   122     1.38526134
  121   131     0.45116096
  121   221    -0.42146236
  122    22     0.47064409
  122   112    -0.15965733
  122   121     1.38526134
  122   123     0.44359189
  122   132    -1.72448163
  122   222     0.62713232
  123    23     0.08596993
  123   113     1.38326904
  123   122     0.44359189
  123   124     0.20112861
  123   133    -1.42793634
  123   223    -0.93540119
  124    24    -1.50505571
  124   114     1.75471831
  124   123     0.20112861
  124   125     0.74664226
  124   134    -0.13960773
  124   224    -0.63025834
  125    25     0.51224724
  125   115     0.99529610
  125   124     0.74664226
  125   126    -1.69734726
  125   135     0.05566133
  125   225     0.37799803
  126    26     0.67879868
  126   116    -0.64235673
  126   125    -1.69734726
  126   127     1.11712862
  126   136     0.99898236
  126   226    -0.00520689
  127    27     0.94867374
  127   117    -1.23527949
  127   126     1.11712862
  127   128     0.20400314
  127   137    -0.91712394
  127   227     0.13923994
  128    28    -0.98949661
  128   118    -0.00826729
  128   127     0.20400314
  128   129     0.57503854
  128   138     0.09762636
  128   228     1.52383993
  129    29    -0.15743769
  129   119     0.74775600
  129   120     0.20556333
  129   128     0.57503854
  129   139    -1.08018744
  129   229    -0.73646964
  130    30    -0.24560405
  130   120     0.41567309
  130   131    -0.45109990
  130   139    -0.96871801
  130   140    -1.09799944
  130   230    -0.05728300
  131    31     1.14824989
  131   121     0.45116096
  131   130    -0.45109990
  131   132    -0.01318888
  131   141    -0.64404063
  131   231     0.56786903
  132    32     0.13697593
  132   122    -1.72448163
  132   131    -0.01318888
  132   133    -0.52948783
  132   142     0.17344337
  132   232     1.11564174
  133    33     0.62610952
  133   123    -1.42793634
  133   132    -0.52948783
  133   134     2.60454658
  133   143    -0.86972604
  133   233     0.53006134
  134    34     0.04831986
  134   124    -0.13960773
  134   133     2.60454658
  134   135    -1.07751184
  134   144     1.61755566
  134   234     0.16191866
  135    35    -0.68146758
  135   125     0.05566133
  135   134    -1.07751184
  135   136     0.16210537
  135   145    -0.63228959
  135   235     0.70376981
  136    36     0.75556702
  136   126     0.99898236
  136   135     0.16210537
  136   137    -1.22854005
  136   146    -0.61966272
  136   236     0.69724329
  137    37     0.50637871
  137   127    -0.91712394
  137   136    -1.22854005
  137   138    -0.24465561
  137   147    -0.60062460
  137   237    -1.15816148
  138    38     0.32956168
  138   128     0.09762636
  138   137    -0.24465561
  138   139    -1.01376032
  138   148    -0.29319260
  138   238     0.70852799
  139    39     1.00137598
  139   129    -1.08018744
  139   130    -0.96871801
  139   138    -1.01376032
  139   149    -1.25188960
  139   239     0.46138929
  140    40    -0.24941068
  140   130    -1.09799944
  140   141    -0.59187449
  140   149    -0.37904466
  140   150    -0.73521830
  140   240     0.15957069
  141    41     1.21982587
  141   131    -0.64404063
  141   140    -0.59187449
  141   142     0.65886104
  141   151     0.47473916
  141   241    -1.73882082
  142    42    -2.03846730
  142   132     0.17344337
  142   141     0.65886104
  142   143     0.64256767
  142   152    -0.01261819
  142   242     0.61544092
  143    43    -0.80766703
  143   133    -0.86972604
  143   142     0.64256767
  143   144     1.97954610
  143   153     1.26929029
  143   243     0.27279306
  144    44    -1.15307047
  144   134     1.61755566
  144   143     1.97954610
  144   145     1.50785652
  144   154     1.15041511
  144   244     0.03831724
  145    45    -0.42438673
  145   135    -0.63228959
  145   144     1.50785652
  145   146    -1.34610710
  145   155    -0.37360935
  145   245    -0.66649640
  146    46     1.39739011
  146   136    -0.61966272
  146   145    -1.34610710
  146   147    -0.34043424
  146   156     1.40426041
  146   246     0.19925865
  147    47     0.43778235
  147   137    -0.60062460
  147   146    -0.34043424
  147   148     0.73483871
  147   157     0.90162887
  147   247     1.14782702
  148    48    -0.19729504
  148   138    -0.29319260
  148   147     0.73483871
  148   149     0.01744156
  148   158    -0.81331498
  148   248     0.48643732
  149    49    -2.41500917
  149   139    -1.25188960
  149   140    -0.37904466
  149   148     0.01744156
  149   159     0.43310048
  149   249     0.07844295
  150    50     2.63703865
  150   140    -0.73521830
  150   151     0.69148822
  150   159     1.36717061
  150   160    -1.41138659
  150   250     1.03372355
  151    51     1.28531045
  151   141     0.47473916
  151   150     0.69148822
  151   152    -0.38392467
  151   161    -0.55007649
  151   251    -0.62617871
  152    52    -0.89201155
  152   142    -0.01261819
  152   151    -0.38392467
  152   153     2.11019916
  152   162     0.07737141
  152   252    -0.26860934
  153    53    -1.01548817
  153   143     1.26929029
  153   152     2.11019916
  153   154    -0.19471127
  153   163     0.61048257
  153   253    -0.73106722
  154    54    -0.89403334
  154   144     1.15041511
  154   153    -0.19471127
  154   155    -0.92402203
  154   164    -0.48559763
  154   254     0.00836909
  155    55     1.21418434
  155   145    -0.37360935
  155   154    -0.92402203
  155   156    -1.25896751
  155   165     0.11696420
  155   255    -0.36615798
  156    56     0.97745198
  156   146     1.40426041
  156   155    -1.25896751
  156   157     0.19516674
  156   166     0.05573529
  156   256     1.03118397
  157    57     1.49991132
  157   147     0.90162887
  157   156     0.19516674
  157   158     1.67464258
  157   167    -1.31993257
  157   257    -0.93919471
  158    58     0.47972572
  158   148    -0.81331498
  158   157     1.67464258
  158   159    -0.91051199
  158   168    -2.10137335
  158   258     1.73491839
  159    59     0.74430720
  159   149     0.43310048
  159   150     1.36717061
  159   158    -0.91051199
  159   169     0.27708570
  159   259     0.68466456
  160    60    -0.38173981
  160   150    -1.41138659
  160   161    -1.85129746
  160   169     0.49564100
  160   170    -1.57670336
  160   260     2.24954972
  161    61     1.13837544
  161   151    -0.55007649
  161   160    -1.85129746
  161   162    -0.49342768
  161   171    -1.41280860
  161   261    -0.27635647
  162    62    -1.30753163
  162   152     0.07737141
  162   161    -0.49342768
  162   163    -0.72619225
  162   172     0.27587623
  162   262     2.89838880
  163    63     0.85242658
  163   153     0.61048257
  163   162    -0.72619225
  163   164     2.53421934
  163   173     1.52464270
  163   263     2.12496250
  164    64    -0.39976985
  164   154    -0.48559763
  164   163     2.53421934
  164   165     1.37174264
  164   174    -1.06138242
  164   264    -0.01347352
  165    65     0.08719173
  165   155     0.11696420
  165   164     1.37174264
  165   166     0.78007957
  165   175    -1.05482544
  165   265     0.19124669
  166    66     0.72737770
  166   156     0.05573529
  166   165     0.78007957
  166   167    -0.05723863
  166   176     1.22528373
  166   266     0.42751255
  167    67     0.34153261
  167   157    -1.31993257
  167   166    -0.05723863
  167   168     1.64816392
  167   177    -0.50002130
  167   267    -1.54878855
  168    68     0.57907833
  168   158    -2.10137335
  168   167     1.64816392
  168   169    -1.55228544
  168   178    -0.25267241
  168   268    -0.19587425
  169    69    -0.19558479
  169   159     0.27708570
  169   160     0.49564100
  169   168    -1.55228544
  169   179    -0.37626258
  169   269    -1.17067475
  170    70    -2.42581424
  170   160    -1.57670336
  170   171    -1.16089079
  170   179     0.02690125
  170   180    -0.19390234
  170   270     0.58023556
  171    71    -0.93595697
  171   161    -1.41280860
  171   170    -1.16089079
  171   172    -0.85292965
  171   181    -1.87668414
  171   271     0.86740718
  172    72     0.74151198
  172   162     0.27587623
  172   171    -0.85292965
  172   173     0.47291748
  172   182    -1.84653729
  172   272     0.43424883
  173    73    -0.23990870
  173   163     1.52464270
  173   172     0.47291748
  173   174     0.65156508
  173   183     0.80052109
  173   273     1.22121838
  174    74     0.25621652
  174   164    -1.06138242
  174   173     0.65156508
  174   175    -0.62229325
  174   184    -0.03104733
  174   274     1.60226269
  175    75    -0.93511585
  175   165    -1.05482544
  175   174    -0.62229325
  175   176    -1.16623128
  175   185    -1.00560121
  175   275     0.00253518
  176    76     1.30254942
  176   166     1.22528373
  176   175    -1.16623128
  176   177    -0.22074391
  176   186     0.10853143
  176   276     0.05085475
  177    77     0.22225132
  177   167    -0.50002130
  177   176    -0.22074391
  177   178    -1.47282934
  177   187     0.44091806
  177   277    -0.05017643
  178    78     1.17181878
  178   168    -0.25267241
  178   177    -1.47282934
  178   179    -0.21442921
  178   188     0.80965451
  178   278     0.06183557
  179    79     0.87133911
  179   169    -0.37626258
  179   170     0.02690125
  179   178    -0.21442921
  179   189     0.77827552
  179   279    -0.20289583
  180    80     1.63169000
  180   170    -0.19390234
  180   181    -1.19730342
  180   189     0.50940644
  180   190    -2.13487659
  180   280    -3.01899121
  181    81     0.30736103
  181   171    -1.87668414
  181   180    -1.19730342
  181   182     2.04450439
  181   191     0.06715927
  181   281    -1.65686307
  182    82     0.26140000
  182   172    -1.84653729
  182   181     2.04450439
  182   183     1.63027903
  182   192    -1.14789211
  182   282    -0.24540230
  183    83    -0.89945701
  183   173     0.80052109
  183   182     1.63027903
  183   184     0.97114937
  183   193     0.16050685
  183   283     0.01381388
  184    84    -0.31259082
  184   174    -0.03104733
  184   183     0.97114937
  184   185    -1.71335434
  184   194     1.58993502
  184   284     0.06067631
  185    85     1.39705975
  185   175    -1.00560121
  185   184    -1.71335434
  185   186    -0.53876447
  185   195    -1.26215237
  185   285    -1.56306906
  186    86    -0.43231221
  186   176     0.10853143
  186   185    -0.53876447
  186   187     1.70636450
  186   196    -0.05611760
  186   286     1.31733964
  187    87     2.09881684
  187   177     0.44091806
  187   186     1.70636450
  187   188     1.17187572
  187   197     0.92046849
  187   287     1.07715867
  188    88    -0.69775373
  188   178     0.80965451
  188   187     1.17187572
  188   189     0.11358417
  188   198    -0.60886259
  188   288    -0.31330875
  189    89     0.42466775
  189   179     0.77827552
  189   180     0.50940644
  189   188     0.11358417
  189   199     0.32228055
  189   289     0.85031950
  190    90    -1.95076515
  190   100     0.63002300
  190   180    -2.13487659
  190   191     0.17870806
  190   199    -1.11237560
  190   290    -0.51993877
  191    91     0.86783489
  191   101    -0.57764966
  191   181     0.06715927
  191   190     0.17870806
  191   192     0.84112415
  191   291    -0.31949131
  192    92    -1.60640640
  192   102     1.17167393
  192   182    -1.14789211
  192   191     0.84112415
  192   193    -1.02494239
  192   292    -0.71695179
  193    93     0.49705211
  193   103     0.31610888
  193   183     0.16050685
  193   192    -1.02494239
  193   194    -0.23141642
  193   293    -1.08872671
  194    94    -0.94203099
  194   104    -1.74747269
  194   184     1.58993502
  194   193    -0.23141642
  194   195     0.66755112
  194   294     1.23502443
  195    95     1.14597115
  195   105     2.89495571
  195   185    -1.26215237
  195   194     0.66755112
  195   196     0.07462886
  195   295     2.06050705
  196    96    -0.18185436
  196   106    -1.33426311
  196   186    -0.05611760
  196   195     0.07462886
  196   197    -0.44452833
  196   296    -0.41501259
  197    97    -0.70862708
  197   107     0.06136489
  197   187     0.92046849
  197   196    -0.44452833
  197   198    -1.86205576
  197   297    -1.40365186
  198    98    -1.17861271
  198   108     0.05029854
  198   188    -0.60886259
  198   197    -1.86205576
  198   199     0.47310339
  198   298    -1.04029957
  199    99    -0.12384278
  199   109     1.13577671
  199   189     0.32228055
  199   190    -1.11237560
  199   198     0.47310339
  199   299     0.57393267
  200   100     0.54601024
  200   201    -0.70115678
  200   209     0.28613271
  200   210     1.54327828
  200   290     0.11193372
  200   300     0.62998937
  201   101    -0.05869275
  201   200    -0.70115678
  201   202    -0.19777539
  201   211     0.97033911
  201   291     2.42184707
  201   301     0.79514907
  202   102    -0.45699656
  202   201    -0.19777539
  202   203     1.03398350
  202   212     0.28407470
  202   292     0.84937838
  202   302    -0.71527715
  203   103     0.36417869
  203   202     1.03398350
  203   204    -1.11976689
  203   213    -0.48910188
  203   293     1.16220849
  203   303    -0.38412722
  204   104     0.87980334
  204   203    -1.11976689
  204   205    -1.43224116
  204   214     0.09941421
  204   294    -0.54360858
  204   304    -0.31516536
  205   105    -0.29660665
  205   204    -1.43224116
  205   206     0.57761649
  205   215    -0.38297186
  205   295     0.16772310
  205   305     0.78170554
  206   106     0.52762669
  206   205     0.57761649
  206   207    -0.08225898
  206   216     0.68383917
  206   296     0.78370804
  206   306    -0.06668328
  207   107    -0.71592597
  207   206    -0.08225898
  207   208    -1.26833293
  207   217    -0.53911272
  207   297     0.12521914
  207   307    -0.45827624
  208   108    -0.61954285
  208   207    -1.26833293
  208   209     0.01432500
  208   218    -0.90542991
  208   298     0.74746137
  208   308    -0.35523364
  209   109     0.58038130
  209   200     0.28613271
  209   208     0.01432500
  209   219     0.71550805
  209   299    -2.49669404
  209   309     0.37689286
  210   110     1.79998085
  210   200     1.54327828
  210   211     0.84354264
  210   219     0.11572155
  210   220    -0.92672269
  210   310    -1.71174177
  211   111    -1.63993811
  211   201     0.97033911
  211   210     0.84354264
  211   212    -1.31384547
  211   221     2.44164003
  211   311    -0.40910726
  212   112     0.49028244
  212   202     0.28407470
  212   211    -1.31384547
  212   213     0.84497353
  212   222    -0.06926092
  212   312    -0.58960967
  213   113     2.40333692
  213   203    -0.48910188
  213   212     0.84497353
  213   214    -0.24223317
  213   223    -0.51737113
  213   313     0.00138725
  214   114     1.56439590
  214   204     0.09941421
  214   213    -0.24223317
  214   215     2.09856780
  214   224     0.16224353
  214   314    -0.46842877
  215   115     0.30697102
  215   205    -0.38297186
  215   214     2.09856780
  215   216    -0.99912008
  215   225     1.55993701
  215   315    -0.66611099
  216   116    -0.97819590
  216   206     0.68383917
  216   215    -0.99912008
  216   217    -0.31009909
  216   226    -1.09106863
  216   316     0.86672713
  217   117     1.34866056
  217   207    -0.53911272
  217   216    -0.31009909
  217   218     1.36201415
  217   227    -0.85228650
  217   317     1.43340862
  218   118     0.49010827
  218   208    -0.90542991
  218   217     1.36201415
  218   219     0.01735021
  218   228     1.03607592
  218   318    -0.19606051
  219   119    -0.10197792
  219   209     0.71550805
  219   210     0.11572155
  219   218     0.01735021
  219   229     0.61833628
  219   319    -0.90324459
  220   120    -0.45752428
  220   210    -0.92672269
  220   221    -0.77767044
  220   229    -0.73058604
  220   230    -1.10808298
  220   320     1.58519749
  221   121    -0.42146236
  221   211     2.44164003
  221   220    -0.77767044
  221   222     1.01105175
  221   231    -0.92832036
  221   321    -0.74588975
  222   122     0.62713232
  222   212    -0.06926092
  222   221     1.01105175
  222   223     0.28204829
  222   232     1.59185948
  222   322     0.41964548
  223   123    -0.93540119
  223   213    -0.51737113
  223   222     0.28204829
  223   224     1.25098916
  223   233     0.78167378
  223   323    -0.41269544
  224   124    -0.63025834
  224   214     0.16224353
  224   223     1.25098916
  224   225    -0.01703779
  224   234    -0.09165475
  224   324     1.25089537
  225   125     0.37799803
  225   215     1.55993701
  225   224    -0.01703779
  225   226     0.87765038
  225   235     0.35307838
  225   325    -0.24691338
  226   126    -0.00520689
  226   216    -1.09106863
  226   225     0.87765038
  226   227     0.00651937
  226   236     0.58262642
  226   326     1.35799681
  227   127     0.13923994
  227   217    -0.85228650
  227   226     0.00651937
  227   228     1.00685760
  227   237    -2.63484300
  227   327     1.07223654
  228   128     1.52383993
  228   218     1.03607592
  228   227     1.00685760
  228   229     0.12764446
  228   238    -0.68613998
  228   328    -1.37241270
  229   129    -0.73646964
  229   219     0.61833628
  229   220    -0.73058604
  229   228     0.12764446
  229   239     0.64047010
  229   329    -0.02485130
  230   130    -0.05728300
  230   220    -1.10808298
  230   231     1.02915415
  230   239    -1.42092053
  230   240    -0.89634826
  230   330    -2.19017179
  231   131     0.56786903
  231   221    -0.92832036
  231   230     1.02915415
  231   232    -0.18869075
  231   241    -1.74401486
  231   331     0.26410933
  232   132     1.11564174
  232   222     1.59185948
  232   231    -0.18869075
  232   233     0.03455810
  232   242    -1.12763583
  232   332    -0.18852214
  233   133     0.53006134
  233   223     0.78167378
  233   232     0.03455810
  233   234     0.80442243
  233   243    -1.69110080
  233   333    -1.41491837
  234   134     0.16191866
  234   224    -0.09165475
  234   233     0.80442243
  234   235    -0.85839799
  234   244    -0.16829287
  234   334     0.51839127
  235   135     0.70376981
  235   225     0.35307838
  235   234    -0.85839799
  235   236    -0.18951767
  235   245     0.56594341
  235   335     0.33200959
  236   136     0.69724329
  236   226     0.58262642
  236   235    -0.18951767
  236   237    -1.32152269
  236   246     1.84609421
  236   336    -0.49678311
  237   137    -1.15816148
  237   227    -2.63484300
  237   236    -1.32152269
  237   238    -0.70235927
  237   247    -0.45780803
  237   337     0.10949128
  238   138     0.70852799
  238   228    -0.68613998
  238   237    -0.70235927
  238   239    -0.91556283
  238   248    -0.65110416
  238   338    -0.35646740
  239   139     0.46138929
  239   229     0.64047010
  239   230    -1.42092053
  239   238    -0.91556283
  239   249    -1.87251062
  239   339     1.26332429
  240   140     0.15957069
  240   230    -0.89634826
  240   241     0.76339619
  240   249     1.61507841
  240   250     0.13419500
  240   340    -0.68137525
  241   141    -1.73882082
  241   231    -1.74401486
  241   240     0.76339619
  241   242     0.47356443
  241   251     1.02822341
  241   341     2.05418566
  242   142     0.61544092
  242   232    -1.12763583
  242   241     0.47356443
  242   243    -0.72603530
  242   252     0.03840881
  242   342    -1.48888312
  243   143     0.27279306
  243   233    -1.69110080
  243   242    -0.72603530
  243   244     1.81140533
  243   253    -2.49075254
  243   343    -1.02673379
  244   144     0.03831724
  244   234    -0.16829287
  244   243     1.81140533
  244   245    -0.15275570
  244   254     0.89971522
  244   344    -1.31795711
  245   145    -0.66649640
  245   235     0.56594341
  245   244    -0.15275570
  245   246     1.27931854
  245   255     0.22613362
  245   345    -0.92016709
  246   146     0.19925865
  246   236     1.84609421
