#Random lattice graph with connectivity C = 6
#Vertices:	Bonds:
#	1000		3000
    0     1    -1.46131701
    0     9     0.40492605
    0    10    -1.37763670
    0    90    -1.17300984
    0   100     0.05829302
    0   900    -1.69179054
    1     0    -1.46131701
    1     2     1.39999485
    1    11    -2.19329681
    1    91     2.06187421
    1   101    -0.05426745
    1   901    -1.09109350
    2     1     1.39999485
    2     3    -0.79464169
    2    12     0.21372163
    2    92    -0.12503321
    2   102    -1.19237421
    2   902    -1.23688827
    3     2    -0.79464169
    3     4    -0.22200579
    3    13    -1.21077720
    3    93     1.42632487
    3   103     0.19448628
    3   903    -0.12554574
    4     3    -0.22200579
    4     5     0.49963277
    4    14     0.45929304
    4    94     1.53671512
    4   104    -0.34228200
    4   904     0.61713280
    5     4     0.49963277
    5     6     1.46315215
    5    15    -0.19290060
    5    95     0.73166172
    5   105    -0.47232151
    5   905    -0.93592878
    6     5     1.46315215
    6     7     0.13006586
    6    16    -1.46895074
    6    96     1.17533508
    6   106     1.21196172
    6   906    -0.81446047
    7     6     0.13006586
    7     8     1.44240820
    7    17     0.86185705
    7    97    -0.98860418
    7   107     0.37799176
    7   907     0.05476162
    8     7     1.44240820
    8     9     0.30411179
    8    18     0.78186630
    8    98     0.58244940
    8   108    -1.08329913
    8   908     0.29129733
    9     0     0.40492605
    9     8     0.30411179
    9    19    -0.48356213
    9    99    -0.25879574
    9   109    -1.23110254
    9   909    -0.24304394
   10     0    -1.37763670
   10    11    -0.32656349
   10    19     1.31933385
   10    20     1.34331415
   10   110    -1.06203358
   10   910     0.99347898
   11     1    -2.19329681
   11    10    -0.32656349
   11    12    -0.37559142
   11    21     0.29165666
   11   111     0.65924587
   11   911    -0.15820089
   12     2     0.21372163
   12    11    -0.37559142
   12    13    -0.06318487
   12    22    -0.89278147
   12   112     0.74222512
   12   912    -0.86870723
   13     3    -1.21077720
   13    12    -0.06318487
   13    14    -0.10612510
   13    23     1.45361753
   13   113     0.19467505
   13   913     0.29717829
   14     4     0.45929304
   14    13    -0.10612510
   14    15     0.00171585
   14    24    -0.84354456
   14   114    -1.11684503
   14   914     0.46667861
   15     5    -0.19290060
   15    14     0.00171585
   15    16     0.63710428
   15    25    -1.95026755
   15   115    -0.43090181
   15   915    -1.81326913
   16     6    -1.46895074
   16    15     0.63710428
   16    17    -0.13020000
   16    26    -0.04425799
   16   116     1.93971899
   16   916    -0.45330336
   17     7     0.86185705
   17    16    -0.13020000
   17    18    -0.69358924
   17    27    -0.14090664
   17   117     0.13514284
   17   917     1.25490026
   18     8     0.78186630
   18    17    -0.69358924
   18    19    -2.22788073
   18    28    -0.72823833
   18   118    -0.56884692
   18   918    -0.14934630
   19     9    -0.48356213
   19    10     1.31933385
   19    18    -2.22788073
   19    29    -0.20822818
   19   119     0.06324340
   19   919    -0.92693274
   20    10     1.34331415
   20    21    -0.27508474
   20    29    -0.53407683
   20    30     0.07422727
   20   120    -0.96490678
   20   920    -1.06387705
   21    11     0.29165666
   21    20    -0.27508474
   21    22    -0.52240013
   21    31     0.07852712
   21   121     0.34057167
   21   921    -0.32418900
   22    12    -0.89278147
   22    21    -0.52240013
   22    23    -0.16141951
   22    32     0.61347826
   22   122    -0.87291521
   22   922    -0.88084351
   23    13     1.45361753
   23    22    -0.16141951
   23    24    -0.40598135
   23    33    -1.20055684
   23   123     0.01736806
   23   923     1.79737237
   24    14    -0.84354456
   24    23    -0.40598135
   24    25     0.78539975
   24    34    -1.00245689
   24   124     0.08727177
   24   924    -2.80650466
   25    15    -1.95026755
   25    24     0.78539975
   25    26     0.39599915
   25    35     0.76892841
   25   125     0.70387494
   25   925    -0.05718678
   26    16    -0.04425799
   26    25     0.39599915
   26    27     1.13342926
   26    36     0.08712292
   26   126    -1.70705544
   26   926     1.30203816
   27    17    -0.14090664
   27    26     1.13342926
   27    28    -0.41536034
   27    37     0.50134744
   27   127    -0.87904568
   27   927    -0.07192663
   28    18    -0.72823833
   28    27    -0.41536034
   28    29    -0.11411068
   28    38     0.58212149
   28   128     2.51167588
   28   928     0.18116327
   29    19    -0.20822818
   29    20    -0.53407683
   29    28    -0.11411068
   29    39     0.52062247
   29   129     1.19660078
   29   929    -0.31128173
   30    20     0.07422727
   30    31    -0.18590757
   30    39     1.62867759
   30    40     0.17528744
   30   130     1.26920638
   30   930    -1.38172683
   31    21     0.07852712
   31    30    -0.18590757
   31    32     0.67140316
   31    41     0.43521361
   31   131     0.35688820
   31   931     0.37506260
   32    22     0.61347826
   32    31     0.67140316
   32    33     0.55321770
   32    42    -1.44376107
   32   132    -0.50664197
   32   932    -0.10348548
   33    23    -1.20055684
   33    32     0.55321770
   33    34    -0.78449282
   33    43    -0.59559238
   33   133    -1.54134276
   33   933     0.16271513
   34    24    -1.00245689
   34    33    -0.78449282
   34    35    -0.78675741
   34    44    -0.20707175
   34   134    -0.17826838
   34   934    -0.57296743
   35    25     0.76892841
   35    34    -0.78675741
   35    36     0.34052801
   35    45     0.37680107
   35   135    -0.73603860
   35   935     0.00803937
   36    26     0.08712292
   36    35     0.34052801
   36    37     0.03403379
   36    46     0.53126017
   36   136     0.38949112
   36   936    -0.70767368
   37    27     0.50134744
   37    36     0.03403379
   37    38    -0.13445427
   37    47    -2.36631963
   37   137    -0.77688590
   37   937    -1.76719986
   38    28     0.58212149
   38    37    -0.13445427
   38    39     0.20042441
   38    48     1.66812525
   38   138    -0.04667721
   38   938     0.73940503
   39    29     0.52062247
   39    30     1.62867759
   39    38     0.20042441
   39    49    -0.04398149
   39   139    -0.24620111
   39   939     0.04429342
   40    30     0.17528744
   40    41    -1.00975988
   40    49     0.55094422
   40    50    -0.83895458
   40   140     0.71190260
   40   940    -0.37107164
   41    31     0.43521361
   41    40    -1.00975988
   41    42     0.11460860
   41    51    -0.77383254
   41   141    -0.18262761
   41   941    -0.86140947
   42    32    -1.44376107
   42    41     0.11460860
   42    43     1.94207346
   42    52    -1.08507334
   42   142     1.52904398
   42   942     0.60334955
   43    33    -0.59559238
   43    42     1.94207346
   43    44     0.65991876
   43    53     0.12249689
   43   143     0.09923858
   43   943     1.08958963
   44    34    -0.20707175
   44    43     0.65991876
   44    45    -0.21971173
   44    54    -0.67194447
   44   144     1.11519637
   44   944    -1.40978817
   45    35     0.37680107
   45    44    -0.21971173
   45    46    -2.39378753
   45    55     0.38932763
   45   145    -1.64334561
   45   945    -1.20546405
   46    36     0.53126017
   46    45    -2.39378753
   46    47     0.77142113
   46    56    -1.31803421
   46   146     0.22887600
   46   946     1.22512981
   47    37    -2.36631963
   47    46     0.77142113
   47    48     0.30622290
   47    57    -0.50887462
   47   147    -0.42060905
   47   947    -0.83888936
   48    38     1.66812525
   48    47     0.30622290
   48    49     0.38486428
   48    58     0.99463147
   48   148     0.84893856
   48   948     1.88053371
   49    39    -0.04398149
   49    40     0.55094422
   49    48     0.38486428
   49    59     0.65881863
   49   149    -0.49625510
   49   949    -0.96632836
   50    40    -0.83895458
   50    51     0.28350336
   50    59     0.82683850
   50    60     0.15638015
   50   150     0.78374332
   50   950     0.02495587
   51    41    -0.77383254
   51    50     0.28350336
   51    52    -0.14355367
   51    61    -0.23023371
   51   151     1.52915107
   51   951     0.86640862
   52    42    -1.08507334
   52    51    -0.14355367
   52    53     0.41422656
   52    62    -1.35994293
   52   152    -0.31383173
   52   952    -0.10228315
   53    43     0.12249689
   53    52     0.41422656
   53    54    -1.38893021
   53    63     0.08181366
   53   153    -0.23432683
   53   953    -0.13965109
   54    44    -0.67194447
   54    53    -1.38893021
   54    55     0.06361694
   54    64     1.18946442
   54   154     0.46069137
   54   954    -0.75558816
   55    45     0.38932763
   55    54     0.06361694
   55    56     0.56917942
   55    65     1.46218126
   55   155     1.22969296
   55   955    -0.39204443
   56    46    -1.31803421
   56    55     0.56917942
   56    57     1.29816349
   56    66    -0.00298758
   56   156     1.07174393
   56   956     0.58061730
   57    47    -0.50887462
   57    56     1.29816349
   57    58    -2.74701806
   57    67     2.00811020
   57   157     0.05601185
   57   957     0.91514935
   58    48     0.99463147
   58    57    -2.74701806
   58    59    -1.72162899
   58    68     0.88669427
   58   158     0.63843573
   58   958     0.44771131
   59    49     0.65881863
   59    50     0.82683850
   59    58    -1.72162899
   59    69     0.19751400
   59   159     0.90588994
   59   959    -0.71724199
   60    50     0.15638015
   60    61     1.02471046
   60    69    -0.29987779
   60    70     0.40084416
   60   160    -0.20418393
   60   960    -0.90680081
   61    51    -0.23023371
   61    60     1.02471046
   61    62     0.93249271
   61    71    -0.67221840
   61   161    -1.45373640
   61   961    -0.23777894
   62    52    -1.35994293
   62    61     0.93249271
   62    63     0.12795206
   62    72     1.82355682
   62   162    -0.92749138
   62   962     0.38195147
   63    53     0.08181366
   63    62     0.12795206
   63    64     1.52626270
   63    73    -1.45373053
   63   163    -1.34060764
   63   963     0.83859159
   64    54     1.18946442
   64    63     1.52626270
   64    65    -0.14484029
   64    74     1.39111821
   64   164    -1.56880538
   64   964    -0.33323670
   65    55     1.46218126
   65    64    -0.14484029
   65    66    -1.57624784
   65    75    -2.54427588
   65   165    -0.52587345
   65   965     0.75985027
   66    56    -0.00298758
   66    65    -1.57624784
   66    67     1.36643264
   66    76     0.32919620
   66   166    -1.63953061
   66   966    -0.07076580
   67    57     2.00811020
   67    66     1.36643264
   67    68    -0.17437296
   67    77     0.34858487
   67   167    -0.16181214
   67   967    -0.20895009
   68    58     0.88669427
   68    67    -0.17437296
   68    69     1.52532085
   68    78    -0.28265264
   68   168    -0.51108693
   68   968    -1.10277137
   69    59     0.19751400
   69    60    -0.29987779
   69    68     1.52532085
   69    79     0.07897073
   69   169     1.25268737
   69   969     0.05162098
   70    60     0.40084416
   70    71    -0.35379729
   70    79    -1.88707114
   70    80     0.78836179
   70   170     0.87977826
   70   970     3.04887757
   71    61    -0.67221840
   71    70    -0.35379729
   71    72     0.23277066
   71    81     1.30675502
   71   171     0.94664023
   71   971     0.00245458
   72    62     1.82355682
   72    71     0.23277066
   72    73     0.72349556
   72    82     0.64070584
   72   172    -0.40057052
   72   972     0.48851551
   73    63    -1.45373053
   73    72     0.72349556
   73    74     0.75105585
   73    83    -0.11221671
   73   173     0.23830846
   73   973    -1.73625468
   74    64     1.39111821
   74    73     0.75105585
   74    75    -1.67687931
   74    84     0.59315914
   74   174     0.76031825
   74   974    -0.81897679
   75    65    -2.54427588
   75    74    -1.67687931
   75    76     0.54717988
   75    85    -1.00035847
   75   175    -0.54439983
   75   975     0.50984552
   76    66     0.32919620
   76    75     0.54717988
   76    77     0.97586641
   76    86     0.28013287
   76   176    -1.60248419
   76   976    -1.13416191
   77    67     0.34858487
   77    76     0.97586641
   77    78     0.68495926
   77    87     0.12261639
   77   177    -0.49939409
   77   977    -1.36983808
   78    68    -0.28265264
   78    77     0.68495926
   78    79     0.00417938
   78    88    -0.04405395
   78   178     0.36188572
   78   978    -0.35429928
   79    69     0.07897073
   79    70    -1.88707114
   79    78     0.00417938
   79    89     0.40558923
   79   179     0.58709966
   79   979    -0.33583693
   80    70     0.78836179
   80    81    -2.65229947
   80    89    -1.50923366
   80    90     1.41064895
   80   180    -0.39289694
   80   980    -0.91678026
   81    71     1.30675502
   81    80    -2.65229947
   81    82    -0.74265081
   81    91    -1.04300944
   81   181    -0.54259831
   81   981    -0.98387522
   82    72     0.64070584
   82    81    -0.74265081
   82    83     1.12163622
   82    92    -0.89099617
   82   182     1.29920469
   82   982     1.76013704
   83    73    -0.11221671
   83    82     1.12163622
   83    84    -0.31694405
   83    93    -0.16512409
   83   183    -0.70358138
   83   983    -0.93832881
   84    74     0.59315914
   84    83    -0.31694405
   84    85    -0.55417227
   84    94    -1.17131383
   84   184     0.63177554
   84   984    -0.05660307
   85    75    -1.00035847
   85    84    -0.55417227
   85    86     1.23479175
   85    95    -0.88217349
   85   185    -0.70750381
   85   985    -0.28899087
   86    76     0.28013287
   86    85     1.23479175
   86    87    -0.66557962
   86    96     1.13325547
   86   186     0.56780228
   86   986    -0.37322887
   87    77     0.12261639
   87    86    -0.66557962
   87    88     0.48830271
   87    97     0.53672624
   87   187    -0.12918423
   87   987     0.32940435
   88    78    -0.04405395
   88    87     0.48830271
   88    89     0.98610289
   88    98     0.26592902
   88   188     0.05896284
   88   988    -0.43587058
   89    79     0.40558923
   89    80    -1.50923366
   89    88     0.98610289
   89    99    -0.77126345
   89   189    -0.45386817
   89   989    -1.69699592
   90     0    -1.17300984
   90    80     1.41064895
   90    91    -0.28890969
   90    99    -0.39760563
   90   190     0.34814681
   90   990     0.34523077
   91     1     2.06187421
   91    81    -1.04300944
   91    90    -0.28890969
   91    92    -0.97963757
   91   191    -0.44394502
   91   991    -0.30444429
   92     2    -0.12503321
   92    82    -0.89099617
   92    91    -0.97963757
   92    93    -1.65424473
   92   192    -1.19713363
   92   992    -0.65984033
   93     3     1.42632487
   93    83    -0.16512409
   93    92    -1.65424473
   93    94    -0.42433612
   93   193     0.24936883
   93   993     0.56731800
   94     4     1.53671512
   94    84    -1.17131383
   94    93    -0.42433612
   94    95     0.42623656
   94   194    -0.89612454
   94   994     1.08361077
   95     5     0.73166172
   95    85    -0.88217349
   95    94     0.42623656
   95    96    -0.00224325
   95   195    -0.41796093
   95   995    -0.73298801
   96     6     1.17533508
   96    86     1.13325547
   96    95    -0.00224325
   96    97    -0.28536882
   96   196    -0.74742892
   96   996     1.15838402
   97     7    -0.98860418
   97    87     0.53672624
   97    96    -0.28536882
   97    98     1.01290231
   97   197    -0.82865032
   97   997    -0.24128554
   98     8     0.58244940
   98    88     0.26592902
   98    97     1.01290231
   98    99    -1.18734881
   98   198    -1.46852066
   98   998     2.44934550
   99     9    -0.25879574
   99    89    -0.77126345
   99    90    -0.39760563
   99    98    -1.18734881
   99   199     0.32027443
   99   999    -2.17796453
  100     0     0.05829302
  100   101     0.30397717
  100   109    -0.05015741
  100   110    -0.98726880
  100   190     1.80112260
  100   200     0.34299063
  101     1    -0.05426745
  101   100     0.30397717
  101   102     0.77274640
  101   111    -0.47493480
  101   191    -1.44358904
  101   201    -1.01993100
  102     2    -1.19237421
  102   101     0.77274640
  102   103     0.04973843
  102   112     1.02851930
  102   192    -0.31102329
  102   202    -0.52527356
  103     3     0.19448628
  103   102     0.04973843
  103   104    -1.45651680
  103   113    -0.56172323
  103   193     0.42152183
  103   203    -0.04116054
  104     4    -0.34228200
  104   103    -1.45651680
  104   105    -1.82622624
  104   114    -1.34529504
  104   194     0.22600716
  104   204     1.10360869
  105     5    -0.47232151
  105   104    -1.82622624
  105   106    -0.24565444
  105   115    -0.95563434
  105   195     0.51259859
  105   205     0.84981794
  106     6     1.21196172
  106   105    -0.24565444
  106   107     3.61767183
  106   116    -2.10237697
  106   196     0.69344071
  106   206     1.49326721
  107     7     0.37799176
  107   106     3.61767183
  107   108     0.88315930
  107   117     2.15810602
  107   197     1.26130102
  107   207    -0.50664119
  108     8    -1.08329913
  108   107     0.88315930
  108   109    -2.04385130
  108   118    -0.99981773
  108   198    -0.00388556
  108   208    -0.98241890
  109     9    -1.23110254
  109   100    -0.05015741
  109   108    -2.04385130
  109   119    -1.77955450
  109   199     1.15032735
  109   209     0.08630344
  110    10    -1.06203358
  110   100    -0.98726880
  110   111     0.33271526
  110   119     0.01665667
  110   120     1.27987929
  110   210     0.67275844
  111    11     0.65924587
  111   101    -0.47493480
  111   110     0.33271526
  111   112    -0.66489865
  111   121     1.72685815
  111   211    -1.57433685
  112    12     0.74222512
  112   102     1.02851930
  112   111    -0.66489865
  112   113    -0.71142744
  112   122     0.26437403
  112   212     0.06389307
  113    13     0.19467505
  113   103    -0.56172323
  113   112    -0.71142744
  113   114    -0.16035346
  113   123     1.05728878
  113   213    -1.09478579
  114    14    -1.11684503
  114   104    -1.34529504
  114   113    -0.16035346
  114   115     0.76036851
  114   124     0.60049664
  114   214    -0.40372609
  115    15    -0.43090181
  115   105    -0.95563434
  115   114     0.76036851
  115   116     1.32688588
  115   125     0.95311088
  115   215    -0.91189396
  116    16     1.93971899
  116   106    -2.10237697
  116   115     1.32688588
  116   117     0.02073526
  116   126     0.43163324
  116   216    -0.12072086
  117    17     0.13514284
  117   107     2.15810602
  117   116     0.02073526
  117   118    -0.20137228
  117   127    -1.68419613
  117   217     1.43538154
  118    18    -0.56884692
  118   108    -0.99981773
  118   117    -0.20137228
  118   119     1.74952011
  118   128    -0.15578008
  118   218     1.31708775
  119    19     0.06324340
  119   109    -1.77955450
  119   110     0.01665667
  119   118     1.74952011
  119   129     0.64699727
  119   219     0.15127921
  120    20    -0.96490678
  120   110     1.27987929
  120   121     1.24033870
  120   129    -0.76828264
  120   130     0.83850412
  120   220    -1.06003955
  121    21     0.34057167
  121   111     1.72685815
  121   120     1.24033870
  121   122     0.83817699
  121   131     0.28171082
  121   221     1.05680366
  122    22    -0.87291521
  122   112     0.26437403
  122   121     0.83817699
  122   123    -1.03126423
  122   132     0.29665286
  122   222     1.50203446
  123    23     0.01736806
  123   113     1.05728878
  123   122    -1.03126423
  123   124    -0.66504515
  123   133     0.83398875
  123   223    -0.21412471
  124    24     0.08727177
  124   114     0.60049664
  124   123    -0.66504515
  124   125     0.19789221
  124   134    -0.04900398
  124   224     1.62531738
  125    25     0.70387494
  125   115     0.95311088
  125   124     0.19789221
  125   126    -0.02433174
  125   135    -1.10874802
  125   225    -1.20940668
  126    26    -1.70705544
  126   116     0.43163324
  126   125    -0.02433174
  126   127    -0.31765854
  126   136    -0.41923622
  126   226     2.58760568
  127    27    -0.87904568
  127   117    -1.68419613
  127   126    -0.31765854
  127   128    -0.40052228
  127   137     0.37532486
  127   227    -0.61242788
  128    28     2.51167588
  128   118    -0.15578008
  128   127    -0.40052228
  128   129    -0.11580498
  128   138    -1.65262027
  128   228    -1.34205150
  129    29     1.19660078
  129   119     0.64699727
  129   120    -0.76828264
  129   128    -0.11580498
  129   139     0.83373188
  129   229    -1.90709850
  130    30     1.26920638
  130   120     0.83850412
  130   131    -0.10104095
  130   139     0.83703811
  130   140    -1.21270873
  130   230    -0.82652548
  131    31     0.35688820
  131   121     0.28171082
  131   130    -0.10104095
  131   132    -1.23335150
  131   141     0.03618646
  131   231     2.48629077
  132    32    -0.50664197
  132   122     0.29665286
  132   131    -1.23335150
  132   133     0.37147864
  132   142     0.72082338
  132   232    -0.07495000
  133    33    -1.54134276
  133   123     0.83398875
  133   132     0.37147864
  133   134    -0.94009422
  133   143    -0.10528213
  133   233     0.06614101
  134    34    -0.17826838
  134   124    -0.04900398
  134   133    -0.94009422
  134   135     0.43010529
  134   144    -0.91987103
  134   234     0.36292757
  135    35    -0.73603860
  135   125    -1.10874802
  135   134     0.43010529
  135   136    -0.14642236
  135   145     0.71966398
  135   235    -0.06374869
  136    36     0.38949112
  136   126    -0.41923622
  136   135    -0.14642236
  136   137    -0.66760985
  136   146    -0.47370637
  136   236    -0.17368928
  137    37    -0.77688590
  137   127     0.37532486
  137   136    -0.66760985
  137   138     0.76031639
  137   147     0.65661362
  137   237     0.06871870
  138    38    -0.04667721
  138   128    -1.65262027
  138   137     0.76031639
  138   139    -0.62925800
  138   148     0.25170941
  138   238     1.01507041
  139    39    -0.24620111
  139   129     0.83373188
  139   130     0.83703811
  139   138    -0.62925800
  139   149     1.04326249
  139   239     0.75488594
  140    40     0.71190260
  140   130    -1.21270873
  140   141     0.19027337
  140   149     1.31552818
  140   150     0.23312717
  140   240     0.50040184
  141    41    -0.18262761
  141   131     0.03618646
  141   140     0.19027337
  141   142     2.74522297
  141   151     0.83524216
  141   241     1.42639983
  142    42     1.52904398
  142   132     0.72082338
  142   141     2.74522297
  142   143    -0.79140899
  142   152     0.06352644
  142   242     0.16780145
  143    43     0.09923858
  143   133    -0.10528213
  143   142    -0.79140899
  143   144    -0.69192180
  143   153     0.03842577
  143   243     0.79430247
  144    44     1.11519637
  144   134    -0.91987103
  144   143    -0.69192180
  144   145    -0.43521777
  144   154    -0.99040520
  144   244    -0.10176111
  145    45    -1.64334561
  145   135     0.71966398
  145   144    -0.43521777
  145   146     0.67646740
  145   155    -2.11464192
  145   245    -0.99947392
  146    46     0.22887600
  146   136    -0.47370637
  146   145     0.67646740
  146   147     0.20512978
  146   156     1.84465447
  146   246    -1.29815933
  147    47    -0.42060905
  147   137     0.65661362
  147   146     0.20512978
  147   148    -1.14646757
  147   157    -1.49866099
  147   247     0.41121754
  148    48     0.84893856
  148   138     0.25170941
  148   147    -1.14646757
  148   149    -2.21372010
  148   158     1.40128136
  148   248    -0.50138915
  149    49    -0.49625510
  149   139     1.04326249
  149   140     1.31552818
  149   148    -2.21372010
  149   159     0.14855352
  149   249     1.55323276
  150    50     0.78374332
  150   140     0.23312717
  150   151     1.52070207
  150   159    -0.30383827
  150   160    -0.25208017
  150   250    -1.83163704
  151    51     1.52915107
  151   141     0.83524216
  151   150     1.52070207
  151   152     0.22332587
  151   161     1.46846901
  151   251    -0.54141888
  152    52    -0.31383173
  152   142     0.06352644
  152   151     0.22332587
  152   153     0.79476135
  152   162    -0.67398045
  152   252     0.01077126
  153    53    -0.23432683
  153   143     0.03842577
  153   152     0.79476135
  153   154     1.45013576
  153   163    -1.32277355
  153   253    -1.62725378
  154    54     0.46069137
  154   144    -0.99040520
  154   153     1.45013576
  154   155     1.63779536
  154   164     0.25787435
  154   254     0.94909456
  155    55     1.22969296
  155   145    -2.11464192
  155   154     1.63779536
  155   156     0.39580581
  155   165     0.82913651
  155   255     0.56242542
  156    56     1.07174393
  156   146     1.84465447
  156   155     0.39580581
  156   157    -0.24090000
  156   166     1.90800798
  156   256     0.32272124
  157    57     0.05601185
  157   147    -1.49866099
  157   156    -0.24090000
  157   158     0.62450140
  157   167    -1.84285623
  157   257    -0.04540917
  158    58     0.63843573
  158   148     1.40128136
  158   157     0.62450140
  158   159     0.38227649
  158   168    -0.52921829
  158   258    -2.13897880
  159    59     0.90588994
  159   149     0.14855352
  159   150    -0.30383827
  159   158     0.38227649
  159   169     0.87097634
  159   259    -0.44922012
  160    60    -0.20418393
  160   150    -0.25208017
  160   161     0.27681399
  160   169     1.73933436
  160   170     1.43956732
  160   260    -1.04401211
  161    61    -1.45373640
  161   151     1.46846901
  161   160     0.27681399
  161   162    -0.08207279
  161   171     0.61050980
  161   261    -1.66915310
  162    62    -0.92749138
  162   152    -0.67398045
  162   161    -0.08207279
  162   163    -1.28671242
  162   172     0.59761978
  162   262    -0.49962508
  163    63    -1.34060764
  163   153    -1.32277355
  163   162    -1.28671242
  163   164    -1.10860890
  163   173    -0.66544350
  163   263    -0.22939196
  164    64    -1.56880538
  164   154     0.25787435
  164   163    -1.10860890
  164   165     0.19457320
  164   174     0.23258034
  164   264    -2.11517251
  165    65    -0.52587345
  165   155     0.82913651
  165   164     0.19457320
  165   166     1.05667117
  165   175    -0.89261437
  165   265    -0.30841280
  166    66    -1.63953061
  166   156     1.90800798
  166   165     1.05667117
  166   167     0.21600337
  166   176    -0.89475842
  166   266     0.01301415
  167    67    -0.16181214
  167   157    -1.84285623
  167   166     0.21600337
  167   168    -1.17714371
  167   177     0.01686721
  167   267    -0.28666594
  168    68    -0.51108693
  168   158    -0.52921829
  168   167    -1.17714371
  168   169     0.59656240
  168   178    -0.84266970
  168   268    -0.95690477
  169    69     1.25268737
  169   159     0.87097634
  169   160     1.73933436
  169   168     0.59656240
  169   179    -0.35632467
  169   269     1.27961359
  170    70     0.87977826
  170   160     1.43956732
  170   171     0.13074704
  170   179    -0.35431633
  170   180     0.86762956
  170   270     1.24593893
  171    71     0.94664023
  171   161     0.61050980
  171   170     0.13074704
  171   172    -0.98938224
  171   181    -1.20201158
  171   271    -1.06721901
  172    72    -0.40057052
  172   162     0.59761978
  172   171    -0.98938224
  172   173    -1.48385294
  172   182     0.76505207
  172   272     0.59135571
  173    73     0.23830846
  173   163    -0.66544350
  173   172    -1.48385294
  173   174    -0.22491271
  173   183     0.94243236
  173   273     0.19975424
  174    74     0.76031825
  174   164     0.23258034
  174   173    -0.22491271
  174   175    -1.99817070
  174   184     0.66563543
  174   274    -0.70184570
  175    75    -0.54439983
  175   165    -0.89261437
  175   174    -1.99817070
  175   176    -1.21631337
  175   185     1.80520036
  175   275     0.32098603
  176    76    -1.60248419
  176   166    -0.89475842
  176   175    -1.21631337
  176   177     0.55458158
  176   186    -0.44748257
  176   276    -0.45038545
  177    77    -0.49939409
  177   167     0.01686721
  177   176     0.55458158
  177   178    -1.23991423
  177   187    -2.21543483
  177   277     0.21412240
  178    78     0.36188572
  178   168    -0.84266970
  178   177    -1.23991423
  178   179     0.96176267
  178   188     0.18384211
  178   278    -0.83920974
  179    79     0.58709966
  179   169    -0.35632467
  179   170    -0.35431633
  179   178     0.96176267
  179   189    -0.86796382
  179   279     0.29634642
  180    80    -0.39289694
  180   170     0.86762956
  180   181    -0.53866131
  180   189     1.56251079
  180   190    -0.02730484
  180   280    -1.03844725
  181    81    -0.54259831
  181   171    -1.20201158
  181   180    -0.53866131
  181   182    -2.14320889
  181   191     0.56077256
  181   281     0.44616923
  182    82     1.29920469
  182   172     0.76505207
  182   181    -2.14320889
  182   183    -1.51392873
  182   192     0.75053607
  182   282     0.40500027
  183    83    -0.70358138
  183   173     0.94243236
  183   182    -1.51392873
  183   184    -0.88973259
  183   193    -1.92410814
  183   283     0.01340700
  184    84     0.63177554
  184   174     0.66563543
  184   183    -0.88973259
  184   185    -1.11443226
  184   194    -2.08998853
  184   284    -0.56065777
  185    85    -0.70750381
  185   175     1.80520036
  185   184    -1.11443226
  185   186     0.18404914
  185   195    -0.49273004
  185   285    -0.71782516
  186    86     0.56780228
  186   176    -0.44748257
  186   185     0.18404914
  186   187    -0.53256017
  186   196     1.16995612
  186   286    -0.74237840
  187    87    -0.12918423
  187   177    -2.21543483
  187   186    -0.53256017
  187   188     1.56524331
  187   197    -0.60162265
  187   287    -1.19911892
  188    88     0.05896284
  188   178     0.18384211
  188   187     1.56524331
  188   189    -1.53803219
  188   198     1.37339705
  188   288     0.46841653
  189    89    -0.45386817
  189   179    -0.86796382
  189   180     1.56251079
  189   188    -1.53803219
  189   199     0.24303132
  189   289     0.67095909
  190    90     0.34814681
  190   100     1.80112260
  190   180    -0.02730484
  190   191    -0.39261955
  190   199     1.17784825
  190   290    -0.85455314
  191    91    -0.44394502
  191   101    -1.44358904
  191   181     0.56077256
  191   190    -0.39261955
  191   192     2.12241432
  191   291     2.16143604
  192    92    -1.19713363
  192   102    -0.31102329
  192   182     0.75053607
  192   191     2.12241432
  192   193     1.23515179
  192   292     1.39759377
  193    93     0.24936883
  193   103     0.42152183
  193   183    -1.92410814
  193   192     1.23515179
  193   194    -0.17718952
  193   293    -1.04008099
  194    94    -0.89612454
  194   104     0.22600716
  194   184    -2.08998853
  194   193    -0.17718952
  194   195     0.13554270
  194   294     0.60842692
  195    95    -0.41796093
  195   105     0.51259859
  195   185    -0.49273004
  195   194     0.13554270
  195   196    -0.96798206
  195   295    -2.86750728
  196    96    -0.74742892
  196   106     0.69344071
  196   186     1.16995612
  196   195    -0.96798206
  196   197     1.34817087
  196   296     0.51679605
  197    97    -0.82865032
  197   107     1.26130102
  197   187    -0.60162265
  197   196     1.34817087
  197   198     0.03778935
  197   297     0.08373263
  198    98    -1.46852066
  198   108    -0.00388556
  198   188     1.37339705
  198   197     0.03778935
  198   199     0.66137533
  198   298     1.07176592
  199    99     0.32027443
  199   109     1.15032735
  199   189     0.24303132
  199   190     1.17784825
  199   198     0.66137533
  199   299    -1.17213062
  200   100     0.34299063
  200   201     0.41848984
  200   209     2.10461830
  200   210     0.41029163
  200   290    -2.16161708
  200   300    -0.87008589
  201   101    -1.01993100
  201   200     0.41848984
  201   202     2.01215546
  201   211    -1.28479487
  201   291    -0.10822396
  201   301     1.57476730
  202   102    -0.52527356
  202   201     2.01215546
  202   203     0.04934770
  202   212     1.19030943
  202   292     0.75490519
  202   302     0.08957764
  203   103    -0.04116054
  203   202     0.04934770
  203   204     1.71609891
  203   213    -1.71461088
  203   293     0.47711412
  203   303    -0.72438156
  204   104     1.10360869
  204   203     1.71609891
  204   205     1.72405629
  204   214    -0.22165768
  204   294    -1.18579411
  204   304    -0.33307333
  205   105     0.84981794
  205   204     1.72405629
  205   206    -0.90080264
  205   215    -1.22309806
  205   295     0.72827253
  205   305    -0.03683597
  206   106     1.49326721
  206   205    -0.90080264
  206   207    -0.28985861
  206   216    -0.73274649
  206   296     1.02672724
  206   306     0.67433753
  207   107    -0.50664119
  207   206    -0.28985861
  207   208    -0.76757637
  207   217    -0.73329183
  207   297    -1.22128010
  207   307     0.20713095
  208   108    -0.98241890
  208   207    -0.76757637
  208   209     1.43586773
  208   218     0.71469626
  208   298    -1.53848576
  208   308    -0.30827542
  209   109     0.08630344
  209   200     2.10461830
  209   208     1.43586773
  209   219     0.82133383
  209   299    -0.01643094
  209   309    -0.41150458
  210   110     0.67275844
  210   200     0.41029163
  210   211    -1.20714970
  210   219     1.10129951
  210   220    -1.08071377
  210   310     0.44211727
  211   111    -1.57433685
  211   201    -1.28479487
  211   210    -1.20714970
  211   212     1.22272464
  211   221    -1.02872033
  211   311     2.21766828
  212   112     0.06389307
  212   202     1.19030943
  212   211     1.22272464
  212   213     0.50495338
  212   222    -0.00652538
  212   312     1.66543109
  213   113    -1.09478579
  213   203    -1.71461088
  213   212     0.50495338
  213   214    -0.97600254
  213   223    -0.86083857
  213   313    -1.25363968
  214   114    -0.40372609
  214   204    -0.22165768
  214   213    -0.97600254
  214   215     0.89539054
  214   224    -0.26655123
  214   314    -1.92624655
  215   115    -0.91189396
  215   205    -1.22309806
  215   214     0.89539054
  215   216    -1.19074894
  215   225    -0.69107935
  215   315     2.04211921
  216   116    -0.12072086
  216   206    -0.73274649
  216   215    -1.19074894
  216   217     1.44502538
  216   226     0.72375687
  216   316    -0.39439974
  217   117     1.43538154
  217   207    -0.73329183
  217   216     1.44502538
  217   218     0.14976998
  217   227    -0.41839395
  217   317    -0.85728035
  218   118     1.31708775
  218   208     0.71469626
  218   217     0.14976998
  218   219    -1.35306818
  218   228     1.72739359
  218   318     0.89915284
  219   119     0.15127921
  219   209     0.82133383
  219   210     1.10129951
  219   218    -1.35306818
  219   229    -0.24202192
  219   319     0.23909549
  220   120    -1.06003955
  220   210    -1.08071377
  220   221     1.06855115
  220   229     1.53155566
  220   230     0.46883253
  220   320    -0.91715998
  221   121     1.05680366
  221   211    -1.02872033
  221   220     1.06855115
  221   222     0.31089872
  221   231     1.94096156
  221   321     0.16377645
  222   122     1.50203446
  222   212    -0.00652538
  222   221     0.31089872
  222   223    -0.53531327
  222   232    -0.19866428
  222   322    -2.50590365
  223   123    -0.21412471
  223   213    -0.86083857
  223   222    -0.53531327
  223   224     0.91608915
  223   233    -0.13624149
  223   323     0.36740360
  224   124     1.62531738
  224   214    -0.26655123
  224   223     0.91608915
  224   225    -0.15054469
  224   234     0.72172916
  224   324     0.32582309
  225   125    -1.20940668
  225   215    -0.69107935
  225   224    -0.15054469
  225   226     2.04098272
  225   235    -0.17565695
  225   325    -0.37088923
  226   126     2.58760568
  226   216     0.72375687
  226   225     2.04098272
  226   227    -2.15371285
  226   236     0.12773502
  226   326    -1.14539419
  227   127    -0.61242788
  227   217    -0.41839395
  227   226    -2.15371285
  227   228     1.38458274
  227   237     0.09966153
  227   327     0.01267987
  228   128    -1.34205150
  228   218     1.72739359
  228   227     1.38458274
  228   229    -0.37060053
  228   238     0.10593362
  228   328     0.96054362
  229   129    -1.90709850
  229   219    -0.24202192
  229   220     1.53155566
  229   228    -0.37060053
  229   239    -1.22487331
  229   329     0.54873936
  230   130    -0.82652548
  230   220     0.46883253
  230   231     1.28698574
  230   239     1.75401787
  230   240     0.58790361
  230   330     0.54534129
  231   131     2.48629077
  231   221     1.94096156
  231   230     1.28698574
  231   232     0.28278808
  231   241     0.74146460
  231   331     0.17110899
  232   132    -0.07495000
  232   222    -0.19866428
  232   231     0.28278808
  232   233     1.21918341
  232   242    -1.29402719
  232   332    -0.63367899
  233   133     0.06614101
  233   223    -0.13624149
  233   232     1.21918341
  233   234     0.45749567
  233   243     0.95470577
  233   333    -0.79394984
  234   134     0.36292757
  234   224     0.72172916
  234   233     0.45749567
  234   235    -0.30987025
  234   244     1.26869505
  234   334    -0.11605062
  235   135    -0.06374869
  235   225    -0.17565695
  235   234    -0.30987025
  235   236    -1.17151180
  235   245    -0.05387879
  235   335    -0.03125475
  236   136    -0.17368928
  236   226     0.12773502
  236   235    -1.17151180
  236   237     0.04125576
  236   246     1.06513708
  236   336    -0.17532671
  237   137     0.06871870
  237   227     0.09966153
  237   236     0.04125576
  237   238    -1.30817102
  237   247     0.92875058
  237   337     0.18197987
  238   138     1.01507041
  238   228     0.10593362
  238   237    -1.30817102
  238   239    -0.15375445
  238   248     2.40617915
  238   338    -0.80129096
  239   139     0.75488594
  239   229    -1.22487331
  239   230     1.75401787
  239   238    -0.15375445
  239   249    -0.68608608
  239   339    -2.12179151
  240   140     0.50040184
  240   230     0.58790361
  240   241     0.08120182
  240   249     0.59066059
  240   250    -1.34731742
  240   340    -1.17623800
  241   141     1.42639983
  241   231     0.74146460
  241   240     0.08120182
  241   242    -0.14547150
  241   251    -0.87954605
  241   341    -0.66329327
  242   142     0.16780145
  242   232    -1.29402719
  242   241    -0.14547150
  242   243    -0.91959827
  242   252    -0.08136968
  242   342    -1.46346796
  243   143     0.79430247
  243   233     0.95470577
  243   242    -0.91959827
  243   244    -1.46363562
  243   253     0.72125915
  243   343    -2.00007293
  244   144    -0.10176111
  244   234     1.26869505
  244   243    -1.46363562
  244   245    -2.17898801
  244   254     0.66878063
  244   344     0.36588517
  245   145    -0.99947392
  245   235    -0.05387879
  245   244    -2.17898801
  245   246    -1.81573204
  245   255     0.96939186
  245   345     0.19460052
  246   146    -1.29815933
  246   236     1.06513708
